34.0	167.0	23.0	15.0
34.0	168.0	22.0	15.0
33.0	168.0	21.0	15.0
32.0	168.0	22.0	15.0
31.0	168.0	23.0	15.0
31.0	168.0	22.0	16.0
30.0	168.0	23.0	15.0
29.0	168.0	23.0	15.0
30.0	168.0	22.0	16.0
29.0	168.0	22.0	15.0
28.0	167.0	23.0	16.0
28.0	168.0	22.0	15.0
28.0	168.0	22.0	15.0
28.0	168.0	21.0	15.0
28.0	168.0	21.0	15.0
27.0	168.0	20.0	15.0
27.0	168.0	20.0	15.0
27.0	168.0	20.0	16.0
27.0	168.0	20.0	16.0
27.0	168.0	19.0	16.0
27.0	168.0	19.0	15.0
26.0	168.0	19.0	15.0
27.0	168.0	18.0	15.0
27.0	168.0	18.0	16.0
26.0	168.0	19.0	16.0
27.0	169.0	18.0	15.0
26.0	169.0	19.0	15.0
26.0	168.0	19.0	16.0
27.0	169.0	18.0	15.0
26.0	169.0	19.0	15.0
27.0	169.0	18.0	15.0
27.0	169.0	18.0	15.0
27.0	169.0	18.0	15.0
27.0	169.0	18.0	15.0
27.0	169.0	19.0	15.0
27.0	169.0	19.0	15.0
27.0	169.0	19.0	15.0
27.0	169.0	19.0	15.0
27.0	169.0	19.0	15.0
27.0	169.0	20.0	15.0
28.0	168.0	19.0	16.0
27.0	168.0	20.0	16.0
28.0	168.0	20.0	17.0
28.0	169.0	20.0	16.0
28.0	169.0	20.0	16.0
28.0	168.0	21.0	17.0
28.0	169.0	21.0	16.0
28.0	168.0	22.0	17.0
28.0	168.0	22.0	17.0
28.0	168.0	22.0	17.0
28.0	168.0	22.0	17.0
29.0	168.0	22.0	17.0
29.0	168.0	22.0	17.0
30.0	168.0	21.0	17.0
30.0	168.0	21.0	17.0
30.0	168.0	22.0	17.0
31.0	168.0	21.0	17.0
32.0	169.0	20.0	17.0
31.0	168.0	22.0	18.0
31.0	168.0	22.0	18.0
31.0	168.0	23.0	18.0
31.0	168.0	23.0	18.0
32.0	168.0	23.0	18.0
33.0	168.0	22.0	18.0
33.0	168.0	23.0	18.0
33.0	168.0	23.0	18.0
34.0	167.0	23.0	19.0
34.0	167.0	24.0	19.0
35.0	167.0	24.0	19.0
34.0	167.0	24.0	19.0
35.0	167.0	24.0	19.0
37.0	167.0	23.0	19.0
37.0	167.0	23.0	19.0
37.0	167.0	24.0	19.0
37.0	167.0	25.0	19.0
38.0	168.0	25.0	18.0
39.0	167.0	24.0	20.0
39.0	167.0	24.0	20.0
39.0	168.0	25.0	19.0
38.0	167.0	27.0	20.0
40.0	167.0	26.0	20.0
40.0	167.0	26.0	20.0
40.0	167.0	27.0	20.0
41.0	167.0	27.0	20.0
41.0	167.0	27.0	20.0
42.0	167.0	27.0	20.0
44.0	168.0	26.0	19.0
43.0	168.0	27.0	20.0
44.0	167.0	27.0	20.0
44.0	168.0	29.0	20.0
45.0	168.0	28.0	20.0
45.0	168.0	29.0	20.0
47.0	168.0	28.0	20.0
47.0	168.0	28.0	20.0
48.0	167.0	28.0	21.0
48.0	168.0	29.0	21.0
49.0	167.0	29.0	22.0
50.0	166.0	29.0	23.0
51.0	167.0	29.0	22.0
51.0	167.0	30.0	22.0
51.0	167.0	31.0	22.0
52.0	167.0	30.0	22.0
53.0	167.0	31.0	22.0
54.0	166.0	31.0	23.0
55.0	166.0	31.0	23.0
56.0	166.0	32.0	24.0
56.0	167.0	32.0	23.0
57.0	167.0	32.0	23.0
58.0	166.0	33.0	24.0
59.0	167.0	33.0	23.0
59.0	167.0	34.0	23.0
60.0	166.0	34.0	25.0
61.0	167.0	34.0	24.0
62.0	166.0	35.0	25.0
63.0	166.0	35.0	25.0
65.0	167.0	35.0	24.0
65.0	166.0	35.0	25.0
66.0	167.0	36.0	25.0
68.0	167.0	35.0	25.0
68.0	166.0	37.0	26.0
70.0	166.0	36.0	26.0
71.0	166.0	37.0	26.0
72.0	166.0	37.0	26.0
73.0	166.0	38.0	26.0
74.0	166.0	39.0	26.0
75.0	166.0	39.0	26.0
77.0	166.0	38.0	27.0
78.0	166.0	39.0	27.0
79.0	166.0	40.0	27.0
81.0	166.0	39.0	27.0
82.0	166.0	41.0	28.0
83.0	166.0	41.0	27.0
84.0	166.0	41.0	28.0
86.0	165.0	41.0	29.0
87.0	165.0	42.0	29.0
88.0	166.0	42.0	29.0
90.0	166.0	43.0	29.0
92.0	166.0	43.0	29.0
93.0	166.0	44.0	29.0
94.0	166.0	44.0	29.0
96.0	166.0	45.0	30.0
97.0	165.0	45.0	31.0
98.0	166.0	46.0	30.0
100.0	166.0	46.0	30.0
102.0	166.0	47.0	30.0
104.0	166.0	47.0	30.0
105.0	166.0	48.0	31.0
106.0	166.0	49.0	31.0
108.0	166.0	50.0	31.0
110.0	165.0	50.0	33.0
113.0	166.0	50.0	32.0
114.0	165.0	51.0	33.0
117.0	166.0	51.0	32.0
117.0	165.0	52.0	34.0
120.0	166.0	53.0	33.0
121.0	165.0	54.0	35.0
123.0	165.0	54.0	35.0
126.0	165.0	53.0	35.0
127.0	166.0	56.0	35.0
129.0	165.0	56.0	36.0
131.0	165.0	58.0	36.0
133.0	165.0	58.0	37.0
136.0	166.0	57.0	36.0
138.0	165.0	59.0	37.0
140.0	165.0	60.0	37.0
143.0	165.0	60.0	38.0
145.0	165.0	61.0	38.0
147.0	165.0	62.0	38.0
150.0	164.0	63.0	40.0
152.0	165.0	65.0	39.0
155.0	165.0	66.0	39.0
157.0	165.0	66.0	40.0
160.0	165.0	67.0	40.0
164.0	165.0	67.0	41.0
166.0	165.0	69.0	41.0
170.0	165.0	69.0	42.0
172.0	165.0	71.0	42.0
174.0	165.0	73.0	43.0
178.0	165.0	73.0	43.0
181.0	165.0	75.0	43.0
184.0	164.0	78.0	45.0
187.0	164.0	78.0	46.0
191.0	165.0	78.0	45.0
195.0	165.0	80.0	46.0
198.0	165.0	84.0	47.0
201.0	165.0	85.0	47.0
205.0	165.0	85.0	48.0
209.0	165.0	88.0	48.0
212.0	164.0	89.0	50.0
217.0	165.0	89.0	50.0
221.0	164.0	92.0	52.0
224.0	164.0	94.0	52.0
228.0	165.0	97.0	52.0
232.0	165.0	100.0	53.0
236.0	165.0	102.0	53.0
241.0	165.0	104.0	54.0
244.0	164.0	109.0	56.0
251.0	164.0	108.0	57.0
256.0	164.0	111.0	58.0
261.0	164.0	115.0	59.0
267.0	164.0	116.0	61.0
273.0	164.0	118.0	62.0
279.0	164.0	122.0	62.0
285.0	163.0	124.0	65.0
291.0	164.0	129.0	65.0
297.0	164.0	133.0	65.0
304.0	163.0	136.0	68.0
309.0	164.0	143.0	69.0
318.0	164.0	145.0	70.0
325.0	164.0	148.0	71.0
334.0	164.0	152.0	72.0
341.0	164.0	151.0	74.0
351.0	164.0	140.0	75.0
359.0	163.0	134.0	79.0
