132.0	177.0	14.0	11.0
130.0	176.0	19.0	15.0
130.0	176.0	19.0	15.0
129.0	176.0	20.0	15.0
128.0	175.0	21.0	17.0
129.0	175.0	20.0	16.0
129.0	175.0	18.0	14.0
127.0	175.0	22.0	16.0
128.0	175.0	21.0	16.0
130.0	176.0	18.0	14.0
128.0	175.0	22.0	15.0
127.79196166992188	174.2710418701172	21.93926429748535	16.08675765991211
127.32323455810547	173.63160705566406	21.934650421142578	17.04231071472168
127.17434692382812	172.96530151367188	21.9868221282959	18.089275360107422
127.02865600585938	172.36856079101562	21.90691566467285	18.993417739868164
126.86318969726562	171.83602905273438	21.769027709960938	19.853771209716797
126.6479263305664	171.30284118652344	21.55811882019043	20.689777374267578
126.37950134277344	170.75091552734375	21.26019287109375	21.521085739135742
126.05699157714844	170.14312744140625	20.87775421142578	22.381032943725586
125.68354797363281	169.45162963867188	20.404863357543945	23.294160842895508
125.25911712646484	168.64727783203125	19.83856201171875	24.283872604370117
124.78836059570312	167.7060089111328	19.177152633666992	25.369184494018555
124.28382873535156	166.6136474609375	18.420570373535156	26.559885025024414
123.7710952758789	165.37623596191406	17.57000160217285	27.8497371673584
123.28707885742188	164.03018188476562	16.627044677734375	29.210445404052734
122.86528015136719	162.6458740234375	15.593411445617676	30.59194564819336
122.50664520263672	161.3163604736328	14.47253704071045	31.93461799621582
122.15045928955078	160.13282775878906	13.27071762084961	33.18858337402344
121.66844177246094	159.16278076171875	11.994620323181152	34.32621383666992
120.88919067382812	158.4434051513672	10.650846481323242	35.33982849121094
119.64112854003906	157.98480224609375	9.25753402709961	36.22749710083008
117.78352355957031	157.7628936767578	7.834936141967773	36.981475830078125
115.04472351074219	157.6640625	6.0695343017578125	37.63594055175781
118.47343444824219	157.13275146484375	10.0	38.225399017333984
118.53934478759766	158.02529907226562	10.0	37.29497528076172
118.9586181640625	158.9137420654297	10.111783027648926	37.39491271972656
118.31971740722656	159.05262756347656	10.027944564819336	36.48939514160156
118.19877624511719	158.49563598632812	10.095351219177246	36.641014099121094
118.2059097290039	158.7035369873047	10.135824203491211	36.69257354736328
117.9946060180664	158.95083618164062	10.161603927612305	36.6171989440918
117.72502136230469	157.9332275390625	10.081880569458008	36.130428314208984
118.12910461425781	157.46835327148438	10.120834350585938	36.0751953125
117.71333312988281	158.16427612304688	10.158357620239258	35.88020706176758
99.0	173.0	19.0	14.0
99.0	173.0	19.0	14.0
99.0	172.0	20.0	15.0
99.0	172.0	20.0	15.0
100.0	172.0	19.0	15.0
101.0	173.0	20.0	14.0
102.0	173.0	19.0	15.0
102.0	173.0	20.0	15.0
103.0	173.0	19.0	15.0
103.0	173.0	19.0	15.0
104.0	172.0	20.0	17.0
106.0	173.0	18.0	15.0
107.0	173.0	18.0	16.0
106.0	172.0	20.0	17.0
106.0	172.0	21.0	17.0
106.0	171.0	22.0	18.0
108.0	172.0	21.0	17.0
108.0	172.0	22.0	18.0
108.0	171.0	24.0	20.0
109.0	171.0	23.0	19.0
110.0	171.0	25.0	20.0
110.0	170.0	25.0	21.0
110.0	171.0	26.0	21.0
112.0	171.0	25.0	22.0
113.0	170.0	25.0	22.0
113.0	170.0	26.0	23.0
115.0	170.0	26.0	22.0
115.0	170.0	27.0	22.0
115.0	170.0	28.0	23.0
116.0	170.0	28.0	24.0
117.0	170.0	31.0	25.0
119.0	170.0	29.0	24.0
120.0	170.0	30.0	25.0
122.0	170.0	30.0	24.0
123.0	171.0	30.0	24.0
124.0	169.0	31.0	26.0
124.0	170.0	33.0	25.0
125.0	170.0	34.0	26.0
126.0	170.0	35.0	26.0
128.0	169.0	35.0	27.0
128.0	169.0	38.0	28.0
131.0	169.0	37.0	28.0
131.0	169.0	39.0	29.0
133.0	170.0	39.0	27.0
134.0	169.0	41.0	29.0
136.0	170.0	42.0	28.0
139.0	169.0	42.0	30.0
140.0	169.0	42.0	30.0
142.0	170.0	43.0	29.0
144.0	170.0	43.0	30.0
146.0	169.0	45.0	31.0
148.0	169.0	46.0	31.0
150.0	169.0	46.0	32.0
152.0	168.0	47.0	33.0
159.2149200439453	171.0228729248047	47.34041213989258	33.239009857177734
161.90211486816406	171.720703125	47.10849380493164	33.076175689697266
165.40736389160156	170.38442993164062	47.45931625366211	33.32250213623047
169.56161499023438	170.49581909179688	48.28815460205078	33.90445327758789
174.7138671875	170.34011840820312	48.657711029052734	34.1639289855957
177.09194946289062	171.47479248046875	48.509071350097656	34.05956268310547
183.21243286132812	172.34109497070312	49.03839874267578	34.43122100830078
187.86959838867188	171.70175170898438	49.2215461730957	34.559814453125
179.0	167.0	61.0	39.0
183.0	167.0	61.0	40.0
186.0	166.0	64.0	41.0
190.0	167.0	65.0	41.0
193.0	166.0	66.0	42.0
197.0	167.0	70.0	43.0
200.0	166.0	73.0	45.0
206.0	166.0	73.0	46.0
210.0	165.0	77.0	48.0
216.0	166.0	79.0	48.0
220.0	166.0	82.0	49.0
226.0	166.0	85.0	50.0
231.0	166.0	88.0	52.0
235.0	165.0	94.0	54.0
240.0	165.0	98.0	55.0
244.0	165.0	104.0	56.0
246.6513671875	164.75282287597656	107.21311950683594	56.33148956298828
249.41090393066406	164.8671875	113.07511901855469	57.59689712524414
252.88400268554688	164.94464111328125	118.73497009277344	58.33844757080078
257.1588134765625	165.15377807617188	125.50433349609375	59.15863800048828
262.55474853515625	165.42437744140625	132.7625274658203	59.49894714355469
296.0	163.0	134.0	70.0
308.0	163.0	141.0	73.0
319.0	162.0	142.0	77.0
331.0	162.0	144.0	79.0
341.0	162.0	152.0	82.0
353.0	162.0	140.0	85.0
356.3263854980469	165.90472412109375	135.32859802246094	82.23090362548828
385.0	161.0	108.0	93.0
402.0	160.0	91.0	96.0
415.9217834472656	164.8858642578125	90.68695068359375	95.66974639892578
428.91876220703125	160.4875946044922	89.47166442871094	94.38768005371094
464.0	160.0	29.0	96.0
445.4246520996094	117.26948547363281	28.669017791748047	94.90433502197266
443.1201171875	109.99394226074219	28.769794464111328	95.2379379272461
445.6744079589844	109.5549545288086	28.919485092163086	95.73346710205078
441.19329833984375	111.60563659667969	28.93064308166504	95.77040100097656
449.1299743652344	108.34671783447266	29.03861427307129	96.12782287597656
451.86212158203125	111.5114517211914	28.87066078186035	95.57185363769531
459.49517822265625	114.13664245605469	28.289154052734375	93.64686584472656
353.0	174.0	107.0	54.0
360.0	175.0	112.0	54.0
368.0	174.0	118.0	57.0
377.0	174.0	115.0	58.0
384.0	174.0	109.0	60.0
393.0	174.0	100.0	63.0
404.0	175.0	89.0	63.0
