386.0	174.0	7.0	12.0
386.0	174.0	6.0	12.0
384.0	174.0	8.0	13.0
383.19671630859375	173.97250366210938	10.0	12.795660018920898
385.0	175.0	6.0	12.0
382.294189453125	173.93768310546875	10.0	11.859236717224121
384.0	175.0	6.0	12.0
381.23974609375	173.92625427246094	10.0	12.093127250671387
380.09454345703125	174.18966674804688	10.073381423950195	11.960907936096191
379.37640380859375	174.180419921875	10.219305038452148	12.081232070922852
378.98492431640625	174.18875122070312	10.214177131652832	12.017839431762695
378.58062744140625	174.93154907226562	10.22199535369873	12.027037620544434
378.10565185546875	174.5673828125	10.325323104858398	12.086308479309082
378.04803466796875	174.0972900390625	10.213955879211426	11.917001724243164
377.5497131347656	174.78440856933594	10.06367301940918	11.643616676330566
377.9165344238281	174.0304412841797	10.147854804992676	11.7284574508667
405.0	172.0	8.0	15.0
404.3914794921875	172.82144165039062	10.0	15.073649406433105
403.89483642578125	173.33949279785156	10.06351089477539	14.972206115722656
403.64178466796875	172.73089599609375	10.024937629699707	14.834539413452148
405.8288879394531	175.22821044921875	9.856670379638672	15.183602333068848
406.43719482421875	176.0707244873047	10.357952117919922	15.518219947814941
408.3072204589844	177.8843994140625	9.758111953735352	15.86938190460205
410.4175720214844	178.42588806152344	10.0	15.81336784362793
411.9886779785156	177.6923828125	10.03764533996582	15.718820571899414
414.81781005859375	177.26504516601562	10.19981861114502	15.938398361206055
416.3006286621094	177.03196716308594	10.2676420211792	16.031675338745117
416.931640625	177.05145263671875	10.342406272888184	16.14841079711914
419.90478515625	177.7833251953125	10.400116920471191	16.229101181030273
418.75909423828125	168.53359985351562	10.274225234985352	16.002962112426758
417.0152893066406	165.6416778564453	10.226079940795898	15.927972793579102
412.4835510253906	165.54592895507812	10.294855117797852	16.035093307495117
417.5877380371094	169.66673278808594	10.383720397949219	16.173507690429688
416.6515197753906	170.96835327148438	10.493131637573242	16.34392547607422
419.5850524902344	176.39236450195312	10.523346900939941	16.390987396240234
424.47589111328125	179.30502319335938	10.58198356628418	16.482318878173828
429.7908630371094	175.5775146484375	10.458757400512695	16.29038429260254
436.6183166503906	175.70175170898438	10.383207321166992	16.160472869873047
441.373046875	173.5314483642578	10.292736053466797	15.9797945022583
444.9291076660156	169.25790405273438	10.302462577819824	15.994895935058594
443.0541076660156	172.60240173339844	9.653993606567383	16.78227424621582
444.215087890625	174.52066040039062	10.0	16.771045684814453
445.0423278808594	175.0609130859375	10.1259126663208	16.853710174560547
444.32366943359375	172.8483123779297	10.031843185424805	16.47823715209961
445.5491027832031	176.60696411132812	9.115713119506836	17.830472946166992
443.4781188964844	178.23956298828125	9.065412521362305	19.07511329650879
444.9106140136719	181.49037170410156	7.884782791137695	20.440214157104492
445.0718078613281	184.10031127929688	7.2151336669921875	21.713298797607422
446.5228576660156	187.46978759765625	6.16111946105957	23.556425094604492
438.0	170.0	16.0	28.0
440.0	171.0	17.0	27.0
440.0	170.0	17.0	27.0
442.0	171.0	16.0	27.0
444.0	170.0	16.0	27.0
445.0	170.0	15.0	26.0
446.0	170.0	15.0	26.0
447.0	170.0	16.0	26.0
449.0	170.0	16.0	26.0
451.0	170.0	14.0	26.0
452.0	171.0	15.0	25.0
452.08392333984375	170.68141174316406	15.33227252960205	25.553789138793945
452.3575134277344	170.07833862304688	15.77958869934082	26.29931640625
454.2821350097656	170.03976440429688	15.852910041809082	26.421518325805664
454.7118225097656	169.18148803710938	16.053001403808594	26.755001068115234
455.65380859375	168.65000915527344	15.931467056274414	26.552440643310547
456.9017639160156	169.376708984375	15.762670516967773	26.271114349365234
459.0	171.0	13.0	24.0
459.8934631347656	171.02810668945312	12.948755264282227	23.905391693115234
462.0	170.0	11.0	26.0
463.0	170.0	10.0	26.0
464.0	171.0	9.0	25.0
464.0	171.0	9.0	24.0
465.0	170.0	8.0	26.0
463.531005859375	168.36085510253906	10.0	26.154895782470703
463.7356872558594	169.68417358398438	10.063141822814941	25.9177188873291
461.7674255371094	164.70480346679688	10.147272109985352	26.058984756469727
461.36920166015625	163.39915466308594	10.140829086303711	25.997116088867188
457.7286682128906	159.99652099609375	10.203186988830566	25.80008316040039
457.36224365234375	160.4691619873047	10.192383766174316	25.734619140625
458.443359375	162.46072387695312	10.15379810333252	25.554224014282227
460.7349548339844	162.06983947753906	10.082196235656738	25.080297470092773
460.02838134765625	164.40589904785156	10.00705623626709	24.824493408203125
460.0321350097656	164.70730590820312	10.073216438293457	24.657238006591797
462.5367736816406	164.13528442382812	10.067362785339355	24.492340087890625
452.2392578125	162.0072479248047	10.142921447753906	24.511037826538086
456.4788513183594	160.61544799804688	10.266191482543945	24.650354385375977
457.6702575683594	160.8807830810547	10.09703254699707	24.127010345458984
451.0030822753906	166.5667724609375	10.049666404724121	23.9431095123291
455.33441162109375	161.7050018310547	10.16252326965332	24.1098690032959
458.0255432128906	161.6338653564453	10.066716194152832	23.726058959960938
462.82135009765625	166.46011352539062	10.059057235717773	23.670955657958984
460.79949951171875	163.90599060058594	10.096985816955566	23.631864547729492
462.7711486816406	166.48233032226562	10.089916229248047	23.500110626220703
463.82720947265625	166.77072143554688	10.231081008911133	23.828893661499023
463.1647033691406	166.8416290283203	10.271684646606445	23.9234619140625
463.250244140625	166.31846618652344	10.45152759552002	24.279394149780273
462.2547302246094	168.33460998535156	10.453836441040039	24.28475570678711
459.26959228515625	164.36093139648438	10.370545387268066	24.091264724731445
461.85992431640625	167.32125854492188	10.23341178894043	23.7382869720459
460.4296875	165.9206085205078	10.184957504272461	23.557403564453125
462.143310546875	167.93894958496094	10.195345878601074	23.33394432067871
463.49462890625	167.34768676757812	10.072134017944336	22.834522247314453
462.9408264160156	166.7786407470703	10.002787590026855	22.504955291748047
463.3583068847656	166.1416778564453	10.077720642089844	22.457691192626953
462.94793701171875	166.6434326171875	10.326398849487305	23.011859893798828
309.0	174.0	10.0	19.0
306.9051208496094	171.2559051513672	10.081674575805664	19.0234317779541
305.8937072753906	171.13409423828125	10.019667625427246	18.752532958984375
305.5718078613281	171.5583038330078	10.05456256866455	18.628765106201172
305.908447265625	172.4718780517578	10.0	18.270797729492188
306.69866943359375	174.095703125	10.199102401733398	18.56720733642578
306.72100830078125	172.35690307617188	10.191252708435059	18.470088958740234
303.6654357910156	170.7962646484375	10.196928024291992	18.425533294677734
302.602294921875	171.4623565673828	10.281272888183594	18.57794189453125
308.3084716796875	170.43582153320312	10.227181434631348	18.440134048461914
307.80084228515625	170.25047302246094	10.330904960632324	18.627153396606445
307.67266845703125	169.930419921875	10.374872207641602	18.706430435180664
307.5613708496094	170.4853515625	10.060086250305176	18.13273811340332
307.90460205078125	170.28628540039062	10.068242073059082	18.069238662719727
307.6728210449219	170.56069946289062	10.090877532958984	17.929615020751953
307.50421142578125	170.35885620117188	10.366403579711914	18.419174194335938
307.6740417480469	170.4215087890625	10.436205863952637	18.543201446533203
307.3516540527344	170.04310607910156	10.729405403137207	19.06416130065918
307.63623046875	170.1531524658203	10.670559883117676	18.959606170654297
306.2210693359375	170.70089721679688	10.829347610473633	19.241741180419922
307.3320617675781	169.79953002929688	10.756063461303711	19.111530303955078
306.44610595703125	170.44012451171875	10.729333877563477	19.064037322998047
306.38232421875	170.20529174804688	10.783697128295898	19.160629272460938
307.049560546875	169.993408203125	10.999581336975098	19.544214248657227
307.4283142089844	170.03982543945312	10.862369537353516	19.300413131713867
306.8970031738281	169.86013793945312	10.96998119354248	19.491619110107422
306.7132263183594	170.08352661132812	11.005640029907227	19.554977416992188
306.60626220703125	169.81155395507812	11.084617614746094	19.6953067779541
306.766845703125	170.0359344482422	10.95521354675293	19.465381622314453
307.2302551269531	169.78948974609375	10.865056037902832	19.305187225341797
306.59423828125	170.00155639648438	10.89114761352539	19.351547241210938
306.89105224609375	169.69717407226562	10.92974853515625	19.42013168334961
306.78656005859375	170.21139526367188	10.995343208312988	19.536678314208984
306.9941101074219	169.87911987304688	10.907841682434082	19.38120460510254
306.8748779296875	169.827392578125	11.088056564331055	19.701412200927734
306.98150634765625	170.28842163085938	10.933382034301758	19.426584243774414
306.9639587402344	169.97804260253906	11.005056381225586	19.553937911987305
306.92974853515625	169.99563598632812	10.845267295837402	19.270023345947266
307.2019958496094	170.20042419433594	10.781415939331055	19.156574249267578
307.12774658203125	169.99752807617188	10.6304931640625	18.888410568237305
307.27130126953125	169.7696075439453	10.849367141723633	19.277307510375977
307.73138427734375	170.15524291992188	10.736956596374512	19.077577590942383
306.9352111816406	170.23922729492188	10.770072937011719	19.13642120361328
306.89007568359375	169.90830993652344	10.902608871459961	19.37191390991211
307.0645446777344	169.99514770507812	11.035050392150879	19.607234954833984
306.7638854980469	170.00384521484375	10.808576583862305	19.204833984375
306.9576721191406	169.4261474609375	10.912679672241211	19.389806747436523
306.289306640625	170.09825134277344	11.048286437988281	19.630756378173828
306.999755859375	169.71621704101562	11.17447280883789	19.854965209960938
306.61566162109375	169.9543914794922	11.01423168182373	19.57024574279785
306.64056396484375	170.11697387695312	10.991388320922852	19.5296573638916
306.7656555175781	169.67843627929688	11.141221046447754	19.795879364013672
306.727783203125	169.404296875	11.188329696655273	19.87958335876465
305.6499328613281	169.91165161132812	11.230908393859863	19.955238342285156
306.44964599609375	169.50399780273438	11.369664192199707	20.2017822265625
306.28692626953125	169.24368286132812	11.459012985229492	20.360536575317383
306.4414978027344	169.2366485595703	11.580321311950684	20.576078414916992
306.3266906738281	169.42822265625	11.574440002441406	20.565628051757812
306.55108642578125	169.2635040283203	11.460718154907227	20.363567352294922
306.73333740234375	169.10769653320312	11.5506010055542	20.523271560668945
306.96844482421875	169.35562133789062	11.364339828491211	20.192319869995117
306.67791748046875	169.65420532226562	11.195196151733398	19.891786575317383
306.20806884765625	169.72732543945312	11.066488265991211	19.66309928894043
306.49072265625	169.83944702148438	11.180150032043457	19.865055084228516
306.991943359375	169.87078857421875	11.04592227935791	19.62656021118164
306.6216735839844	169.70721435546875	11.048725128173828	19.63153648376465
306.81683349609375	169.78738403320312	11.252681732177734	19.99393081665039
306.86700439453125	169.98092651367188	11.058633804321289	19.64914321899414
306.2655334472656	169.66592407226562	11.151254653930664	19.81371307373047
306.95477294921875	169.7389678955078	11.32969856262207	20.130773544311523
307.157470703125	169.72598266601562	11.260258674621582	20.00739288330078
306.7895202636719	169.6686553955078	11.236772537231445	19.965662002563477
306.87548828125	170.07994079589844	11.00862979888916	19.56029510498047
306.53619384765625	170.01614379882812	10.999626159667969	19.544296264648438
306.18682861328125	169.9417724609375	11.204130172729492	19.907663345336914
306.61956787109375	169.900146484375	11.166050910949707	19.840002059936523
306.7729797363281	169.530517578125	11.118412017822266	19.75535774230957
306.635986328125	169.9328155517578	11.194765090942383	19.891019821166992
306.98297119140625	169.3933563232422	11.318493843078613	20.110864639282227
306.7742614746094	169.70045471191406	11.304174423217773	20.085420608520508
306.7724609375	169.92886352539062	11.192575454711914	19.887126922607422
306.47039794921875	169.71279907226562	11.300267219543457	20.078475952148438
306.2568054199219	169.77145385742188	11.304878234863281	20.086668014526367
306.13232421875	169.80722045898438	11.150273323059082	19.811962127685547
306.7215270996094	169.54183959960938	11.299302101135254	20.076757431030273
306.8681335449219	169.6800994873047	11.248613357543945	19.986692428588867
306.90997314453125	169.8792266845703	11.324284553527832	20.121145248413086
306.6238708496094	169.5696258544922	11.289616584777832	20.059547424316406
306.27874755859375	169.52120971679688	11.432909965515137	20.314151763916016
305.6504821777344	169.69668579101562	11.430919647216797	20.31061553955078
305.2088928222656	171.9639892578125	12.983667373657227	20.008697509765625
305.97418212890625	169.8011016845703	12.955377578735352	19.965099334716797
306.8714904785156	169.743408203125	12.994067192077637	20.024723052978516
305.8574523925781	169.8855438232422	13.070660591125488	20.142757415771484
305.5957946777344	169.83132934570312	13.211280822753906	20.35946273803711
305.93890380859375	169.45736694335938	13.452909469604492	20.731828689575195
305.67962646484375	168.9721221923828	13.692541122436523	21.101116180419922
304.556640625	169.59884643554688	13.704412460327148	21.11941146850586
305.5243225097656	169.16419982910156	13.746397018432617	21.18411636352539
305.7073974609375	169.28689575195312	13.778843879699707	21.234119415283203
306.0401611328125	169.25735473632812	13.717313766479492	21.13929557800293
306.49114990234375	169.50205993652344	13.62263011932373	20.99338150024414
306.35009765625	169.22555541992188	13.770268440246582	21.220905303955078
305.95379638671875	168.9873504638672	13.970924377441406	21.53013038635254
306.40948486328125	169.16262817382812	14.035184860229492	21.629161834716797
306.32330322265625	169.09732055664062	14.156957626342773	21.816822052001953
