3.0	171.0	18.0	14.0
3.0	170.0	18.0	13.0
2.0	169.0	19.0	14.0
3.0	169.0	18.0	14.0
3.0	169.0	19.0	15.0
3.0	169.0	20.0	15.0
4.0	170.0	18.0	14.0
3.0	169.0	19.0	15.0
5.0	171.0	18.0	14.0
4.0	169.0	20.0	15.0
6.0	169.0	18.0	15.0
5.0	170.0	19.0	14.0
5.0	170.0	19.0	15.0
5.0	169.0	20.0	16.0
6.0	169.0	19.0	15.0
6.0	168.0	20.0	16.0
6.0	168.0	21.0	16.0
7.0	169.0	20.0	15.0
6.0	168.0	21.0	17.0
5.0	168.0	23.0	18.0
7.0	169.0	21.0	16.0
8.0	168.0	22.0	17.0
8.0	168.0	22.0	17.0
8.0	168.0	23.0	17.0
9.0	168.0	22.0	18.0
6.0	168.0	26.0	19.0
9.0	168.0	24.0	19.0
9.0	168.0	24.0	19.0
12.0	169.0	23.0	18.0
12.0	169.0	24.0	18.0
13.0	168.0	24.0	19.0
12.0	168.0	26.0	19.0
0.0	166.0	15.0	16.0
1.0641117095947266	162.6646728515625	17.54717254638672	18.059490203857422
13.0	168.0	27.0	20.0
0.0	166.0	15.0	15.0
0.0	167.0	15.0	15.0
1.377767562866211	163.39089965820312	15.50811767578125	16.00215721130371
0.0	167.0	16.0	14.0
0.0	166.0	17.0	16.0
1.7409858703613281	163.45700073242188	15.524230003356934	15.05148983001709
1.0	167.0	16.0	15.0
1.0	166.0	17.0	16.0
2.0	167.0	16.0	15.0
1.0	167.0	18.0	16.0
1.0	166.0	18.0	16.0
2.0	167.0	17.0	16.0
2.0	166.0	18.0	16.0
3.0	166.0	17.0	16.0
3.0	166.0	18.0	16.0
4.0	166.0	18.0	16.0
4.0	166.0	18.0	16.0
4.0	166.0	19.0	16.0
5.0	166.0	19.0	17.0
4.0	166.0	20.0	17.0
6.0	166.0	18.0	17.0
7.0	166.0	17.0	17.0
7.0	166.0	18.0	17.0
6.0	165.0	21.0	18.0
6.0	165.0	21.0	18.0
7.0	166.0	21.0	17.0
8.0	166.0	20.0	17.0
10.0	165.0	19.0	18.0
10.0	165.0	19.0	18.0
10.0	166.0	20.0	17.0
11.0	165.0	19.0	19.0
12.0	165.0	18.0	18.0
12.0	165.0	20.0	19.0
12.0	165.0	21.0	19.0
13.0	165.0	21.0	19.0
13.0	165.0	22.0	20.0
14.0	165.0	21.0	20.0
14.0	165.0	21.0	19.0
15.0	165.0	21.0	20.0
16.0	166.0	21.0	18.0
16.0	165.0	22.0	20.0
18.0	165.0	21.0	20.0
18.0	165.0	22.0	20.0
20.0	166.0	20.0	19.0
19.0	165.0	23.0	20.0
21.0	165.0	22.0	20.0
21.0	165.0	22.0	20.0
22.0	164.0	22.0	21.0
21.0	165.0	24.0	20.0
24.0	164.0	23.0	20.0
25.0	165.0	22.0	19.0
22.0	165.0	27.0	21.0
25.0	165.0	25.0	20.0
27.0	164.0	24.0	21.0
27.0	163.0	25.0	22.0
30.0	164.0	24.0	21.0
30.0	164.0	24.0	21.0
30.0	163.0	25.0	22.0
31.0	163.0	24.0	23.0
32.0	163.0	25.0	23.0
34.0	162.0	24.0	24.0
34.0	161.0	24.0	25.0
35.0	161.0	25.0	25.0
36.0	162.0	24.0	24.0
12.0	167.0	27.0	21.0
12.0	167.0	29.0	22.0
13.0	167.0	29.0	22.0
38.0	163.0	26.0	24.0
38.0	164.0	28.0	24.0
40.0	163.0	27.0	25.0
41.0	163.0	28.0	25.0
19.0	167.0	29.0	23.0
44.0	164.0	28.0	24.0
47.0	163.0	26.0	26.0
47.0	164.0	27.0	25.0
48.0	163.0	27.0	26.0
22.0	167.0	34.0	24.0
22.0	166.0	36.0	25.0
22.0	166.0	37.0	25.0
19.907508850097656	163.98573303222656	39.82312774658203	27.109174728393555
28.0	166.0	34.0	26.0
27.0	165.0	39.0	26.0
29.0	166.0	39.0	26.0
30.0	167.0	38.0	26.0
29.0	166.0	39.0	27.0
31.0	165.0	39.0	27.0
33.0	166.0	39.0	28.0
34.0	167.0	40.0	27.0
37.0	166.0	40.0	27.0
38.0	165.0	41.0	28.0
39.0	166.0	41.0	28.0
39.0	166.0	42.0	29.0
40.0	165.0	45.0	30.0
42.0	165.0	45.0	31.0
45.0	164.0	44.0	32.0
