15.0	173.0	16.0	14.0
14.0	172.0	18.0	15.0
15.0	173.0	18.0	13.0
15.0	172.0	19.0	14.0
16.0	173.0	17.0	14.0
15.0	173.0	19.0	14.0
16.0	173.0	18.0	13.0
17.0	172.0	18.0	14.0
16.0	172.0	19.0	14.0
16.0	173.0	19.0	13.0
17.0	172.0	19.0	15.0
18.0	171.0	20.0	15.0
17.92099380493164	172.25250244140625	20.323482513427734	15.2426118850708
18.0	172.0	20.0	15.0
18.0	171.0	21.0	16.0
19.340728759765625	171.4257354736328	21.091373443603516	16.069616317749023
19.85055923461914	172.60238647460938	20.53324317932129	15.644372940063477
20.38118553161621	171.6305389404297	20.73758888244629	15.800064086914062
21.83507537841797	171.9115447998047	20.471824645996094	15.597577095031738
22.27094841003418	171.48562622070312	20.597183227539062	15.693087577819824
23.111225128173828	172.24734497070312	20.40782356262207	15.548812866210938
23.409912109375	172.1359405517578	20.371063232421875	15.520803451538086
23.622146606445312	171.8809051513672	20.423564910888672	15.560803413391113
25.0	171.0	21.0	16.0
26.0	172.0	21.0	15.0
26.0	171.0	21.0	17.0
27.0	172.0	20.0	16.0
28.0	172.0	20.0	15.0
28.336894989013672	172.30331420898438	19.716032028198242	14.787023544311523
28.737018585205078	173.33035278320312	19.86314582824707	14.897358894348145
29.469379425048828	173.5550079345703	19.7003173828125	14.775235176086426
33.0	172.0	21.0	17.0
30.46282958984375	172.049560546875	21.134830474853516	17.109146118164062
31.07610511779785	171.92599487304688	21.35445213317871	17.286935806274414
32.063629150390625	172.35389709472656	21.513893127441406	17.416006088256836
32.4675178527832	171.76678466796875	21.606586456298828	17.491043090820312
33.285316467285156	172.7940673828125	21.689550399780273	17.558202743530273
34.0	172.0	24.0	17.0
34.0	171.0	25.0	18.0
34.3452262878418	172.84812927246094	24.531911849975586	17.662975311279297
35.29704284667969	173.12826538085938	24.274795532226562	17.47785186767578
36.066123962402344	173.31454467773438	23.90620994567871	17.21246910095215
36.8054084777832	172.97633361816406	23.90455436706543	17.21127700805664
38.7476806640625	173.07656860351562	23.57413673400879	16.973377227783203
39.9063606262207	172.7835693359375	23.60886001586914	16.998374938964844
39.0	171.0	28.0	19.0
41.0	172.0	27.0	18.0
40.0	172.0	29.0	18.0
43.0	171.0	27.0	20.0
44.0	171.0	27.0	19.0
44.38457489013672	172.01742553710938	27.249170303344727	19.17534065246582
45.741512298583984	172.3011932373047	26.872737884521484	18.910444259643555
45.97710418701172	172.15682983398438	26.821203231811523	18.874177932739258
47.74755859375	171.8929901123047	26.813735961914062	18.86892318725586
49.16924285888672	171.84841918945312	26.6083927154541	18.724422454833984
50.09137725830078	172.72471618652344	26.59869956970215	18.717601776123047
38.0	169.0	22.0	16.0
37.25699996948242	167.95394897460938	21.778093338012695	15.838613510131836
38.0	169.0	23.0	16.0
54.0	173.0	31.0	19.0
55.0	172.0	32.0	20.0
54.0	171.0	35.0	22.0
56.0	170.0	34.0	23.0
57.0	171.0	34.0	22.0
60.0	171.0	33.0	22.0
60.0	172.0	34.0	21.0
62.2276725769043	172.65103149414062	34.243507385253906	21.150402069091797
63.51594161987305	171.68409729003906	34.037017822265625	21.022865295410156
65.21361541748047	172.56997680664062	34.1478157043457	21.091297149658203
66.0	172.0	34.0	22.0
68.51873779296875	171.7183380126953	34.648292541503906	22.419483184814453
69.0	171.0	36.0	23.0
70.9347915649414	171.5061798095703	36.34480285644531	23.220293045043945
72.52041625976562	171.71994018554688	36.21235656738281	23.13567543029785
73.82913970947266	171.5203399658203	36.19059753417969	23.121776580810547
75.0	172.0	37.0	23.0
77.44059753417969	171.84066772460938	36.92449951171875	22.953067779541016
78.0	171.0	39.0	25.0
79.0	171.0	39.0	25.0
81.16831970214844	170.42530822753906	38.81650161743164	24.882373809814453
82.0	170.0	41.0	27.0
83.0	171.0	42.0	26.0
85.0	171.0	42.0	26.0
87.0	171.0	42.0	26.0
89.0	172.0	43.0	26.0
91.0	170.0	43.0	28.0
93.0	171.0	44.0	27.0
95.0	171.0	45.0	28.0
96.0	171.0	46.0	28.0
99.0	171.0	47.0	28.0
102.0	171.0	47.0	29.0
103.0	171.0	48.0	29.0
106.0	171.0	48.0	29.0
108.0	171.0	49.0	29.0
110.0	171.0	51.0	30.0
112.0	170.0	51.0	31.0
114.0	170.0	52.0	31.0
117.0	171.0	53.0	31.0
120.0	171.0	53.0	31.0
123.0	171.0	55.0	32.0
126.88029479980469	170.99978637695312	55.5421142578125	32.3154182434082
129.0	171.0	56.0	32.0
132.0	171.0	58.0	33.0
134.0	171.0	59.0	33.0
137.0	171.0	60.0	34.0
141.52554321289062	171.0579071044922	60.25627517700195	34.145225524902344
143.0	171.0	62.0	34.0
147.0	171.0	64.0	35.0
151.54278564453125	173.3373260498047	64.12845611572266	35.07025146484375
153.0	171.0	67.0	36.0
158.0	170.0	67.0	38.0
161.0	171.0	70.0	38.0
165.0	171.0	71.0	38.0
169.0	170.0	72.0	40.0
173.0	171.0	74.0	40.0
177.0	170.0	77.0	41.0
182.0	171.0	78.0	41.0
186.0	171.0	80.0	42.0
191.0	171.0	82.0	43.0
195.0	171.0	86.0	45.0
200.0	171.0	88.0	45.0
207.0	171.0	87.0	46.0
212.0	170.0	91.0	48.0
217.0	171.0	94.0	48.0
222.0	171.0	104.0	49.0
228.0	170.0	101.0	52.0
233.0	170.0	106.0	53.0
242.0	170.0	107.0	54.0
248.0	170.0	110.0	55.0
253.0	170.0	117.0	57.0
266.0	170.0	118.0	59.0
272.0	170.0	124.0	60.0
279.0	170.0	130.0	62.0
287.0	170.0	137.0	64.0
297.0	171.0	141.0	65.0
306.0	170.0	149.0	69.0
315.0	170.0	154.0	70.0
327.0	170.0	158.0	73.0
