138.0	171.0	44.0	29.0
139.0	171.0	45.0	29.0
139.0	171.0	46.0	30.0
140.0	171.0	46.0	30.0
141.0	171.0	45.0	30.0
142.0	170.0	46.0	31.0
143.0	171.0	46.0	30.0
144.0	170.0	46.0	31.0
144.0	170.0	47.0	32.0
145.0	170.0	48.0	32.0
146.0	170.0	47.0	32.0
146.0	170.0	49.0	32.0
147.0	170.0	49.0	32.0
148.0	170.0	48.0	32.0
149.0	170.0	49.0	33.0
149.0	169.0	51.0	34.0
150.0	170.0	50.0	33.0
151.0	169.0	50.0	35.0
149.0	169.0	53.0	35.0
152.0	170.0	51.0	34.0
153.0	169.0	52.0	36.0
153.0	170.0	52.0	35.0
154.0	170.0	52.0	35.0
155.0	169.0	53.0	36.0
156.0	169.0	53.0	36.0
156.0	169.0	55.0	36.0
157.0	169.0	54.0	37.0
157.0	169.0	55.0	37.0
158.0	169.0	56.0	37.0
159.0	168.0	55.0	39.0
160.0	169.0	55.0	38.0
160.0	169.0	56.0	39.0
160.0	169.0	58.0	39.0
161.0	169.0	57.0	39.0
162.0	169.0	57.0	39.0
163.0	169.0	57.0	40.0
164.0	169.0	57.0	40.0
163.0	168.0	59.0	41.0
159.0	168.0	65.0	42.0
162.0	168.0	62.0	42.0
163.0	168.0	62.0	42.0
160.0	167.0	67.0	44.0
160.0	167.0	68.0	44.0
159.0	167.0	70.0	45.0
165.0	167.0	66.0	44.0
167.0	168.0	65.0	44.0
169.0	167.0	64.0	46.0
169.0	167.0	64.0	47.0
170.0	166.0	64.0	49.0
173.0	166.0	62.0	50.0
175.0	164.0	62.0	52.0
182.0	163.0	56.0	53.0
189.6515350341797	167.80734252929688	55.78470993041992	52.79624557495117
193.64097595214844	167.27413940429688	55.93427658081055	52.93779754638672
194.46331787109375	166.6713409423828	56.22747802734375	53.215293884277344
197.14036560058594	162.6437530517578	55.602882385253906	52.62416458129883
200.2099151611328	165.25596618652344	56.569122314453125	53.53864288330078
204.7155303955078	164.8279266357422	55.6078987121582	52.62891387939453
209.7205352783203	163.32142639160156	56.309814453125	53.2932243347168
217.364013671875	165.09669494628906	56.01384353637695	53.01310348510742
223.03768920898438	166.2362060546875	57.01813507080078	53.963592529296875
177.0	167.0	68.0	49.0
178.0	167.0	67.0	49.0
178.0	167.0	67.0	49.0
177.0	167.0	73.0	50.0
178.0	167.0	75.0	50.0
180.0	167.0	77.0	51.0
180.0	167.0	80.0	52.0
181.0	167.0	79.0	52.0
181.0	166.0	82.0	54.0
183.0	167.0	83.0	53.0
183.0	166.0	84.0	55.0
184.0	166.0	85.0	56.0
185.0	167.0	86.0	55.0
185.0	166.0	87.0	57.0
187.0	166.0	87.0	57.0
186.0	167.0	89.0	57.0
188.0	167.0	91.0	57.0
189.0	166.0	91.0	59.0
190.0	166.0	93.0	60.0
191.0	166.0	94.0	60.0
192.0	166.0	94.0	61.0
193.0	166.0	95.0	61.0
194.0	166.0	97.0	62.0
194.0	166.0	98.0	62.0
194.0	165.0	103.0	64.0
194.0	165.0	104.0	64.0
197.0	165.0	103.0	65.0
199.0	165.0	103.0	66.0
199.0	165.0	106.0	67.0
200.0	165.0	108.0	67.0
201.0	165.0	109.0	67.0
202.0	165.0	111.0	67.0
201.0	165.0	114.0	69.0
202.0	165.0	116.0	70.0
205.0	165.0	116.0	71.0
206.0	164.0	119.0	73.0
207.0	165.0	123.0	73.0
209.0	164.0	123.0	75.0
210.0	164.0	123.0	76.0
211.0	164.0	123.0	77.0
211.0	164.0	132.0	78.0
212.0	165.0	130.0	76.0
215.0	164.0	127.0	79.0
214.0	165.0	135.0	78.0
217.0	164.0	132.0	80.0
219.0	164.0	134.0	81.0
220.0	163.0	136.0	83.0
221.0	164.0	142.0	83.0
222.0	164.0	145.0	85.0
225.0	164.0	143.0	86.0
227.0	164.0	145.0	87.0
228.0	164.0	148.0	87.0
230.0	164.0	150.0	88.0
231.0	164.0	154.0	87.0
230.0	163.0	157.0	87.0
234.0	163.0	160.0	90.0
236.0	163.0	162.0	89.0
237.0	163.0	165.0	90.0
240.0	163.0	166.0	91.0
242.0	163.0	170.0	92.0
244.0	163.0	174.0	93.0
246.0	163.0	175.0	93.0
248.0	163.0	179.0	93.0
249.0	163.0	182.0	93.0
245.0	162.0	192.0	94.0
247.0	162.0	189.0	94.0
251.0	162.0	183.0	94.0
251.0	161.0	187.0	95.0
247.0	161.0	193.0	95.0
254.0	161.0	200.0	95.0
257.0	161.0	195.0	95.0
257.0	161.0	195.0	95.0
259.0	160.0	192.0	96.0
273.0	161.0	219.0	95.0
