14.0	172.0	18.0	14.0
13.0	170.0	19.0	16.0
14.0	169.0	20.0	17.0
15.0	171.0	20.0	15.0
15.0	171.0	20.0	15.0
15.0	170.0	20.0	16.0
15.0	170.0	20.0	16.0
15.0	169.0	21.0	17.0
16.0	169.0	20.0	17.0
16.0	170.0	19.0	16.0
16.0	170.0	20.0	16.0
16.0	169.0	20.0	17.0
16.0	170.0	20.0	16.0
16.0	170.0	21.0	17.0
16.0	170.0	21.0	16.0
16.0	170.0	22.0	16.0
17.0	170.0	22.0	16.0
18.0	170.0	21.0	16.0
20.0	170.0	20.0	16.0
19.0	170.0	22.0	17.0
20.0	169.0	21.0	18.0
21.0	171.0	21.0	16.0
21.0	170.0	22.0	17.0
22.0	170.0	21.0	17.0
23.0	171.0	21.0	16.0
23.0	171.0	22.0	16.0
23.0	170.0	23.0	17.0
23.0	170.0	24.0	17.0
24.0	170.0	23.0	17.0
25.0	170.0	23.0	18.0
25.0	169.0	24.0	19.0
27.0	170.0	23.0	18.0
28.0	168.0	23.0	20.0
30.0	170.0	22.0	18.0
30.0	170.0	24.0	18.0
31.0	171.0	24.0	17.0
31.0	170.0	24.0	18.0
32.0	170.0	24.0	18.0
33.0	170.0	25.0	19.0
34.0	171.0	24.0	18.0
35.0	170.0	24.0	19.0
36.0	170.0	24.0	19.0
36.0	170.0	25.0	19.0
36.0	171.0	26.0	18.0
37.0	171.0	27.0	18.0
38.0	171.0	27.0	18.0
39.0	170.0	27.0	20.0
41.0	170.0	26.0	20.0
42.0	170.0	27.0	20.0
43.0	170.0	27.0	20.0
45.0	170.0	27.0	20.0
45.0	170.0	28.0	20.0
46.0	170.0	29.0	21.0
47.0	170.0	29.0	21.0
48.0	170.0	29.0	21.0
49.0	170.0	30.0	21.0
51.0	170.0	30.0	22.0
52.0	170.0	30.0	22.0
53.0	170.0	31.0	22.0
54.0	169.0	32.0	23.0
55.0	169.0	33.0	24.0
57.0	170.0	32.0	22.0
58.0	169.0	32.0	23.0
59.0	170.0	33.0	22.0
61.0	170.0	34.0	23.0
63.0	170.0	33.0	23.0
64.0	169.0	34.0	24.0
66.0	169.0	34.0	24.0
67.0	169.0	35.0	25.0
69.0	169.0	35.0	24.0
70.0	170.0	36.0	24.0
72.0	169.0	36.0	25.0
74.0	169.0	37.0	26.0
75.0	169.0	37.0	25.0
78.0	170.0	37.0	25.0
78.0	169.0	40.0	26.0
80.0	169.0	39.0	26.0
83.0	170.0	40.0	26.0
84.0	169.0	40.0	27.0
86.0	169.0	41.0	27.0
88.0	170.0	42.0	27.0
90.0	170.0	42.0	27.0
93.0	169.0	43.0	29.0
95.0	168.0	43.0	30.0
97.0	168.0	44.0	30.0
99.0	168.0	45.0	30.0
101.0	168.0	47.0	31.0
104.0	168.0	47.0	31.0
106.0	168.0	48.0	32.0
109.0	168.0	48.0	32.0
111.0	168.0	50.0	33.0
115.0	168.0	49.0	33.0
118.0	168.0	50.0	34.0
120.0	168.0	52.0	34.0
123.0	168.0	53.0	34.0
126.0	168.0	54.0	35.0
130.0	168.0	56.0	36.0
132.0	167.0	58.0	37.0
136.0	167.0	59.0	38.0
140.0	167.0	60.0	38.0
144.0	167.0	61.0	39.0
147.0	167.0	63.0	40.0
152.0	167.0	64.0	40.0
156.0	167.0	65.0	41.0
160.0	166.0	68.0	42.0
165.0	167.0	69.0	42.0
170.0	167.0	72.0	43.0
175.0	167.0	74.0	44.0
180.0	167.0	76.0	45.0
185.0	167.0	80.0	46.0
191.0	167.0	81.0	47.0
197.0	168.0	84.0	47.0
203.0	167.0	88.0	49.0
210.0	167.0	90.0	51.0
216.0	167.0	93.0	52.0
223.0	167.0	97.0	54.0
231.0	166.0	101.0	55.0
238.0	166.0	107.0	57.0
246.0	167.0	110.0	58.0
254.0	167.0	114.0	59.0
263.0	167.0	120.0	61.0
272.0	166.0	124.0	63.0
282.0	167.0	131.0	64.0
292.0	167.0	137.0	66.0
303.0	167.0	142.0	68.0
314.0	167.0	148.0	72.0
329.0	167.0	151.0	74.0
341.0	167.0	149.0	74.0
353.0	166.0	142.0	78.0
368.0	167.0	127.0	79.0
