14.0	169.0	19.0	15.0
12.0	170.0	21.0	15.0
13.0	169.0	21.0	16.0
13.0	169.0	22.0	16.0
14.0	169.0	21.0	16.0
15.0	169.0	21.0	17.0
15.0	169.0	21.0	17.0
16.0	169.0	21.0	17.0
16.0	169.0	21.0	16.0
17.0	169.0	21.0	16.0
18.0	170.0	21.0	17.0
18.0	170.0	22.0	17.0
20.0	170.0	21.0	17.0
20.0	170.0	22.0	17.0
21.0	170.0	23.0	17.0
21.0	170.0	23.0	17.0
22.0	170.0	22.0	17.0
22.0	170.0	23.0	18.0
23.0	170.0	23.0	18.0
23.0	169.0	24.0	19.0
23.0	169.0	25.0	18.0
23.0	168.0	26.0	20.0
23.0	169.0	27.0	19.0
25.0	170.0	26.0	18.0
26.0	170.0	26.0	18.0
29.0	169.0	24.0	19.0
29.0	169.0	26.0	20.0
30.0	170.0	25.0	19.0
31.0	169.0	26.0	20.0
32.0	170.0	26.0	19.0
33.0	169.0	26.0	20.0
35.0	169.0	26.0	21.0
35.0	169.0	27.0	21.0
36.0	169.0	28.0	21.0
37.0	170.0	28.0	20.0
39.0	169.0	28.0	21.0
39.0	169.0	29.0	21.0
40.0	169.0	29.0	21.0
42.0	169.0	29.0	22.0
42.0	169.0	30.0	22.0
43.0	169.0	31.0	22.0
44.0	169.0	31.0	22.0
46.0	169.0	31.0	22.0
46.0	169.0	33.0	22.0
49.0	169.0	31.0	23.0
51.0	169.0	31.0	23.0
52.0	169.0	32.0	23.0
53.0	169.0	33.0	23.0
55.0	169.0	33.0	24.0
56.0	169.0	34.0	24.0
58.0	169.0	33.0	24.0
59.0	169.0	35.0	24.0
61.0	169.0	34.0	25.0
62.0	168.0	37.0	26.0
64.0	168.0	36.0	26.0
66.0	168.0	36.0	26.0
67.0	168.0	37.0	27.0
70.0	169.0	37.0	26.0
71.0	168.0	39.0	27.0
73.0	168.0	39.0	27.0
75.0	168.0	39.0	27.0
77.0	168.0	40.0	28.0
80.0	169.0	40.0	27.0
83.0	169.0	40.0	27.0
84.0	169.0	41.0	27.0
87.0	169.0	42.0	28.0
88.0	169.0	44.0	28.0
90.0	169.0	45.0	29.0
94.0	168.0	44.0	30.0
96.0	168.0	46.0	31.0
99.0	168.0	46.0	31.0
101.0	168.0	47.0	31.0
104.0	168.0	48.0	32.0
107.0	168.0	49.0	32.0
109.0	168.0	50.0	33.0
111.0	167.0	52.0	35.0
114.0	167.0	53.0	35.0
119.0	168.0	53.0	34.0
122.0	167.0	54.0	36.0
125.0	167.0	56.0	36.0
128.0	167.0	56.0	36.0
132.0	167.0	57.0	37.0
134.0	167.0	61.0	38.0
139.0	167.0	61.0	38.0
142.0	167.0	63.0	39.0
147.0	168.0	64.0	39.0
151.0	167.0	65.0	40.0
155.0	167.0	66.0	41.0
160.0	167.0	69.0	41.0
164.0	166.0	71.0	43.0
170.0	166.0	73.0	44.0
174.0	166.0	76.0	45.0
179.0	166.0	78.0	46.0
185.0	166.0	80.0	47.0
191.0	166.0	80.0	48.0
196.0	166.0	83.0	49.0
203.0	166.0	85.0	50.0
210.0	166.0	90.0	51.0
215.0	166.0	93.0	53.0
222.0	166.0	96.0	54.0
229.0	166.0	99.0	55.0
237.0	165.0	104.0	58.0
243.0	165.0	107.0	59.0
252.0	165.0	111.0	60.0
262.0	165.0	112.0	62.0
269.0	165.0	121.0	63.0
280.0	165.0	124.0	65.0
288.0	165.0	129.0	67.0
300.0	165.0	135.0	69.0
310.0	165.0	142.0	73.0
321.0	165.0	148.0	75.0
333.0	165.0	154.0	77.0
345.0	164.0	148.0	82.0
356.0	164.0	135.0	83.0
