9.0	173.0	15.0	13.0
8.0	172.0	17.0	14.0
9.0	172.0	16.0	14.0
9.0	171.0	16.0	15.0
9.0	172.0	17.0	15.0
9.0	172.0	17.0	14.0
10.0	172.0	18.0	15.0
10.0	171.0	18.0	16.0
10.0	172.0	19.0	15.0
10.0	172.0	19.0	15.0
10.0	172.0	20.0	15.0
10.0	172.0	18.0	14.0
11.0	172.0	19.0	15.0
11.0	172.0	19.0	15.0
11.0	172.0	19.0	15.0
11.0	172.0	18.0	14.0
11.0	172.0	18.0	14.0
11.0	172.0	18.0	14.0
11.0	172.0	19.0	14.0
13.0	172.0	18.0	14.0
13.0	171.0	19.0	16.0
13.0	172.0	19.0	14.0
13.0	172.0	19.0	14.0
14.0	172.0	19.0	14.0
14.0	171.0	20.0	15.0
15.0	172.0	20.0	15.0
16.0	172.0	19.0	15.0
15.0	171.0	20.0	16.0
15.0	171.0	21.0	16.0
15.0	171.0	21.0	16.0
17.0	171.0	20.0	16.0
17.0	171.0	21.0	16.0
17.0	171.0	21.0	16.0
0.0	169.0	20.0	16.0
0.0	169.0	20.0	16.0
0.0	169.0	20.0	16.0
0.0	169.0	20.0	15.0
0.0	169.0	20.0	15.0
0.0	169.0	22.0	15.0
0.0	169.0	22.0	15.0
1.0	169.0	20.0	15.0
1.0	169.0	19.0	15.0
2.0	170.0	21.0	14.0
25.0	171.0	21.0	16.0
26.0	171.0	21.0	16.0
25.0	171.0	24.0	17.0
25.0	171.0	24.0	17.0
26.0	171.0	23.0	16.0
27.0	170.0	23.0	18.0
28.0	170.0	23.0	18.0
29.0	171.0	23.0	17.0
31.297378540039062	170.64015197753906	23.218103408813477	17.16120719909668
30.0	171.0	24.0	17.0
31.0	171.0	24.0	17.0
32.780765533447266	171.36434936523438	23.56168556213379	16.689529418945312
33.83732986450195	171.0425262451172	24.093839645385742	17.066471099853516
32.0	170.0	26.0	18.0
35.119022369384766	170.6967315673828	26.094614028930664	18.065502166748047
34.0	171.0	26.0	18.0
34.0	171.0	28.0	18.0
36.0	171.0	28.0	18.0
36.0	171.0	27.0	18.0
38.0	171.0	26.0	18.0
38.0	171.0	27.0	19.0
39.0	171.0	28.0	19.0
39.0	171.0	29.0	19.0
41.0	171.0	28.0	19.0
42.0	171.0	28.0	19.0
43.0	170.0	28.0	20.0
45.0	171.0	28.0	20.0
45.0	171.0	29.0	20.0
47.0	171.0	29.0	20.0
48.0	171.0	29.0	20.0
48.0	171.0	30.0	21.0
50.0	171.0	29.0	20.0
51.0	171.0	30.0	21.0
53.76679611206055	170.95468139648438	30.17730140686035	21.12411117553711
53.0	171.0	31.0	21.0
54.0	171.0	32.0	21.0
56.0	171.0	32.0	21.0
57.0	170.0	32.0	23.0
57.0	171.0	32.0	22.0
57.0	171.0	34.0	22.0
60.0	171.0	33.0	22.0
60.0	171.0	34.0	22.0
61.0	170.0	34.0	23.0
62.0	171.0	34.0	23.0
64.0	171.0	35.0	23.0
65.0	171.0	35.0	23.0
66.0	171.0	35.0	24.0
68.0	171.0	35.0	24.0
69.0	171.0	35.0	24.0
70.0	171.0	36.0	24.0
72.0	171.0	36.0	24.0
73.0	170.0	37.0	25.0
74.0	170.0	38.0	26.0
76.0	170.0	37.0	26.0
78.0	170.0	37.0	26.0
79.0	170.0	38.0	26.0
80.0	170.0	39.0	27.0
81.0	170.0	39.0	27.0
83.0	170.0	40.0	27.0
84.0	170.0	40.0	27.0
85.0	170.0	42.0	28.0
87.0	170.0	42.0	28.0
88.0	170.0	43.0	29.0
91.0	170.0	42.0	29.0
93.0	170.0	44.0	29.0
96.2231674194336	171.14830017089844	44.62676239013672	29.413095474243164
94.0	170.0	46.0	30.0
97.0	170.0	47.0	30.0
98.0	169.0	49.0	31.0
102.703369140625	170.61688232421875	48.84626007080078	30.90273666381836
103.88301086425781	170.2718505859375	48.77700424194336	30.85892105102539
104.0	169.0	50.0	33.0
106.0	169.0	51.0	33.0
109.80233001708984	169.79458618164062	51.852577209472656	33.55167007446289
110.0	169.0	53.0	34.0
112.0	169.0	54.0	34.0
115.0	169.0	57.0	34.0
118.0	169.0	56.0	35.0
121.0	169.0	57.0	36.0
123.0	169.0	59.0	37.0
125.0	169.0	61.0	37.0
129.0	168.0	62.0	39.0
131.0	168.0	65.0	40.0
135.0	169.0	65.0	39.0
137.0	169.0	68.0	40.0
141.0	168.0	71.0	42.0
145.0	169.0	72.0	42.0
148.0	168.0	76.0	44.0
152.0	168.0	78.0	45.0
155.0	168.0	81.0	46.0
161.0	168.0	82.0	47.0
165.0	167.0	84.0	50.0
170.0	168.0	88.0	50.0
175.0	168.0	92.0	51.0
180.0	168.0	95.0	53.0
186.0	167.0	99.0	55.0
190.0	167.0	106.0	57.0
198.0	166.0	108.0	59.0
205.0	167.0	111.0	60.0
211.0	167.0	118.0	61.0
217.0	167.0	125.0	64.0
224.0	167.0	131.0	66.0
233.0	168.0	137.0	66.0
242.0	168.0	143.0	70.0
251.0	168.0	148.0	73.0
262.0	168.0	155.0	75.0
272.0	168.0	166.0	79.0
285.0	167.0	170.0	83.0
296.0	168.0	179.0	85.0
309.0	168.0	182.0	88.0
324.0	168.0	167.0	88.0
336.71234130859375	166.63758850097656	167.78439331054688	88.413330078125
