368.0	175.0	7.0	14.0
366.0	174.0	9.0	16.0
366.0	175.0	9.0	16.0
365.0	174.0	9.0	16.0
365.0	175.0	9.0	15.0
364.5858459472656	174.48330688476562	10.0	14.938926696777344
363.40142822265625	174.75271606445312	10.071184158325195	14.824974060058594
364.0	174.0	11.0	17.0
364.0	176.0	8.0	14.0
363.0	174.0	13.0	17.0
360.43975830078125	173.42410278320312	12.84057331085205	16.791519165039062
362.0	174.0	13.0	17.0
360.1331481933594	173.84060668945312	12.919589042663574	16.894847869873047
358.78497314453125	173.6333465576172	12.614593505859375	16.496007919311523
358.48028564453125	174.2208251953125	12.765826225280762	16.693775177001953
360.0	175.0	9.0	16.0
360.0	176.0	8.0	14.0
358.4078063964844	175.25001525878906	10.0	13.98893928527832
358.0859680175781	175.29446411132812	10.086639404296875	14.057403564453125
358.1495361328125	174.8690948486328	10.084421157836914	14.054313659667969
357.5170593261719	175.07904052734375	10.139802932739258	14.021177291870117
356.83734130859375	175.005615234375	10.227499008178711	14.128362655639648
356.64410400390625	175.21444702148438	10.242544174194336	14.10204792022705
356.09759521484375	175.24952697753906	10.240804672241211	14.040194511413574
355.9918518066406	174.47647094726562	10.389524459838867	14.225578308105469
355.3443908691406	175.30686950683594	10.183347702026367	13.905537605285645
354.9074401855469	174.93002319335938	10.279253005981445	13.995587348937988
354.48187255859375	175.07064819335938	10.168020248413086	13.844141006469727
353.96527099609375	175.0671844482422	10.147862434387207	13.784767150878906
353.70684814453125	175.13827514648438	10.094015121459961	13.683065414428711
353.2491149902344	175.29798889160156	10.138083457946777	13.734071731567383
353.0	175.0	10.0	16.0
352.6710205078125	174.14907836914062	10.033947944641113	15.823225021362305
351.6510009765625	174.76182556152344	10.268006324768066	16.192331314086914
351.4555969238281	174.15701293945312	10.270818710327148	16.160369873046875
351.1145935058594	174.26199340820312	10.17841911315918	15.946301460266113
350.74609375	174.4817657470703	10.204023361206055	15.960153579711914
349.84503173828125	174.1512908935547	10.235932350158691	16.010061264038086
349.80377197265625	174.3878936767578	10.276497840881348	16.073509216308594
348.94403076171875	174.39541625976562	10.172386169433594	15.90655517578125
348.9939880371094	174.21566772460938	10.196707725524902	15.944587707519531
348.371337890625	174.7530517578125	10.088069915771484	15.68437671661377
347.7980651855469	174.7008056640625	10.114714622497559	15.69030475616455
347.41973876953125	174.5998077392578	10.267120361328125	15.921686172485352
347.1177062988281	174.2936553955078	10.11879825592041	15.638812065124512
346.7250671386719	174.9141082763672	10.064242362976074	15.526832580566406
346.19671630859375	174.81460571289062	10.066262245178223	15.200671195983887
345.57366943359375	175.12770080566406	10.073969841003418	15.151472091674805
344.84832763671875	175.11819458007812	10.08686351776123	15.060785293579102
344.9092712402344	174.98533630371094	10.169769287109375	15.073898315429688
344.06689453125	175.32725524902344	10.05363655090332	14.791633605957031
343.6797790527344	175.2053985595703	10.109079360961914	14.731477737426758
342.9295959472656	174.87403869628906	10.207113265991211	14.871785163879395
342.87774658203125	174.9082489013672	10.18928337097168	14.845805168151855
342.0794677734375	174.9705047607422	10.198091506958008	14.736837387084961
341.52508544921875	175.41445922851562	10.425825119018555	15.065925598144531
341.2203063964844	175.05764770507812	10.249659538269043	14.811355590820312
340.76214599609375	175.17308044433594	10.344207763671875	14.947982788085938
340.1670837402344	175.12069702148438	10.312167167663574	14.90168285369873
339.86962890625	174.75643920898438	10.383586883544922	14.976183891296387
339.1047058105469	175.09329223632812	10.304887771606445	14.862676620483398
338.7886657714844	174.81668090820312	10.249969482421875	14.754447937011719
337.91680908203125	174.81080627441406	10.39065933227539	14.956965446472168
337.2049865722656	175.32945251464844	10.246702194213867	14.732358932495117
336.7291259765625	175.44131469726562	10.209733963012695	14.679206848144531
336.53424072265625	175.727783203125	10.254345893859863	14.743349075317383
336.06524658203125	175.6707763671875	10.15593147277832	14.467303276062012
335.172607421875	175.56924438476562	10.151865005493164	14.333409309387207
334.9939880371094	175.52992248535156	10.05528450012207	14.019213676452637
334.42169189453125	175.23426818847656	10.172298431396484	14.182355880737305
333.593505859375	175.52346801757812	10.090777397155762	14.056683540344238
333.1750183105469	175.3050994873047	10.201830863952637	14.168497085571289
332.4961853027344	175.83055114746094	10.230473518371582	14.198701858520508
332.43896484375	175.05239868164062	10.263340950012207	14.244318962097168
331.3832092285156	175.3681182861328	10.396242141723633	14.4287691116333
331.12420654296875	175.03907775878906	10.260027885437012	14.239720344543457
330.32183837890625	175.3799591064453	10.260980606079102	14.177604675292969
329.668701171875	175.49386596679688	10.167957305908203	14.02906608581543
329.2533264160156	175.48745727539062	10.027181625366211	13.646615982055664
328.4727478027344	175.73866271972656	10.121991157531738	13.701126098632812
328.4607238769531	175.9097137451172	10.055290222167969	13.538522720336914
327.32781982421875	175.78204345703125	10.222801208496094	13.758819580078125
326.85980224609375	175.7640380859375	10.298792839050293	13.861096382141113
326.80194091796875	175.6548309326172	10.312445640563965	13.879472732543945
325.80401611328125	175.34072875976562	10.280065536499023	13.83447265625
324.884033203125	176.0431365966797	10.231010437011719	13.755956649780273
324.51715087890625	175.6462860107422	10.319567680358887	13.875024795532227
324.337646484375	175.68252563476562	10.1548433303833	13.614407539367676
323.7807312011719	175.58157348632812	10.257737159729004	13.707098007202148
323.4215393066406	175.60195922851562	10.245218276977539	13.628707885742188
322.413818359375	175.9943084716797	10.2822904586792	13.677955627441406
322.0384216308594	175.46311950683594	10.36414909362793	13.786847114562988
321.4991149902344	175.8948211669922	10.335058212280273	13.74425983428955
320.77655029296875	175.88357543945312	10.27460765838623	13.66386890411377
320.266845703125	175.52481079101562	10.27424430847168	13.598973274230957
319.9603576660156	175.40438842773438	10.321393966674805	13.66137981414795
318.8641662597656	175.78707885742188	10.193074226379395	13.444047927856445
318.74786376953125	175.53079223632812	10.26176643371582	13.501843452453613
318.19683837890625	175.88487243652344	10.345670700073242	13.6122407913208
317.71063232421875	175.9343719482422	10.395747184753418	13.675869941711426
317.3617248535156	175.9001922607422	10.431771278381348	13.723260879516602
317.0205993652344	175.6700439453125	10.593247413635254	13.935687065124512
315.6888732910156	175.6197052001953	10.65077018737793	14.011360168457031
314.2165832519531	175.04652404785156	10.828814506530762	14.245580673217773
313.52044677734375	175.24392700195312	10.83322811126709	14.251386642456055
313.11053466796875	174.90133666992188	10.978006362915039	14.44184684753418
312.29949951171875	175.02590942382812	11.053581237792969	14.541265487670898
314.0	176.0	10.0	18.0
312.43353271484375	173.57101440429688	10.069075584411621	17.967987060546875
311.4618225097656	173.5186767578125	10.159375190734863	17.861120223999023
310.57513427734375	173.11181640625	10.333950996398926	18.168041229248047
310.4084167480469	173.13882446289062	10.22428035736084	17.89352035522461
309.0	175.0	12.0	19.0
308.7644958496094	172.7660369873047	12.002411842346191	19.00381851196289
308.0	175.0	11.0	19.0
306.93682861328125	172.73223876953125	11.076980590820312	19.13296890258789
306.863525390625	172.52369689941406	11.006434440612793	19.011117935180664
306.2718811035156	173.24560546875	11.121162414550781	19.209285736083984
305.48199462890625	173.07864379882812	11.012569427490234	19.021717071533203
305.25616455078125	173.424560546875	10.980299949645996	18.965978622436523
305.0032958984375	173.79319763183594	10.824983596801758	18.697704315185547
303.7103576660156	174.24801635742188	11.045110702514648	19.077926635742188
302.668212890625	174.53469848632812	11.199122428894043	19.34394645690918
302.64996337890625	174.71456909179688	11.2029390335083	19.35053825378418
301.4981994628906	174.18589782714844	11.411797523498535	19.711294174194336
300.7286376953125	174.14138793945312	11.68431568145752	20.182008743286133
299.0	174.0	15.0	21.0
298.02459716796875	173.44927978515625	15.392931938171387	21.55010223388672
299.0	176.0	11.0	19.0
298.0	176.0	11.0	19.0
297.0	176.0	11.0	19.0
296.0	177.0	14.0	18.0
293.93218994140625	175.97146606445312	14.089498519897461	18.115070343017578
293.37939453125	177.25045776367188	14.365976333618164	18.653610229492188
292.9690246582031	177.7132568359375	14.85273551940918	19.263587951660156
292.4454650878906	178.37059020996094	15.099576950073242	19.913991928100586
292.0783386230469	178.8709716796875	15.39206314086914	20.58809471130371
291.76409912109375	179.2938232421875	15.665102005004883	21.26448631286621
291.5048522949219	179.64398193359375	15.943147659301758	21.929519653320312
291.2871398925781	179.93106079101562	16.229089736938477	22.57320785522461
291.0968933105469	180.16259765625	16.52289390563965	23.18891716003418
285.0	174.0	16.0	21.0
284.8302307128906	174.72825622558594	15.883932113647461	20.8476619720459
285.0	175.0	12.0	20.0
285.0	176.0	11.0	19.0
285.0	176.0	12.0	19.0
284.0	175.0	12.0	20.0
284.0	175.0	11.0	20.0
283.0	175.0	12.0	20.0
282.0	174.0	12.0	21.0
282.0	175.0	12.0	20.0
280.0	175.0	12.0	21.0
279.0	176.0	12.0	19.0
277.0	174.0	13.0	23.0
276.0	176.0	13.0	20.0
277.0	175.0	12.0	21.0
276.0	176.0	12.0	20.0
275.0	177.0	12.0	20.0
274.0	176.0	12.0	21.0
274.0	175.0	12.0	22.0
271.0	175.0	14.0	22.0
268.7330322265625	173.95761108398438	14.123186111450195	22.193578720092773
268.279052734375	173.96585083007812	14.315206527709961	22.495325088500977
267.3761901855469	173.6709747314453	14.413790702819824	22.65024185180664
266.06854248046875	173.58743286132812	14.169403076171875	22.26620101928711
265.01226806640625	173.64224243164062	14.00616455078125	22.00968360900879
264.1154479980469	174.66433715820312	13.849276542663574	21.763145446777344
263.08355712890625	174.17489624023438	13.623759269714355	21.408761978149414
263.0	176.0	12.0	20.0
262.0	173.0	14.0	24.0
259.6049499511719	173.24285888671875	14.29954719543457	24.513507843017578
259.16815185546875	172.9198455810547	14.399165153503418	24.684282302856445
259.0	175.0	12.0	22.0
257.0	175.0	14.0	22.0
257.0	175.0	13.0	22.0
255.0644989013672	174.9066925048828	13.030766487121582	22.052066802978516
254.0	175.0	13.0	24.0
252.0	175.0	14.0	23.0
251.0	174.0	15.0	24.0
249.77676391601562	172.81251525878906	15.028203964233398	24.04512596130371
249.0	174.0	14.0	24.0
249.0	174.0	13.0	23.0
247.0	173.0	13.0	25.0
244.0	173.0	15.0	26.0
244.0	173.0	14.0	25.0
244.0	173.0	13.0	26.0
243.0	175.0	14.0	24.0
240.0	174.0	15.0	25.0
240.0	174.0	13.0	25.0
239.0	176.0	14.0	23.0
239.0	175.0	14.0	24.0
237.0	176.0	12.0	22.0
230.0	175.0	14.0	25.0
228.0	175.0	15.0	25.0
228.0	175.0	13.0	25.0
227.0	175.0	14.0	25.0
225.0	175.0	15.0	25.0
220.0	175.0	15.0	25.0
219.0	175.0	15.0	25.0
216.0	175.0	14.0	25.0
212.66744995117188	173.53158569335938	13.966631889343262	24.940414428710938
213.0	175.0	15.0	25.0
211.0	175.0	14.0	25.0
205.0	175.0	16.0	26.0
205.0	175.0	17.0	27.0
201.0	174.0	15.0	27.0
200.0	175.0	16.0	26.0
196.99349975585938	174.8693084716797	15.919439315795898	25.869091033935547
194.0	175.0	17.0	27.0
194.0	174.0	16.0	28.0
