10.0	172.0	19.0	15.0
11.0	171.0	19.0	15.0
11.0	172.0	19.0	14.0
11.0	171.0	20.0	15.0
11.0	171.0	21.0	15.0
11.0	170.0	21.0	16.0
12.0	171.0	21.0	16.0
12.0	170.0	20.0	16.0
11.0	170.0	21.0	16.0
12.0	171.0	20.0	15.0
11.0	169.0	22.0	18.0
12.0	171.0	21.0	15.0
12.0	170.0	21.0	16.0
13.0	171.0	20.0	15.0
13.0	171.0	21.0	15.0
13.0	171.0	21.0	15.0
13.0	171.0	22.0	16.0
14.0	171.0	21.0	15.0
14.0	171.0	21.0	16.0
15.0	171.0	20.0	16.0
16.0	171.0	20.0	16.0
15.0	170.0	21.0	16.0
15.0	171.0	22.0	17.0
15.0	170.0	22.0	17.0
15.0	171.0	23.0	17.0
15.0	171.0	23.0	18.0
15.0	171.0	24.0	18.0
16.0	171.0	23.0	18.0
17.0	171.0	23.0	18.0
18.0	171.0	23.0	18.0
17.0	171.0	25.0	19.0
18.0	171.0	25.0	19.0
18.0	171.0	25.0	19.0
18.0	171.0	26.0	19.0
19.0	171.0	26.0	19.0
20.0	171.0	26.0	19.0
21.0	171.0	26.0	19.0
21.0	170.0	28.0	20.0
21.0	170.0	28.0	20.0
22.0	170.0	28.0	21.0
22.0	170.0	29.0	21.0
22.0	170.0	30.0	22.0
23.0	170.0	31.0	22.0
24.0	170.0	31.0	22.0
24.0	170.0	32.0	22.0
27.0	170.0	31.0	22.0
27.0	170.0	33.0	23.0
28.0	169.0	33.0	24.0
30.0	170.0	33.0	23.0
31.0	170.0	34.0	23.0
30.0	170.0	37.0	24.0
31.0	169.0	37.0	25.0
32.0	170.0	38.0	25.0
34.0	169.0	38.0	26.0
35.0	169.0	39.0	26.0
37.0	169.0	38.0	26.0
38.0	168.0	40.0	28.0
39.0	169.0	41.0	27.0
40.0	169.0	42.0	28.0
41.0	169.0	43.0	28.0
44.0	169.0	42.0	28.0
46.0	169.0	43.0	28.0
46.0	169.0	45.0	29.0
49.0	169.0	45.0	29.0
51.0	169.0	46.0	30.0
53.0	169.0	47.0	30.0
54.0	168.0	49.0	32.0
56.0	168.0	49.0	31.0
59.0	168.0	50.0	32.0
60.0	169.0	52.0	32.0
63.0	168.0	53.0	33.0
66.0	168.0	53.0	33.0
68.0	168.0	55.0	34.0
71.0	168.0	56.0	34.0
74.0	167.0	57.0	36.0
76.0	167.0	59.0	37.0
79.0	167.0	60.0	37.0
82.0	166.0	62.0	39.0
81.65451049804688	164.5723876953125	67.19171142578125	40.860809326171875
90.0	166.0	64.0	40.0
92.0	167.0	68.0	41.0
96.0	166.0	70.0	43.0
101.0	167.0	71.0	43.0
104.0	166.0	74.0	45.0
108.0	166.0	75.0	45.0
112.0	167.0	81.0	46.0
117.0	167.0	84.0	47.0
122.0	167.0	85.0	48.0
128.0	166.0	90.0	51.0
133.0	166.0	94.0	52.0
140.0	166.0	97.0	54.0
146.0	166.0	101.0	57.0
152.0	165.0	106.0	59.0
157.0	165.0	114.0	61.0
166.0	165.0	116.0	63.0
174.0	166.0	125.0	64.0
182.0	165.0	131.0	68.0
191.0	165.0	140.0	71.0
202.0	166.0	147.0	74.0
212.0	166.0	155.0	77.0
223.0	166.0	165.0	80.0
236.0	166.0	176.0	83.0
248.0	165.0	189.0	88.0
262.0	165.0	204.0	91.0
286.4793395996094	163.46160888671875	203.37738037109375	90.72225952148438
296.0	166.0	197.0	90.0
315.0	167.0	178.0	89.0
