1.0	172.0	18.0	11.0
0.0	171.0	16.0	12.0
0.0	171.0	16.0	12.0
0.0	170.0	16.0	13.0
0.0	170.0	16.0	13.0
0.0	170.0	16.0	13.0
0.0	170.0	16.0	13.0
0.0	170.0	16.0	13.0
0.0	170.0	16.0	13.0
0.0	170.0	16.0	13.0
0.0	169.0	17.0	14.0
0.0	170.0	17.0	13.0
1.0	171.0	16.0	12.0
1.0	170.0	16.0	13.0
1.0	170.0	17.0	13.0
1.0	170.0	17.0	13.0
2.0	171.0	16.0	13.0
2.0	171.0	17.0	13.0
1.0	170.0	19.0	14.0
2.0	170.0	17.0	14.0
2.0	170.0	18.0	14.0
3.0	171.0	17.0	13.0
3.0	171.0	18.0	13.0
3.0	171.0	19.0	13.0
4.0	171.0	17.0	13.0
4.0	171.0	19.0	14.0
5.0	170.0	19.0	15.0
6.0	170.0	18.0	15.0
6.0	171.0	18.0	14.0
7.0	170.0	18.0	15.0
7.0	171.0	18.0	14.0
7.0	170.0	18.0	14.0
8.0	171.0	18.0	14.0
8.0	171.0	18.0	14.0
9.0	171.0	18.0	14.0
9.0	171.0	19.0	15.0
10.0	170.0	19.0	15.0
9.0	169.0	21.0	16.0
10.0	169.0	20.0	16.0
10.0	169.0	20.0	16.0
11.0	169.0	20.0	16.0
12.0	169.0	19.0	16.0
12.0	169.0	20.0	16.0
12.0	169.0	21.0	17.0
13.0	170.0	21.0	16.0
11.0	169.0	24.0	18.0
12.0	170.0	23.0	17.0
13.0	169.0	24.0	18.0
16.0	169.0	22.0	17.0
17.0	169.0	21.0	17.0
17.0	170.0	22.0	17.0
17.0	169.0	23.0	18.0
19.0	170.0	23.0	17.0
19.0	169.0	24.0	18.0
20.0	170.0	24.0	17.0
20.0	169.0	24.0	18.0
21.0	169.0	24.0	18.0
21.0	169.0	25.0	19.0
22.0	170.0	26.0	18.0
23.0	170.0	26.0	18.0
23.0	169.0	27.0	19.0
24.0	170.0	27.0	18.0
25.0	170.0	27.0	19.0
27.0	170.0	27.0	19.0
28.0	170.0	27.0	19.0
29.0	169.0	27.0	20.0
30.0	170.0	28.0	19.0
31.0	170.0	29.0	19.0
33.0	170.0	27.0	19.0
34.0	170.0	28.0	19.0
35.0	170.0	28.0	20.0
36.0	169.0	29.0	21.0
37.0	170.0	29.0	20.0
39.0	170.0	29.0	21.0
39.0	170.0	30.0	20.0
41.0	169.0	31.0	22.0
43.0	169.0	31.0	22.0
44.0	169.0	32.0	23.0
45.0	169.0	33.0	23.0
47.0	169.0	33.0	23.0
48.0	169.0	34.0	23.0
50.0	169.0	35.0	24.0
52.0	169.0	35.0	23.0
54.0	169.0	36.0	24.0
54.0	169.0	38.0	24.0
57.0	169.0	37.0	24.0
59.0	169.0	38.0	25.0
62.0	169.0	38.0	25.0
63.0	169.0	39.0	26.0
65.0	169.0	39.0	26.0
68.0	169.0	39.0	26.0
70.0	169.0	41.0	27.0
72.0	169.0	41.0	27.0
74.0	169.0	42.0	27.0
77.0	169.0	44.0	27.0
79.0	169.0	45.0	28.0
82.0	169.0	45.0	28.0
84.0	169.0	46.0	28.0
87.0	169.0	47.0	29.0
90.0	170.0	48.0	28.0
93.0	169.0	48.0	30.0
96.0	169.0	50.0	31.0
99.0	169.0	51.0	31.0
102.0	169.0	53.0	32.0
105.0	169.0	54.0	32.0
109.0	168.0	55.0	34.0
113.0	169.0	55.0	33.0
117.0	169.0	57.0	34.0
121.0	169.0	58.0	34.0
124.0	169.0	60.0	35.0
128.0	169.0	63.0	35.0
133.0	169.0	63.0	36.0
137.0	169.0	66.0	37.0
142.0	169.0	67.0	38.0
147.0	169.0	70.0	38.0
152.0	169.0	71.0	39.0
158.0	168.0	74.0	41.0
162.0	169.0	78.0	42.0
168.0	169.0	79.0	42.0
175.0	169.0	80.0	44.0
182.0	169.0	82.0	45.0
188.0	169.0	87.0	46.0
195.0	169.0	89.0	47.0
202.0	168.0	93.0	50.0
210.0	168.0	96.0	51.0
218.0	169.0	101.0	52.0
227.0	169.0	104.0	53.0
235.0	169.0	110.0	56.0
243.0	168.0	119.0	59.0
254.0	169.0	122.0	59.0
264.0	169.0	129.0	61.0
276.0	169.0	135.0	63.0
288.0	170.0	143.0	65.0
303.0	170.0	148.0	68.0
316.0	171.0	156.0	71.0
330.0	170.0	162.0	75.0
345.0	170.0	147.0	79.0
