93.0	172.0	20.0	14.0
94.0	173.0	19.0	14.0
93.0	172.0	21.0	15.0
94.0	172.0	20.0	15.0
95.0	172.0	20.0	15.0
94.0	172.0	22.0	15.0
94.0	172.0	22.0	15.0
96.0	173.0	21.0	15.0
97.0	173.0	20.0	15.0
98.0	173.0	20.0	14.0
98.0	173.0	21.0	15.0
99.0	173.0	20.0	15.0
100.0	173.0	20.0	15.0
98.0	172.0	22.0	16.0
100.0	173.0	21.0	15.0
99.0	172.0	22.0	16.0
100.0	173.0	22.0	15.0
102.0	173.0	20.0	15.0
104.0	174.0	19.0	14.0
103.0	173.0	22.0	16.0
104.0	173.0	22.0	16.0
104.0	173.0	23.0	16.0
106.0	173.0	21.0	16.0
105.0	173.0	24.0	17.0
106.0	173.0	23.0	17.0
107.0	173.0	22.0	17.0
107.0	173.0	24.0	17.0
108.0	173.0	24.0	17.0
109.0	173.0	25.0	18.0
110.0	173.0	24.0	17.0
110.0	172.0	26.0	19.0
111.0	173.0	25.0	17.0
113.0	173.0	24.0	18.0
112.0	173.0	27.0	19.0
112.0	172.0	27.0	21.0
112.0	172.0	28.0	20.0
113.0	172.0	28.0	21.0
115.0	172.0	28.0	20.0
115.0	172.0	28.0	20.0
142.0	174.0	26.0	18.0
141.0	174.0	27.0	18.0
145.26783752441406	175.23312377929688	26.50118637084961	17.667457580566406
143.0	174.0	28.0	19.0
145.0	174.0	26.0	19.0
145.0	174.0	27.0	19.0
146.0	174.0	27.0	18.0
147.0	174.0	27.0	19.0
147.0	173.0	28.0	20.0
148.0	174.0	28.0	19.0
148.0	174.0	29.0	20.0
149.0	174.0	29.0	20.0
150.0	174.0	29.0	19.0
151.0	174.0	29.0	19.0
151.0	174.0	30.0	20.0
153.0	174.0	29.0	21.0
153.0	174.0	30.0	21.0
155.0	174.0	28.0	20.0
156.0	174.0	28.0	21.0
154.0	173.0	31.0	22.0
155.0	173.0	33.0	22.0
154.0	174.0	33.0	22.0
146.0	173.0	40.0	24.0
145.0	172.0	44.0	26.0
143.0	172.0	46.0	27.0
146.0	172.0	43.0	27.0
148.0	171.0	43.0	29.0
148.0	171.0	45.0	29.0
150.0	171.0	45.0	29.0
151.0	171.0	46.0	30.0
154.0	171.0	45.0	30.0
156.0	171.0	46.0	31.0
157.0	170.0	48.0	32.0
160.0	170.0	49.0	32.0
162.0	170.0	50.0	32.0
165.0	170.0	50.0	33.0
167.0	170.0	51.0	34.0
170.0	170.0	53.0	34.0
172.0	169.0	55.0	36.0
175.0	170.0	56.0	35.0
176.0	169.0	59.0	37.0
179.0	169.0	61.0	38.0
183.0	169.0	61.0	39.0
187.0	169.0	62.0	40.0
185.44351196289062	167.961669921875	63.57062530517578	40.71333312988281
184.74273681640625	167.82066345214844	65.96620178222656	40.96099853515625
183.38735961914062	167.1776123046875	68.48731994628906	41.525787353515625
203.0	169.0	69.0	43.0
207.0	169.0	71.0	45.0
210.0	169.0	74.0	45.0
215.0	168.0	77.0	48.0
220.0	169.0	80.0	47.0
223.0	168.0	83.0	50.0
230.0	168.0	85.0	51.0
236.0	168.0	87.0	53.0
240.0	168.0	93.0	54.0
246.0	168.0	97.0	56.0
252.0	168.0	102.0	58.0
259.0	168.0	107.0	59.0
266.0	167.0	112.0	63.0
273.0	167.0	117.0	65.0
281.0	167.0	123.0	67.0
289.0	167.0	131.0	70.0
298.0	167.0	138.0	73.0
307.0	167.0	147.0	76.0
318.0	167.0	156.0	80.0
329.0	167.0	162.0	83.0
341.0	166.0	152.0	87.0
354.0	167.0	139.0	87.0
