20.0	172.0	10.0	15.0
20.0	171.0	9.0	15.0
21.0	172.0	9.0	14.0
22.0	172.0	9.0	14.0
23.0	171.0	10.0	16.0
23.0	172.0	10.0	15.0
24.0	172.0	10.0	15.0
23.0	172.0	10.0	15.0
25.0	172.0	9.0	15.0
24.0	172.0	11.0	15.0
25.0	172.0	10.0	15.0
27.0	170.0	10.0	18.0
27.0	171.0	10.0	17.0
27.0	172.0	10.0	16.0
27.678253173828125	171.2248077392578	10.073446273803711	15.985339164733887
28.086681365966797	171.5416717529297	10.048681259155273	15.712567329406738
29.46579933166504	171.98159790039062	10.085641860961914	15.67536449432373
30.04079818725586	170.11647033691406	10.144128799438477	15.694389343261719
30.496078491210938	171.32960510253906	10.229155540466309	15.777542114257812
31.5262508392334	171.08242797851562	10.214319229125977	15.754658699035645
31.550622940063477	171.80702209472656	10.318395614624023	15.863116264343262
32.66105270385742	171.42739868164062	10.180859565734863	15.574905395507812
31.0	170.0	13.0	22.0
32.0	170.0	13.0	22.0
33.0	170.0	12.0	22.0
35.0	169.0	12.0	22.0
35.0788688659668	169.56881713867188	11.995373725891113	21.991519927978516
35.99281311035156	170.00161743164062	12.050982475280762	22.093469619750977
36.51701354980469	169.94749450683594	11.84962272644043	21.72430992126465
36.803375244140625	169.3800811767578	12.139259338378906	22.255308151245117
38.38917922973633	169.3337860107422	11.93325138092041	21.877628326416016
39.0	171.0	13.0	22.0
40.0	169.0	13.0	24.0
41.0	171.0	12.0	22.0
40.07871627807617	172.06173706054688	12.1280517578125	22.23476219177246
41.91716766357422	170.56967163085938	12.275202751159668	22.50453758239746
43.18894958496094	170.1613311767578	12.31544303894043	22.578310012817383
42.0	171.0	16.0	18.0
44.0	170.0	14.0	22.0
45.278099060058594	169.9078369140625	13.99323844909668	21.989376068115234
46.59766387939453	169.64407348632812	14.059181213378906	22.093000411987305
46.91166305541992	171.15597534179688	13.950775146484375	21.922649383544922
48.06645965576172	170.43617248535156	14.178726196289062	22.28085708618164
50.0	170.0	13.0	20.0
51.29039764404297	171.8122100830078	13.052156448364258	20.080238342285156
51.46189498901367	170.9657745361328	13.148431777954102	20.22835350036621
52.33698654174805	171.78671264648438	13.171972274780273	20.264570236206055
53.6666374206543	170.73095703125	13.162142753601074	20.249446868896484
55.687583923339844	170.06124877929688	13.057357788085938	20.088237762451172
55.98956298828125	169.7068328857422	13.25561809539795	20.39325523376465
57.24225997924805	169.68516540527344	13.352726936340332	20.542652130126953
57.44038772583008	170.48641967773438	13.537149429321289	20.826379776000977
60.0	169.0	14.0	27.0
60.0	170.0	15.0	26.0
61.8956298828125	170.0814208984375	14.976079940795898	25.958541870117188
63.55339813232422	168.974609375	14.787271499633789	25.631275177001953
65.06781005859375	168.69949340820312	14.545267105102539	25.2117977142334
67.0	170.0	13.0	27.0
67.57633209228516	169.19625854492188	12.64179801940918	26.256038665771484
69.1304931640625	167.7266082763672	12.476454734802246	25.912633895874023
70.47142028808594	168.511962890625	12.412323951721191	25.779438018798828
71.31563568115234	166.94876098632812	12.521363258361816	26.005905151367188
73.27272033691406	167.54248046875	12.246912956237793	25.435894012451172
74.0	169.0	15.0	26.0
75.40716552734375	168.12738037109375	14.735379219055176	25.541324615478516
77.2271499633789	167.13121032714844	14.554006576538086	25.226943969726562
77.55366516113281	165.79721069335938	14.426899909973145	25.00662612915039
78.39034271240234	167.87509155273438	14.307147026062012	24.799053192138672
80.35907745361328	167.6702423095703	13.93565559387207	24.155134201049805
81.54490661621094	168.5318145751953	13.926406860351562	24.13910484313965
83.14912414550781	167.6865234375	13.931089401245117	24.147220611572266
84.25335693359375	167.76588439941406	13.8939790725708	24.082897186279297
85.48544311523438	167.8008575439453	14.09507942199707	24.431468963623047
86.99872589111328	167.3800048828125	14.013473510742188	24.290019989013672
89.86492919921875	167.83148193359375	14.064598083496094	24.37863540649414
89.68207550048828	169.64898681640625	14.329904556274414	24.838497161865234
91.35575866699219	168.66871643066406	14.254302978515625	24.707454681396484
92.29478454589844	168.86862182617188	14.310833930969238	24.805438995361328
94.06957244873047	168.29257202148438	14.478416442871094	25.095914840698242
95.23167419433594	168.2207489013672	14.471542358398438	25.08399772644043
96.85609436035156	168.23611450195312	14.455920219421387	25.056921005249023
99.9686279296875	167.25656127929688	14.433019638061523	25.017227172851562
100.62876892089844	169.01669311523438	14.450971603393555	25.048343658447266
101.69136047363281	168.6683807373047	14.494898796081543	25.12448501586914
103.5449447631836	169.58377075195312	14.631452560424805	25.361181259155273
104.51499938964844	169.38035583496094	14.815774917602539	25.6806697845459
106.87257385253906	168.4818878173828	14.792379379272461	25.640117645263672
108.04347229003906	168.60491943359375	14.938532829284668	25.893451690673828
109.75108337402344	167.99697875976562	15.270983695983887	26.46969985961914
110.4826889038086	168.01156616210938	15.315109252929688	26.546184539794922
111.7098159790039	168.40975952148438	15.405694961547852	26.703197479248047
113.895751953125	168.01968383789062	15.389986038208008	26.67596435546875
114.56243896484375	168.72743225097656	15.294377326965332	26.510242462158203
116.2059097290039	168.43026733398438	15.154119491577148	26.26712989807129
118.72335052490234	168.4615936279297	15.411537170410156	26.713321685791016
118.91288757324219	168.89181518554688	15.542803764343262	26.94085121154785
121.89677429199219	168.8226318359375	15.363210678100586	26.62955665588379
122.8622055053711	168.4534454345703	15.781564712524414	27.35470199584961
125.59361267089844	168.18899536132812	15.684657096862793	27.186731338500977
127.537353515625	168.78826904296875	15.603361129760742	27.045822143554688
129.21820068359375	169.31272888183594	15.556890487670898	26.965274810791016
131.52005004882812	168.87045288085938	15.480974197387695	26.83368492126465
133.63040161132812	169.03208923339844	15.635371208190918	27.101306915283203
136.6193084716797	168.4962158203125	15.864514350891113	27.498485565185547
139.15347290039062	169.848388671875	16.217113494873047	28.10965919494629
140.1052703857422	169.38369750976562	16.273406982421875	28.20723533630371
143.98812866210938	168.57167053222656	16.06375503540039	27.84383773803711
145.87039184570312	169.1682586669922	16.089033126831055	27.88765525817871
149.3308868408203	169.1468048095703	16.21597671508789	28.10769271850586
151.1180877685547	169.97073364257812	16.4589786529541	28.528900146484375
153.2088623046875	170.7364959716797	16.576839447021484	28.73319435119629
157.5001220703125	169.35586547851562	16.606021881103516	28.783777236938477
160.70248413085938	169.8035430908203	16.54871940612793	28.684452056884766
164.22116088867188	169.4019317626953	16.656370162963867	28.871044158935547
168.28851318359375	169.10586547851562	16.759681701660156	29.050119400024414
169.8391571044922	169.90199279785156	16.900447845458984	29.294118881225586
174.11192321777344	169.87591552734375	16.70957374572754	28.963268280029297
177.3306427001953	169.7396240234375	16.728235244750977	28.995615005493164
181.1894073486328	170.4174041748047	16.866010665893555	29.234424591064453
184.0	167.0	22.0	37.0
187.27383422851562	168.37710571289062	22.345386505126953	37.58087921142578
190.86575317382812	168.82009887695312	22.175601959228516	37.29533386230469
195.32876586914062	168.34732055664062	22.22327995300293	37.375518798828125
199.4145050048828	168.565185546875	22.339221954345703	37.57051467895508
204.1735076904297	168.9591522216797	22.793912887573242	38.33522415161133
207.71377563476562	168.41873168945312	23.103687286376953	38.8562126159668
213.72085571289062	168.3802490234375	22.79705047607422	38.34050369262695
218.4300994873047	167.29559326171875	22.622638702392578	38.04717254638672
223.64907836914062	167.12008666992188	23.151443481445312	38.9365234375
227.4364776611328	167.82070922851562	23.06368637084961	38.78893280029297
233.0591278076172	167.73287963867188	23.22896385192871	39.06690216064453
241.07919311523438	167.18052673339844	23.1959228515625	39.01133346557617
245.24740600585938	167.9901123046875	23.668407440185547	39.80596160888672
251.103515625	168.64369201660156	23.544689178466797	39.59788131713867
258.0486755371094	169.02774047851562	23.70310401916504	39.86430740356445
263.4596862792969	168.8426055908203	24.30010414123535	40.86835479736328
269.4193115234375	167.52508544921875	24.442123413085938	41.107200622558594
276.2202453613281	169.05291748046875	24.82157325744629	41.745365142822266
283.494384765625	168.1789093017578	25.183773040771484	42.354522705078125
290.8454284667969	170.5465545654297	25.453746795654297	42.808570861816406
297.5821228027344	170.42666625976562	25.5956974029541	43.047306060791016
306.2288513183594	167.55372619628906	25.81948471069336	43.423683166503906
314.2508239746094	169.2764892578125	25.82625389099121	43.43506622314453
322.93499755859375	169.7524871826172	25.9299373626709	43.60944366455078
330.70318603515625	170.5319366455078	26.126708984375	43.94037628173828
339.1853942871094	171.18603515625	26.17972755432129	44.02954864501953
349.57659912109375	170.60092163085938	26.100372314453125	43.89608383178711
359.53216552734375	170.62698364257812	25.7883243560791	43.37127685546875
372.3512268066406	170.50869750976562	26.005889892578125	43.737178802490234
381.52459716796875	169.5558319091797	26.183147430419922	44.0352897644043
393.50347900390625	169.15084838867188	26.09926986694336	43.89422607421875
405.7866516113281	171.04055786132812	26.543514251708984	44.64136505126953
418.61328125	169.0630645751953	26.946523666381836	45.319149017333984
435.16839599609375	170.62185668945312	27.53059959411621	46.30146026611328
446.9158630371094	170.60952758789062	28.081371307373047	47.227760314941406
