167.0	219.0	16.0	15.0
165.0	206.0	16.0	17.0
163.0	193.0	18.0	18.0
162.0	183.0	16.0	16.0
158.0	173.0	19.0	18.0
157.0	168.0	17.0	18.0
155.0	164.0	17.0	17.0
155.0	159.0	16.0	18.0
155.0	159.0	16.0	17.0
154.0	161.0	17.0	18.0
152.21371459960938	166.23086547851562	17.12274742126465	18.129966735839844
152.0	177.0	17.0	16.0
151.0	190.0	16.0	17.0
149.0	206.0	16.0	17.0
148.0	223.0	17.0	17.0
147.0	229.0	17.0	17.0
146.0	214.0	19.0	19.0
145.0	201.0	16.0	17.0
145.0	192.0	15.0	15.0
144.0	180.0	17.0	17.0
142.0	173.0	16.0	16.0
143.0	166.0	16.0	16.0
144.0	164.0	14.0	16.0
143.0	160.0	15.0	17.0
143.0	161.0	15.0	16.0
143.0	168.0	14.0	15.0
142.0	179.0	14.0	14.0
140.0	193.0	17.0	17.0
139.0	209.0	16.0	16.0
139.0	228.0	16.0	17.0
138.0	223.0	18.0	17.0
138.0	208.0	15.0	15.0
138.0	194.0	15.0	16.0
138.0	180.0	16.0	16.0
137.0	170.0	19.0	20.0
137.0	164.0	14.0	14.0
136.5010223388672	160.70257568359375	14.183125495910645	14.183125495910645
136.0	156.0	16.0	18.0
138.0	157.0	14.0	14.0
138.0	158.0	15.0	15.0
137.2922821044922	158.32748413085938	16.204914093017578	16.344013214111328
138.7157745361328	167.71583557128906	15.991419792175293	16.128686904907227
140.0	189.0	18.0	17.0
139.0	206.0	18.0	17.0
139.0	226.0	17.0	17.0
139.0	225.0	17.0	17.0
140.0	209.0	16.0	17.0
139.0	195.0	17.0	17.0
139.0	183.0	18.0	17.0
140.0	175.0	17.0	17.0
142.0	165.0	14.0	15.0
143.0	158.0	14.0	15.0
145.0	152.0	14.0	14.0
147.0	147.0	15.0	15.0
150.08297729492188	141.76368713378906	15.003085136413574	15.003085136413574
157.0	140.0	14.0	14.0
163.2036895751953	139.11520385742188	13.90239143371582	13.90239143371582
169.47100830078125	138.83238220214844	14.048982620239258	14.048982620239258
173.78549194335938	138.2562255859375	14.03088092803955	14.03088092803955
172.6217803955078	138.90982055664062	13.924311637878418	13.924311637878418
168.08848571777344	139.48373413085938	13.768972396850586	13.768972396850586
164.39198303222656	141.1239776611328	13.589581489562988	13.589581489562988
163.43142700195312	141.5406494140625	13.551469802856445	13.551469802856445
164.22512817382812	140.21900939941406	13.513020515441895	13.513020515441895
167.72882080078125	138.60206604003906	13.516820907592773	13.516820907592773
174.0	138.0	14.0	15.0
177.0	137.0	14.0	14.0
176.03167724609375	135.43795776367188	13.799209594726562	13.799209594726562
169.993408203125	134.28158569335938	14.023523330688477	14.023523330688477
164.4654083251953	134.079345703125	14.106584548950195	14.106584548950195
159.3506317138672	135.48678588867188	14.443841934204102	14.443841934204102
158.70486450195312	135.4716339111328	14.245162963867188	14.245162963867188
161.0	131.0	18.0	18.0
167.0	132.0	16.0	17.0
175.0	135.0	15.0	14.0
178.0	134.0	15.0	16.0
176.48980712890625	133.70828247070312	14.905969619750977	15.899701118469238
170.6564483642578	132.10084533691406	14.606282234191895	15.580032348632812
162.0	131.0	18.0	17.0
157.0	132.0	17.0	16.0
156.0	132.0	15.0	16.0
158.46168518066406	131.2998504638672	14.725336074829102	15.707023620605469
165.0	129.0	16.0	15.0
172.0	128.0	16.0	15.0
181.0	129.0	14.0	14.0
183.641357421875	128.09622192382812	13.980850219726562	13.980850219726562
181.0	124.0	15.0	14.0
176.8997039794922	120.41218566894531	14.835309028625488	13.846287727355957
170.28240966796875	117.1220703125	15.047566413879395	14.044395446777344
165.0	115.0	14.0	14.0
160.0	113.0	15.0	15.0
159.0	111.0	15.0	15.0
161.0	107.0	15.0	15.0
165.0	105.0	15.0	15.0
170.0	103.0	15.0	15.0
175.0	102.0	15.0	15.0
175.76065063476562	100.25140380859375	15.292428970336914	15.292428970336914
172.0	99.0	15.0	14.0
166.0	98.0	15.0	14.0
161.0	98.0	15.0	15.0
156.0	99.0	15.0	16.0
156.0	96.0	14.0	14.0
159.0027313232422	91.24817657470703	14.035433769226074	14.035433769226074
161.0	88.0	16.0	15.0
165.0	86.0	15.0	15.0
168.0	85.0	16.0	16.0
172.0	86.0	15.0	15.0
176.0	87.0	15.0	16.0
178.0	90.0	17.0	17.0
182.0	96.0	14.0	14.0
180.5867156982422	97.01128387451172	14.1267671585083	14.1267671585083
177.0	95.0	16.0	15.0
172.0	95.0	16.0	15.0
167.0	95.0	16.0	15.0
164.36672973632812	97.97280883789062	15.931625366210938	14.93589973449707
165.0	98.0	15.0	14.0
168.0	95.0	16.0	15.0
174.0	95.0	15.0	14.0
179.0	95.0	15.0	14.0
184.0	97.0	15.0	15.0
183.9498748779297	96.36824035644531	14.919326782226562	14.919326782226562
179.91586303710938	96.27436828613281	14.764289855957031	14.764289855957031
174.0	96.0	17.0	16.0
169.0	99.0	16.0	16.0
165.0	102.0	15.0	16.0
162.0	105.0	16.0	16.0
164.48593139648438	107.42545318603516	15.803750991821289	15.803750991821289
171.0	109.0	14.0	15.0
178.25955200195312	112.63639831542969	13.979792594909668	14.978349685668945
185.0	118.0	13.0	12.0
187.0	121.0	15.0	15.0
186.0	125.0	15.0	15.0
182.3922576904297	129.8347930908203	14.81993293762207	14.81993293762207
177.45831298828125	135.09197998046875	15.016141891479492	15.016141891479492
173.0	142.0	14.0	16.0
170.6189422607422	149.1965789794922	14.060365676879883	16.068988800048828
168.0	156.0	15.0	16.0
166.93948364257812	162.44598388671875	14.894200325012207	15.887147903442383
166.0	168.0	16.0	17.0
165.0	180.0	17.0	17.0
165.0	195.0	17.0	16.0
164.0	213.0	15.0	15.0
163.0	230.0	15.0	16.0
161.0	222.0	16.0	16.0
160.0	207.0	15.0	16.0
156.0	191.0	18.0	18.0
156.0	182.0	17.0	16.0
159.0	177.0	15.0	15.0
161.0	174.0	16.0	16.0
166.0	176.0	15.0	16.0
171.0	181.0	16.0	16.0
177.0	191.0	16.0	17.0
184.0	202.0	17.0	18.0
190.0	218.0	16.0	16.0
196.0	231.0	16.0	16.0
198.0	223.0	17.0	16.0
201.0	211.0	17.0	17.0
203.0	202.0	16.0	16.0
207.0	193.0	15.0	15.0
210.0	187.0	15.0	15.0
213.0	183.0	15.0	15.0
215.0	186.0	13.0	14.0
218.0	192.0	14.0	13.0
209.0	195.0	18.0	16.0
221.0	208.0	16.0	16.0
221.0	218.0	18.0	17.0
225.0	234.0	15.0	14.0
225.0	227.0	16.0	16.0
224.0	214.0	17.0	17.0
229.0	209.0	13.0	14.0
228.0	199.0	14.0	15.0
225.0	191.0	16.0	17.0
225.0	190.0	16.0	17.0
226.0	193.0	16.0	17.0
230.0	206.0	16.0	16.0
227.0	216.0	18.0	18.0
229.0	231.0	17.0	16.0
228.0	221.0	18.0	18.0
228.0	209.0	19.0	19.0
229.0	201.0	16.0	16.0
227.279296875	193.5371856689453	15.669168472290039	15.669168472290039
223.0	189.0	17.0	17.0
221.0	187.0	16.0	16.0
217.0	186.0	17.0	17.0
212.0	188.0	16.0	15.0
207.0	192.0	16.0	16.0
197.0	197.0	18.0	18.0
189.0	209.0	17.0	17.0
179.0	223.0	17.0	16.0
170.0	229.0	18.0	18.0
164.0	219.0	17.0	16.0
156.0	210.0	17.0	16.0
150.0	199.0	17.0	17.0
143.0	192.0	18.0	18.0
138.0	185.0	17.0	17.0
136.0	181.0	18.0	17.0
134.0	177.0	16.0	16.0
134.0	171.0	19.0	19.0
135.0	168.0	18.0	18.0
137.0	166.0	18.0	17.0
141.0	164.0	15.0	16.0
146.0	166.0	16.0	16.0
150.0	166.0	17.0	16.0
155.1295166015625	171.4662628173828	17.012121200561523	16.011409759521484
156.15721130371094	173.1960906982422	17.110088348388672	16.103612899780273
158.2532501220703	166.1743621826172	16.93104362487793	15.935101509094238
163.23873901367188	169.13230895996094	16.883468627929688	15.890325546264648
172.14453125	161.9051513671875	16.84383201599121	15.853021621704102
179.382568359375	161.47145080566406	16.53704833984375	15.564282417297363
202.0	138.0	17.0	17.0
204.8002471923828	137.657470703125	17.069839477539062	17.069839477539062
208.0	141.0	16.0	16.0
210.88558959960938	141.80966186523438	16.119892120361328	16.119892120361328
212.80908203125	143.73355102539062	15.905420303344727	15.905420303344727
214.4585418701172	145.1443634033203	16.105587005615234	16.105587005615234
216.2350311279297	146.4288330078125	16.146894454956055	16.146894454956055
218.25051879882812	147.98146057128906	15.603090286254883	15.603090286254883
219.0	150.0	16.0	17.0
220.1161651611328	150.90048217773438	15.888575553894043	16.881610870361328
220.7063751220703	152.1509552001953	16.068069458007812	17.072322845458984
221.22994995117188	153.59942626953125	16.024045944213867	17.02554702758789
221.31137084960938	154.08975219726562	15.977452278137207	16.97603988647461
222.31216430664062	154.6969757080078	15.707117080688477	16.68880844116211
221.0	219.0	16.0	17.0
220.0	224.0	15.0	16.0
217.0	211.0	17.0	17.0
215.0	203.0	15.0	15.0
213.0	194.0	16.0	16.0
215.0	192.0	13.0	14.0
217.0	188.0	16.0	16.0
222.0	185.0	15.0	16.0
226.0	184.0	14.0	16.0
229.0	184.0	14.0	14.0
233.0	182.0	14.0	14.0
229.0	180.0	15.0	14.0
223.0	178.0	14.0	14.0
215.0	176.0	16.0	17.0
206.0	175.0	18.0	17.0
193.0	171.0	18.0	18.0
181.0	170.0	18.0	18.0
173.0	171.0	16.0	16.0
165.0	175.0	16.0	15.0
159.0	179.0	16.0	17.0
154.0	187.0	17.0	17.0
155.0	198.0	16.0	16.0
152.0	209.0	17.0	16.0
151.0	224.0	17.0	16.0
152.0	227.0	15.0	15.0
153.0	214.0	16.0	16.0
155.0	202.0	17.0	18.0
156.0	194.0	17.0	17.0
158.0	189.0	14.0	14.0
160.0	180.0	15.0	16.0
159.47805786132812	179.5108642578125	15.07288932800293	16.077749252319336
162.66366577148438	172.09207153320312	15.341501235961914	16.364267349243164
165.0	202.0	14.0	14.0
165.0	213.0	15.0	16.0
167.0	230.0	14.0	14.0
169.0	219.0	13.0	14.0
179.0	205.0	12.0	14.0
178.0	194.0	16.0	16.0
179.0	184.0	16.0	16.0
182.0	176.0	16.0	18.0
184.0	170.0	15.0	17.0
187.0	166.0	14.0	14.0
186.0	163.0	14.0	14.0
184.0	160.0	14.0	14.0
181.0	158.0	16.0	18.0
179.0	160.0	17.0	17.0
180.0	167.0	15.0	15.0
178.0	170.0	17.0	18.0
180.0	185.0	17.0	16.0
182.0	196.0	15.0	14.0
182.0	213.0	17.0	16.0
185.0	230.0	14.0	14.0
185.0	214.0	16.0	16.0
185.0	199.0	16.0	17.0
186.0	189.0	15.0	15.0
187.0	179.0	15.0	15.0
189.0	173.0	14.0	15.0
191.0	172.0	14.0	14.0
191.0	175.0	16.0	17.0
194.0	185.0	16.0	16.0
196.0	200.0	15.0	15.0
197.0	215.0	15.0	15.0
200.0	228.0	13.0	14.0
198.0	215.0	16.0	15.0
198.0	201.0	15.0	16.0
196.0	191.0	17.0	16.0
198.0	183.0	14.0	13.0
199.0	175.0	13.0	14.0
199.0	169.0	14.0	14.0
200.0	167.0	14.0	14.0
202.0	166.0	15.0	16.0
207.0	172.0	14.0	15.0
212.0	182.0	15.0	14.0
215.0	197.0	13.0	14.0
214.0	211.0	17.0	17.0
216.0	230.0	15.0	14.0
213.0	213.0	17.0	17.0
210.0	199.0	17.0	17.0
211.0	188.0	15.0	16.0
209.0	177.0	16.0	17.0
208.0	169.0	15.0	17.0
207.0	164.0	16.0	17.0
205.0	163.0	16.0	16.0
202.0	164.0	17.0	18.0
201.0	173.0	17.0	19.0
201.0	187.0	17.0	17.0
200.0	202.0	16.0	16.0
195.0	218.0	18.0	19.0
193.0	227.0	15.0	15.0
191.0	213.0	16.0	16.0
187.0	199.0	16.0	17.0
185.0	187.0	17.0	17.0
183.0	178.0	16.0	17.0
181.0	170.0	16.0	17.0
181.0	166.0	15.0	16.0
181.0	163.0	15.0	16.0
182.0	160.0	15.0	16.0
184.0	160.0	16.0	17.0
186.0	163.0	18.0	18.0
190.0	172.0	16.0	17.0
194.0	184.0	17.0	16.0
201.0	199.0	16.0	16.0
207.0	217.0	17.0	16.0
214.0	234.0	15.0	14.0
217.0	219.0	16.0	16.0
220.0	204.0	16.0	18.0
224.0	192.0	17.0	16.0
230.0	181.0	15.0	16.0
234.0	172.0	17.0	17.0
236.0	166.0	17.0	16.0
240.0	160.0	15.0	15.0
239.0	155.0	17.0	17.0
239.0	152.0	16.0	16.0
236.0	149.0	15.0	15.0
231.0	147.0	15.0	16.0
223.4924774169922	148.53817749023438	15.201181411743164	16.2145938873291
216.0	149.0	17.0	16.0
212.0	152.0	15.0	16.0
211.0	150.0	16.0	16.0
215.0	148.0	17.0	17.0
224.0	145.0	16.0	15.0
229.34915161132812	143.89395141601562	15.521565437316895	14.55146598815918
231.0223388671875	141.7319793701172	15.619455337524414	14.643237113952637
227.0	137.0	17.0	18.0
219.0	133.0	20.0	20.0
217.0	136.0	18.0	16.0
212.0	136.0	17.0	17.0
210.1761932373047	137.08045959472656	16.93475914001465	16.93475914001465
213.0	139.0	14.0	14.0
217.044677734375	137.99105834960938	14.002484321594238	14.002484321594238
216.0301971435547	136.9215850830078	14.215032577514648	14.200480461120605
226.0	134.0	19.0	19.0
231.0	135.0	16.0	17.0
231.0	135.0	16.0	17.0
227.0	134.0	18.0	18.0
221.3252410888672	134.30288696289062	17.886764526367188	17.886764526367188
216.358154296875	137.32711791992188	17.75667381286621	17.75667381286621
212.74365234375	138.5260772705078	17.29898452758789	17.29898452758789
212.6691436767578	138.4197235107422	17.43671417236328	17.43671417236328
215.0270538330078	138.29202270507812	17.39944839477539	17.39944839477539
220.8238983154297	137.19772338867188	17.1503963470459	17.1503963470459
229.0	138.0	17.0	16.0
238.0955810546875	138.4879608154297	16.92177391052246	15.926374435424805
244.73135375976562	135.27037048339844	17.05443000793457	16.051227569580078
243.55718994140625	136.49993896484375	17.422033309936523	16.538232803344727
245.68453979492188	140.21844482421875	17.286802291870117	16.409862518310547
243.3154754638672	138.64535522460938	17.027395248413086	16.163616180419922
237.3239288330078	136.38583374023438	17.076370239257812	16.210107803344727
231.49942016601562	137.01060485839844	16.992271423339844	16.13027572631836
224.10220336914062	136.8603515625	17.03265953063965	16.16861343383789
221.61752319335938	138.0834197998047	16.93490982055664	16.075820922851562
172.0	135.0	19.0	19.0
165.19671630859375	137.76693725585938	19.008121490478516	19.008121490478516
160.44711303710938	135.71212768554688	19.425514221191406	19.425514221191406
162.15499877929688	135.8108673095703	16.98080825805664	16.492006301879883
164.42825317382812	134.9101104736328	15.879642486572266	15.612492561340332
166.6883087158203	134.1798095703125	16.02635383605957	16.075218200683594
168.4866485595703	133.26890563964844	16.06956672668457	16.357282638549805
169.90603637695312	132.26927185058594	16.108312606811523	16.578962326049805
170.96409606933594	131.1148681640625	16.2179012298584	16.819902420043945
171.70101928710938	129.79302978515625	16.387117385864258	17.0456600189209
172.14761352539062	128.26980590820312	16.627918243408203	17.2497501373291
172.339111328125	126.51900482177734	16.962244033813477	17.433935165405273
172.33380126953125	124.54344940185547	17.411977767944336	17.597375869750977
172.21615600585938	122.3800048828125	18.00032615661621	17.743331909179688
115.0	186.0	23.0	26.0
112.0	186.0	22.0	25.0
108.0845718383789	186.42823791503906	21.760181427001953	24.727479934692383
106.67582702636719	184.61692810058594	21.48038101196289	24.409523010253906
103.129150390625	187.061279296875	21.31237030029297	24.218603134155273
100.69752502441406	185.2169189453125	21.013019561767578	23.878433227539062
97.85218048095703	185.00210571289062	21.11807632446289	23.997814178466797
220.0	131.0	18.0	17.0
214.1721649169922	131.65089416503906	17.977109909057617	16.978382110595703
208.0	135.0	17.0	17.0
206.0	135.0	17.0	16.0
207.0	133.0	16.0	16.0
210.0	127.0	16.0	16.0
215.3739013671875	126.76522064208984	15.653573989868164	15.653573989868164
221.0	124.0	20.0	19.0
226.26513671875	123.1883544921875	19.78310775756836	18.79395294189453
228.484375	122.87458801269531	20.046329498291016	19.04401397705078
230.0	123.0	16.0	17.0
227.225830078125	119.59489440917969	15.702413558959961	16.683813095092773
221.8516082763672	116.77760314941406	15.714601516723633	16.696762084960938
214.0	115.0	17.0	16.0
210.0	116.0	15.0	14.0
204.0	116.0	16.0	16.0
200.0	119.0	15.0	15.0
196.0	120.0	15.0	15.0
194.08737182617188	119.79351806640625	15.007034301757812	15.007034301757812
194.0	122.0	14.0	14.0
193.23155212402344	121.61690521240234	13.963552474975586	13.963552474975586
194.0	121.0	15.0	14.0
196.0	119.0	14.0	14.0
196.0	116.0	16.0	15.0
200.0	115.0	14.0	15.0
203.0931854248047	112.63079833984375	13.853617668151855	14.843162536621094
202.0	110.0	15.0	15.0
204.0	108.0	14.0	14.0
205.0	106.0	15.0	16.0
205.0	105.0	16.0	16.0
206.0	105.0	15.0	15.0
205.0	105.0	16.0	16.0
206.0	107.0	15.0	15.0
205.0	107.0	16.0	16.0
205.0	110.0	16.0	15.0
204.0	111.0	16.0	16.0
203.0	113.0	15.0	16.0
201.0	115.0	16.0	17.0
200.0	121.0	14.0	13.0
198.0762939453125	124.31180572509766	14.092656135559082	13.086038589477539
197.0	128.0	15.0	14.0
197.5232391357422	132.09811401367188	15.271705627441406	14.253593444824219
201.0	138.0	14.0	15.0
203.0	143.0	16.0	16.0
207.41812133789062	148.97891235351562	16.138338088989258	16.138338088989258
210.0	153.0	14.0	15.0
211.4514923095703	157.53994750976562	13.805010795593262	14.791082382202148
213.841552734375	161.40817260742188	13.70246410369873	14.681211471557617
215.7830810546875	162.25331115722656	13.886945724487305	14.878870010375977
212.0	165.0	16.0	17.0
212.0	165.0	16.0	17.0
209.7995147705078	163.75881958007812	15.884117126464844	16.876873016357422
207.0	161.0	13.0	14.0
201.0	157.0	16.0	17.0
198.0	151.0	16.0	17.0
197.0	142.0	18.0	18.0
198.0	137.0	15.0	16.0
197.0	133.0	15.0	16.0
197.0	129.0	13.0	14.0
196.0	127.0	16.0	16.0
197.38851928710938	126.1423110961914	16.106386184692383	16.106386184692383
196.0	128.0	16.0	16.0
195.5943145751953	126.2294921875	15.973713874816895	15.973713874816895
196.0	128.0	14.0	14.0
195.46763610839844	129.26817321777344	13.951858520507812	13.951858520507812
196.14291381835938	131.81072998046875	14.210774421691895	14.210774421691895
195.5387725830078	132.02236938476562	14.452364921569824	14.452364921569824
194.63758850097656	131.21749877929688	14.490819931030273	14.490819931030273
195.0	132.0	15.0	14.0
195.0	132.0	15.0	15.0
196.19015502929688	133.23965454101562	15.089025497436523	15.089025497436523
195.63470458984375	133.36387634277344	15.198675155639648	15.198675155639648
195.38238525390625	134.1168975830078	15.2989501953125	15.2989501953125
196.24057006835938	133.59341430664062	15.491961479187012	15.491961479187012
196.0	134.0	15.0	14.0
195.63226318359375	134.4490203857422	15.058969497680664	14.055038452148438
194.0	134.0	15.0	15.0
191.0	136.0	16.0	16.0
190.0	137.0	16.0	16.0
189.0	136.0	16.0	16.0
187.0	136.0	15.0	15.0
186.0	136.0	15.0	16.0
182.0	137.0	17.0	17.0
180.0	142.0	16.0	17.0
180.24783325195312	141.82936096191406	16.297035217285156	17.315601348876953
182.0	137.0	14.0	14.0
183.0	131.0	15.0	15.0
184.0	128.0	15.0	16.0
185.0	125.0	15.0	16.0
187.0	125.0	13.0	15.0
188.0	125.0	15.0	15.0
190.0	126.0	14.0	14.0
191.0	129.0	13.0	14.0
192.52023315429688	133.73080444335938	13.024374008178711	14.02624797821045
195.91751098632812	137.89694213867188	13.113855361938477	14.122610092163086
196.0	140.0	16.0	17.0
197.71389770507812	141.98085021972656	16.014019012451172	17.014896392822266
202.0	146.0	15.0	15.0
205.0	148.0	13.0	14.0
207.0	148.0	15.0	15.0
209.0	148.0	16.0	16.0
211.0	150.0	16.0	17.0
212.0	153.0	16.0	17.0
211.8514404296875	152.8209686279297	16.218029022216797	17.23165512084961
212.67996215820312	152.57095336914062	16.538639068603516	17.572303771972656
214.00991821289062	151.86399841308594	16.666032791137695	17.707658767700195
214.0	151.0	15.0	15.0
215.13671875	153.95680236816406	14.624468803405762	14.624468803405762
215.0	157.0	14.0	13.0
214.0	156.0	16.0	15.0
213.0	157.0	16.0	16.0
211.8245391845703	157.72262573242188	16.25505828857422	16.25505828857422
211.8162384033203	158.69021606445312	16.39436149597168	16.39436149597168
212.0	162.0	18.0	18.0
211.6907196044922	163.50259399414062	17.955249786376953	17.955249786376953
212.0	165.0	18.0	19.0
211.1244354248047	164.609619140625	18.303817749023438	19.320697784423828
210.0	165.0	18.0	18.0
206.6511688232422	158.40277099609375	17.873546600341797	17.873546600341797
205.0	154.0	12.0	13.0
203.0	147.0	14.0	16.0
201.0	141.0	14.0	14.0
200.71047973632812	134.50169372558594	14.440305709838867	14.440305709838867
201.1492156982422	130.472900390625	14.495819091796875	14.495819091796875
200.0	128.0	13.0	14.0
200.25111389160156	127.1747055053711	12.97864818572998	13.977006912231445
201.0	128.0	14.0	15.0
201.0	128.0	14.0	16.0
200.96023559570312	128.67417907714844	14.12721061706543	16.145381927490234
197.74905395507812	129.9999542236328	14.345418930053711	16.39476203918457
197.16751098632812	131.85244750976562	14.433194160461426	16.495079040527344
195.9324493408203	132.21658325195312	14.48603630065918	16.55547332763672
192.0	136.0	15.0	16.0
189.0	138.0	16.0	16.0
186.0	139.0	16.0	16.0
183.0	140.0	15.0	16.0
182.25796508789062	141.87933349609375	15.115606307983398	16.12331199645996
178.0	146.0	17.0	16.0
177.0	151.0	15.0	15.0
173.0	152.0	17.0	17.0
175.0	151.0	15.0	15.0
173.0	151.0	15.0	15.0
172.0	151.0	16.0	17.0
172.0	150.0	16.0	17.0
172.0	148.0	17.0	17.0
173.0	148.0	16.0	16.0
175.0	147.0	16.0	17.0
176.0	146.0	17.0	17.0
179.0	145.0	17.0	17.0
179.68785095214844	142.9874267578125	17.055641174316406	17.055641174316406
183.0	145.0	18.0	19.0
184.28857421875	141.74276733398438	17.957908630371094	18.9555721282959
186.0	146.0	16.0	15.0
190.0	146.0	15.0	16.0
192.44424438476562	146.91409301757812	15.126423835754395	16.134851455688477
193.5059356689453	147.35867309570312	15.256708145141602	16.273822784423828
195.38455200195312	150.24717712402344	15.314977645874023	16.33597755432129
197.8845672607422	151.26348876953125	15.183362007141113	16.195587158203125
200.0	154.0	17.0	18.0
202.0	157.0	17.0	17.0
206.54000854492188	161.34097290039062	16.879241943359375	16.879241943359375
207.07601928710938	164.63967895507812	16.831924438476562	16.831924438476562
206.77188110351562	164.9187469482422	16.510635375976562	16.510635375976562
207.49423217773438	166.0851593017578	16.413419723510742	16.413419723510742
208.6788330078125	166.49609375	16.457401275634766	16.457401275634766
208.0	168.0	17.0	19.0
207.9742889404297	167.4840850830078	17.317922592163086	19.35532569885254
205.0	168.0	19.0	18.0
204.8732452392578	162.7616424560547	18.978134155273438	17.979286193847656
202.5865020751953	158.36781311035156	18.571720123291016	17.59426498413086
203.0	152.0	16.0	18.0
200.0	147.0	14.0	15.0
198.81173706054688	138.7424774169922	14.188302993774414	15.201753616333008
197.77413940429688	133.4761199951172	14.485522270202637	15.52020263671875
195.34951782226562	129.22998046875	14.377538681030273	15.404505729675293
196.0	126.0	15.0	15.0
196.27334594726562	124.93328857421875	14.578245162963867	14.578245162963867
195.0	124.0	15.0	15.0
194.4280548095703	124.20406341552734	15.159673690795898	15.159673690795898
193.0	124.0	16.0	17.0
192.3559112548828	125.0308609008789	16.045066833496094	17.047883987426758
191.0	128.0	16.0	15.0
189.0	128.0	15.0	16.0
188.0	128.0	15.0	15.0
187.0	129.0	15.0	15.0
185.0	128.0	15.0	15.0
184.0	129.0	14.0	15.0
182.0	130.0	16.0	17.0
180.55758666992188	131.0760955810547	15.950671195983887	16.947586059570312
179.0	133.0	18.0	18.0
176.8717498779297	130.33319091796875	17.857446670532227	17.857446670532227
181.0	131.0	15.0	15.0
181.91162109375	129.73727416992188	14.904062271118164	14.904062271118164
185.0	129.0	15.0	16.0
187.0	132.0	16.0	17.0
189.0	135.0	17.0	17.0
192.0	136.0	15.0	16.0
196.04800415039062	134.0275421142578	14.897119522094727	15.8902587890625
198.24337768554688	134.9560546875	14.954731941223145	15.951711654663086
203.9213409423828	136.61819458007812	14.9324951171875	15.92799186706543
206.466064453125	140.6069793701172	14.855287551879883	15.845637321472168
209.0	145.0	16.0	18.0
213.01541137695312	149.54476928710938	15.75111198425293	17.720001220703125
213.73440551757812	154.74822998046875	15.891087532043457	17.877471923828125
213.0	159.0	18.0	17.0
215.0	163.0	16.0	17.0
215.3411102294922	164.75167846679688	16.081789016723633	17.086902618408203
216.17822265625	166.92227172851562	16.210031509399414	17.22315788269043
217.0	169.0	15.0	15.0
217.53402709960938	169.10604858398438	14.9077730178833	14.9077730178833
216.3803253173828	168.9960174560547	14.873120307922363	14.873120307922363
215.41604614257812	167.89686584472656	14.871249198913574	14.871249198913574
212.0	165.0	16.0	18.0
207.0	164.0	19.0	18.0
204.0	162.0	17.0	17.0
199.0	164.0	18.0	18.0
196.0	169.0	16.0	18.0
191.0	178.0	16.0	17.0
186.0	190.0	18.0	18.0
183.0	204.0	16.0	17.0
179.0	223.0	16.0	16.0
176.0	226.0	17.0	17.0
175.0	212.0	17.0	17.0
176.0	200.0	15.0	17.0
170.0	189.0	17.0	16.0
169.0	179.0	17.0	17.0
168.0	175.0	15.0	16.0
168.0	170.0	15.0	16.0
170.0	167.0	13.0	14.0
173.0	163.0	15.0	16.0
176.0	162.0	14.0	14.0
182.0	161.0	15.0	15.0
186.0	162.0	15.0	15.0
190.0	164.0	18.0	19.0
198.0	173.0	14.0	15.0
202.0	184.0	14.0	15.0
204.0	196.0	15.0	16.0
209.0	211.0	16.0	16.0
212.0	228.0	15.0	15.0
212.0	215.0	17.0	18.0
211.0	200.0	19.0	20.0
208.0	193.0	18.0	18.0
214.0	182.0	15.0	15.0
215.0	176.0	15.0	15.0
214.0	170.0	16.0	16.0
214.0	167.0	15.0	15.0
211.0	166.0	16.0	16.0
208.0	167.0	16.0	17.0
206.0	174.0	14.0	15.0
201.0	182.0	15.0	15.0
195.0	194.0	15.0	16.0
189.0	208.0	16.0	15.0
184.0	224.0	15.0	16.0
178.50140380859375	218.6026611328125	14.799524307250977	15.786158561706543
175.0	206.0	14.0	16.0
169.0	195.0	15.0	17.0
165.0	186.0	15.0	16.0
159.0	178.0	16.0	15.0
155.0	173.0	16.0	15.0
154.0	168.0	16.0	15.0
153.0	166.0	16.0	15.0
153.0	166.0	14.0	15.0
154.0	169.0	12.0	13.0
153.0	175.0	14.0	14.0
150.0	183.0	16.0	16.0
151.0	196.0	14.0	15.0
149.0	210.0	12.0	13.0
147.0	225.0	14.0	14.0
147.0	216.0	13.0	13.0
147.0	206.0	13.0	14.0
147.0	196.0	13.0	14.0
146.0	186.0	14.0	15.0
145.0	181.0	15.0	14.0
146.0	178.0	13.0	13.0
145.0	175.0	14.0	14.0
146.0	174.0	14.0	15.0
148.0	176.0	14.0	15.0
148.0	182.0	15.0	14.0
148.0	193.0	15.0	16.0
146.0	207.0	14.0	14.0
144.0	222.0	14.0	14.0
141.0	217.0	13.0	14.0
142.0	206.0	14.0	14.0
139.0	194.0	16.0	16.0
138.0	185.0	15.0	15.0
138.0	179.0	14.0	14.0
137.0	173.0	16.0	17.0
136.0	171.0	16.0	16.0
139.0	165.0	14.0	15.0
142.0	163.0	13.0	13.0
144.0	160.0	15.0	14.0
149.0	159.0	14.0	14.0
153.0	159.0	13.0	14.0
155.0	159.0	15.0	16.0
161.0	165.0	16.0	16.0
162.38442993164062	169.3888702392578	16.000202178955078	16.000202178955078
168.0	182.0	14.0	13.0
171.0	194.0	17.0	17.0
176.0	209.0	15.0	16.0
179.0	225.0	15.0	15.0
180.0	217.0	15.0	15.0
180.0	203.0	15.0	16.0
182.0	193.0	15.0	15.0
182.0	184.0	14.0	14.0
183.1250457763672	175.92776489257812	14.175860404968262	14.175860404968262
183.0	171.0	14.0	15.0
183.0	168.0	14.0	14.0
183.0	165.0	14.0	15.0
181.0	164.0	14.0	15.0
180.0	165.0	15.0	15.0
180.0	167.0	14.0	15.0
178.0	171.0	15.0	17.0
174.0	182.0	16.0	15.0
174.0	191.0	16.0	16.0
170.0	204.0	15.0	16.0
167.0	219.0	17.0	16.0
163.0	222.0	16.0	16.0
163.0	210.0	14.0	15.0
160.0	200.0	16.0	16.0
159.0	193.0	14.0	13.0
157.0	183.0	16.0	16.0
156.0	178.0	16.0	16.0
155.74546813964844	173.0980682373047	16.095094680786133	16.095094680786133
156.0	171.0	17.0	17.0
154.1041717529297	170.6114044189453	17.251340866088867	17.251340866088867
155.0	171.0	17.0	17.0
155.0	176.0	15.0	15.0
156.0	181.0	16.0	15.0
157.0	191.0	16.0	16.0
158.0	203.0	15.0	16.0
157.0	216.0	15.0	15.0
158.0	227.0	14.0	14.0
158.0	215.0	14.0	14.0
157.0	204.0	15.0	15.0
158.0	196.0	14.0	15.0
159.0	189.0	16.0	16.0
157.0	185.0	17.0	16.0
157.0	180.0	17.0	16.0
159.0	179.0	16.0	16.0
159.0	178.0	18.0	16.0
160.0	175.0	15.0	15.0
164.0	173.0	14.0	15.0
171.44894409179688	170.71392822265625	13.934577941894531	14.929903984069824
179.89395141601562	168.10748291015625	14.107327461242676	15.114992141723633
186.0	166.0	16.0	15.0
193.0	166.0	14.0	15.0
198.86231994628906	164.8937530517578	14.041542053222656	15.04450798034668
202.0	165.0	15.0	15.0
202.0	166.0	16.0	16.0
201.0	167.0	16.0	16.0
201.0	168.0	15.0	16.0
197.928955078125	169.3706512451172	14.941804885864258	15.9379243850708
200.3333282470703	172.4979705810547	14.876707077026367	15.868487358093262
204.2906494140625	179.5028076171875	15.045354843139648	16.04837989807129
209.5616455078125	178.09426879882812	15.238401412963867	16.254297256469727
208.48397827148438	179.108154296875	14.856106758117676	15.846514701843262
205.95327758789062	179.75534057617188	14.830853462219238	15.819580078125
207.0609130859375	178.35055541992188	14.844879150390625	15.834539413452148
207.38754272460938	178.5000762939453	14.872201919555664	15.863682746887207
207.9790496826172	178.44549560546875	14.903307914733887	15.89686107635498
210.2294464111328	174.19131469726562	14.781702041625977	15.7671480178833
175.0	166.0	19.0	17.0
185.0	166.0	18.0	17.0
194.0	165.0	16.0	16.0
200.0	164.0	17.0	15.0
202.5272216796875	162.85191345214844	17.221019744873047	15.195019721984863
204.6015625	163.25721740722656	17.172740936279297	15.15241813659668
206.0	165.0	16.0	15.0
203.0	166.0	15.0	15.0
200.0	167.0	16.0	15.0
197.0	170.0	14.0	17.0
199.6092071533203	171.35690307617188	13.982339859008789	16.97855567932129
206.8114471435547	178.1974639892578	13.96186351776123	16.953693389892578
208.29708862304688	177.34384155273438	13.915498733520508	16.89739227294922
210.3409423828125	177.5469512939453	13.75488567352295	16.702363967895508
208.0644989013672	177.7442626953125	13.949610710144043	16.93881607055664
209.67422485351562	176.63111877441406	14.113993644714355	17.138423919677734
204.9247283935547	174.7788543701172	14.109936714172363	17.13349723815918
200.31674194335938	178.48435974121094	13.958758354187012	16.94992446899414
165.0	166.0	14.0	13.0
177.0	171.0	16.0	16.0
184.7030792236328	170.70245361328125	15.922406196594238	15.922406196594238
195.0	170.0	16.0	16.0
199.4630584716797	168.87789916992188	16.12766456604004	16.12766456604004
203.0	169.0	16.0	16.0
204.79904174804688	168.42832946777344	15.887155532836914	15.887155532836914
203.0	169.0	16.0	16.0
202.0	168.0	13.0	14.0
200.0	171.0	12.0	13.0
197.47608947753906	172.6241912841797	12.032258987426758	13.034947395324707
202.44578552246094	178.42599487304688	12.110575675964355	13.119791030883789
204.05068969726562	181.7375946044922	12.210305213928223	13.227831840515137
203.04708862304688	183.8783721923828	12.262663841247559	13.284553527832031
205.816162109375	182.64620971679688	12.100419998168945	13.108790397644043
204.42752075195312	188.13800048828125	12.181466102600098	13.1965913772583
200.32102966308594	188.82867431640625	10.845318794250488	12.89685344696045
193.55953979492188	191.9209442138672	8.888370513916016	11.501036643981934
187.014892578125	196.3328857421875	7.855792045593262	10.098605155944824
181.31851196289062	200.59275817871094	7.546612739562988	9.484257698059082
174.0	179.0	8.0	10.0
173.16116333007812	181.15191650390625	10.0	10.146235466003418
168.0	178.0	13.0	13.0
162.0	179.0	16.0	16.0
167.0	182.0	15.0	15.0
167.61788940429688	183.73336791992188	15.207374572753906	15.207374572753906
165.05194091796875	177.6454620361328	15.078414916992188	15.078414916992188
164.6312255859375	178.9766387939453	15.044670104980469	15.044670104980469
