103.0	175.0	18.0	12.0
102.0	174.0	19.0	13.0
103.0	174.0	18.0	13.0
103.0	174.0	19.0	13.0
104.0	175.0	18.0	12.0
104.0	175.0	19.0	12.0
104.0	174.0	19.0	13.0
105.0	174.0	18.0	13.0
105.0	175.0	18.0	13.0
104.0	174.0	20.0	14.0
106.0	174.0	18.0	13.0
106.0	173.0	19.0	14.0
106.0	174.0	19.0	14.0
107.0	173.0	19.0	14.0
108.0	174.0	18.0	14.0
107.0	174.0	19.0	14.0
107.0	174.0	20.0	14.0
108.0	174.0	19.0	14.0
109.0	174.0	19.0	15.0
109.0	174.0	19.0	14.0
109.0	174.0	19.0	14.0
109.0	173.0	20.0	15.0
110.0	174.0	19.0	15.0
110.0	174.0	20.0	15.0
110.0	174.0	21.0	15.0
110.0	173.0	21.0	16.0
110.0	173.0	21.0	15.0
111.0	173.0	22.0	15.0
112.0	173.0	21.0	16.0
112.0	173.0	21.0	16.0
113.0	174.0	20.0	15.0
112.0	173.0	22.0	16.0
112.0	173.0	22.0	16.0
112.0	173.0	23.0	16.0
113.0	174.0	22.0	16.0
114.0	174.0	22.0	15.0
114.0	174.0	22.0	15.0
115.0	174.0	22.0	15.0
115.0	174.0	22.0	15.0
115.0	174.0	23.0	15.0
116.0	174.0	23.0	16.0
116.0	174.0	23.0	16.0
116.0	174.0	24.0	16.0
117.0	174.0	23.0	16.0
117.0	174.0	24.0	16.0
118.0	174.0	23.0	16.0
118.0	174.0	24.0	16.0
120.0	174.0	23.0	16.0
119.0	173.0	25.0	17.0
120.0	174.0	25.0	16.0
119.0	173.0	26.0	17.0
119.0	173.0	26.0	18.0
120.0	173.0	27.0	17.0
121.0	174.0	27.0	17.0
122.0	174.0	26.0	17.0
124.0	174.0	25.0	17.0
124.0	174.0	26.0	17.0
125.0	173.0	25.0	18.0
126.0	173.0	25.0	18.0
126.0	173.0	25.0	18.0
127.0	173.0	25.0	18.0
128.0	174.0	25.0	17.0
129.0	173.0	25.0	18.0
130.7494659423828	173.68783569335938	24.871826171875	17.90771484375
130.0	173.0	26.0	18.0
131.46133422851562	173.2093963623047	26.039493560791016	18.027341842651367
131.0	173.0	27.0	18.0
132.0	173.0	27.0	19.0
133.0	173.0	26.0	19.0
132.0	172.0	28.0	20.0
135.77554321289062	173.11875915527344	28.11539649963379	20.082427978515625
135.13980102539062	173.0968780517578	27.988948822021484	19.992107391357422
135.52896118164062	172.7220916748047	27.390064239501953	19.5643310546875
136.0	173.0	28.0	19.0
137.0	173.0	31.0	19.0
138.0	173.0	31.0	20.0
139.0	173.0	29.0	20.0
139.0	172.0	30.0	21.0
140.0	173.0	31.0	21.0
141.0	173.0	31.0	21.0
142.0	172.0	31.0	21.0
142.0	172.0	32.0	22.0
143.0	173.0	32.0	21.0
144.0	172.0	33.0	22.0
145.0	173.0	33.0	21.0
146.0	173.0	33.0	22.0
148.0	172.0	33.0	22.0
148.0	172.0	34.0	23.0
149.0	172.0	34.0	23.0
150.0	173.0	35.0	23.0
151.0	172.0	35.0	24.0
152.0	172.0	35.0	24.0
154.0	173.0	35.0	23.0
154.0	173.0	36.0	23.0
156.0	173.0	35.0	24.0
157.0	173.0	36.0	24.0
158.0	172.0	38.0	25.0
160.55795288085938	173.1388702392578	38.198143005371094	25.130355834960938
162.0	172.0	40.0	25.0
162.83895874023438	173.3585662841797	40.16613006591797	25.103832244873047
163.0	172.0	41.0	26.0
165.0	172.0	40.0	26.0
166.0	172.0	41.0	26.0
167.0	172.0	42.0	26.0
169.0	172.0	42.0	27.0
171.0	173.0	43.0	26.0
172.0	172.0	43.0	27.0
174.0	172.0	42.0	27.0
176.0	172.0	43.0	28.0
177.78297424316406	171.60757446289062	43.78328323364258	28.510046005249023
178.9763641357422	172.33261108398438	43.682106018066406	28.444162368774414
180.0	173.0	46.0	28.0
182.0	173.0	47.0	28.0
184.0	173.0	47.0	28.0
186.0	173.0	47.0	29.0
188.0	173.0	48.0	29.0
190.0	173.0	48.0	29.0
191.0	173.0	51.0	30.0
193.0	172.0	51.0	31.0
196.0	172.0	51.0	31.0
198.0	172.0	53.0	31.0
199.0	172.0	55.0	32.0
201.0	173.0	52.0	31.0
205.0	173.0	56.0	32.0
207.0	173.0	58.0	32.0
203.95248413085938	173.7091827392578	59.5277214050293	32.8428840637207
212.0	173.0	59.0	33.0
212.833984375	171.800537109375	60.150413513183594	33.643455505371094
215.09475708007812	170.65725708007812	61.384674072265625	34.33380126953125
220.0	173.0	63.0	34.0
223.0	172.0	63.0	35.0
226.0	172.0	64.0	36.0
229.0	172.0	66.0	37.0
232.0	172.0	67.0	37.0
235.0	173.0	71.0	37.0
239.70849609375	173.43629455566406	70.69886016845703	36.84306716918945
241.0	172.0	72.0	39.0
244.0	172.0	74.0	39.0
247.0	172.0	77.0	40.0
251.0	171.0	77.0	41.0
255.0	172.0	78.0	41.0
259.0	171.0	80.0	43.0
263.89886474609375	169.73558044433594	80.94633483886719	43.5086555480957
267.0	172.0	84.0	43.0
271.0	172.0	88.0	44.0
276.0	172.0	89.0	45.0
280.0	172.0	92.0	46.0
286.0	172.0	93.0	47.0
291.3436584472656	169.52976989746094	93.5954360961914	47.3009147644043
295.0	172.0	100.0	49.0
301.0	172.0	103.0	50.0
305.0	172.0	107.0	52.0
312.0	172.0	109.0	52.0
317.0	172.0	112.0	53.0
323.0	172.0	117.0	54.0
330.0	172.0	119.0	55.0
337.0	172.0	124.0	57.0
344.0	172.0	128.0	58.0
351.0	171.0	134.0	61.0
358.0	171.0	134.0	62.0
365.0	172.0	128.0	63.0
375.0	172.0	118.0	64.0
384.0	173.0	109.0	65.0
393.0	173.0	100.0	67.0
402.0	173.0	91.0	67.0
