337.0	162.0	14.0	33.0
337.0	164.0	13.0	32.0
336.0	164.0	14.0	33.0
335.90313720703125	161.8336944580078	14.352384567260742	33.830623626708984
336.77410888671875	161.79354858398438	14.320146560668945	33.75463104248047
336.5293884277344	162.00546264648438	14.270106315612793	33.636680603027344
336.8038635253906	161.8386993408203	14.401718139648438	33.9469108581543
336.482666015625	161.9490966796875	14.6017427444458	34.418399810791016
337.00677490234375	163.1836395263672	14.385650634765625	33.90903854370117
337.31549072265625	161.64175415039062	14.436212539672852	34.028221130371094
336.672119140625	162.7395782470703	14.702524185180664	34.65595626831055
337.19952392578125	160.0831298828125	14.443353652954102	34.0450553894043
336.95892333984375	162.21121215820312	14.841394424438477	34.98329544067383
336.14410400390625	161.45896911621094	14.982900619506836	35.31684494018555
336.3802795410156	161.88027954101562	14.87116813659668	35.05347442626953
336.4664001464844	161.9173126220703	14.716028213500977	34.68778610229492
336.3922424316406	162.18557739257812	14.541406631469727	34.27617645263672
336.8061828613281	162.219482421875	14.655267715454102	34.54456329345703
336.85235595703125	161.64028930664062	14.734417915344238	34.73113250732422
336.84136962890625	161.8279266357422	14.707489013671875	34.667659759521484
336.97332763671875	160.99478149414062	14.686991691589355	34.619346618652344
336.57000732421875	160.97097778320312	14.773773193359375	34.82390594482422
336.63128662109375	161.77378845214844	14.756162643432617	34.78239822387695
336.47967529296875	162.6874237060547	14.539514541625977	34.271728515625
336.4602355957031	162.5423583984375	14.831326484680176	34.959571838378906
336.86712646484375	161.82632446289062	14.610690116882324	34.43950271606445
337.06939697265625	161.2279052734375	14.594579696655273	34.40153121948242
336.67755126953125	162.99325561523438	14.482429504394531	34.137176513671875
337.09564208984375	161.624267578125	14.541694641113281	34.27687072753906
338.0	165.0	13.0	30.0
337.4980163574219	164.02029418945312	13.129640579223633	30.299169540405273
337.6809997558594	164.66659545898438	13.104754447937012	30.24173927307129
338.20404052734375	164.7414093017578	13.189743041992188	30.4378662109375
337.8235778808594	163.6302947998047	13.382403373718262	30.88246726989746
337.65032958984375	163.63961791992188	13.42835521697998	30.988510131835938
337.8132019042969	163.44754028320312	13.552638053894043	31.275314331054688
337.6246643066406	162.88214111328125	13.904273986816406	32.0867805480957
337.77032470703125	162.6358642578125	13.9542236328125	32.202049255371094
337.5489196777344	163.59646606445312	14.197282791137695	32.7629508972168
337.7625732421875	163.864013671875	14.012232780456543	32.335914611816406
337.37799072265625	163.12356567382812	14.075587272644043	32.48211669921875
337.4759216308594	163.3335723876953	13.972579956054688	32.244407653808594
337.1131896972656	163.12417602539062	14.242752075195312	32.867881774902344
337.6711120605469	163.03955078125	14.297027587890625	32.99312973022461
337.3341064453125	163.34078979492188	14.368847846984863	33.15886688232422
337.4563293457031	162.01992797851562	14.350151062011719	33.115718841552734
337.0391540527344	162.9051055908203	14.238693237304688	32.8585090637207
337.3501892089844	161.87464904785156	14.138711929321289	32.627784729003906
337.2032775878906	162.0960235595703	14.463549613952637	33.377410888671875
337.188720703125	162.66360473632812	14.451650619506836	33.349952697753906
336.8952331542969	161.67575073242188	14.678705215454102	33.873924255371094
336.6257019042969	161.0675811767578	14.679206848144531	33.87508010864258
336.8262634277344	162.0048065185547	14.668401718139648	33.85014724731445
337.371337890625	161.33132934570312	14.651471138000488	33.81107711791992
337.112060546875	161.71298217773438	14.737378120422363	34.00932693481445
336.60589599609375	162.03952026367188	14.897031784057617	34.37775802612305
337.3550720214844	161.40048217773438	14.829513549804688	34.221946716308594
336.6910400390625	161.09512329101562	14.763906478881836	34.07054901123047
336.9299011230469	162.00680541992188	14.94873046875	34.49706268310547
336.8648986816406	161.902587890625	15.017440795898438	34.65562438964844
337.354248046875	161.8905792236328	14.896535873413086	34.37661361694336
336.92694091796875	161.7755889892578	15.344703674316406	35.41084671020508
336.5760803222656	161.24777221679688	15.213144302368164	35.10724639892578
337.18133544921875	160.38307189941406	15.28630256652832	35.27607345581055
336.40289306640625	161.080322265625	15.414642333984375	35.572242736816406
336.6046142578125	161.91061401367188	15.607084274291992	36.01633834838867
336.1418151855469	161.3542022705078	15.692240715026855	36.212852478027344
336.29742431640625	160.6309356689453	15.907316207885742	36.70917892456055
336.18109130859375	160.7459259033203	15.643773078918457	36.10100173950195
336.14385986328125	161.3104705810547	15.873113632202148	36.63025665283203
336.4274597167969	161.71066284179688	15.794929504394531	36.4498291015625
336.1279602050781	160.09378051757812	15.794244766235352	36.44824981689453
336.38250732421875	161.00753784179688	15.754612922668457	36.35679244995117
336.18475341796875	161.79652404785156	15.612466812133789	36.02876663208008
336.00048828125	162.6725616455078	15.403266906738281	35.545997619628906
336.48663330078125	161.89756774902344	15.524908065795898	35.82670974731445
336.4576416015625	161.07530212402344	15.688837051391602	36.20500946044922
336.4507141113281	161.71282958984375	15.796391487121582	36.453208923339844
336.2595520019531	161.91836547851562	15.730250358581543	36.300575256347656
336.0985412597656	160.30946350097656	15.625137329101562	36.058006286621094
336.84796142578125	161.9777069091797	15.45317554473877	35.661170959472656
336.21063232421875	161.25714111328125	15.522050857543945	35.820106506347656
336.0607604980469	160.86648559570312	15.575979232788086	35.944557189941406
336.82769775390625	161.9352569580078	15.511914253234863	35.796714782714844
335.77471923828125	160.95628356933594	15.524333000183105	35.825374603271484
336.72998046875	161.99014282226562	15.363154411315918	35.45342254638672
336.5179138183594	161.56861877441406	15.337921142578125	35.39519119262695
338.0	165.0	13.0	32.0
337.35015869140625	162.7570037841797	13.17878532409668	32.440086364746094
337.62664794921875	163.20980834960938	13.193743705749512	32.47690963745117
337.65069580078125	162.6643829345703	12.953649520874023	31.885913848876953
337.7909240722656	163.49937438964844	12.988369941711426	31.97138023376465
338.07171630859375	163.78492736816406	13.037178039550781	32.091522216796875
338.09051513671875	163.3975067138672	13.073049545288086	32.1798210144043
337.9156188964844	163.51858520507812	13.182317733764648	32.448787689208984
337.134521484375	162.5431365966797	13.21312427520752	32.524620056152344
337.7586364746094	163.7859344482422	13.283147811889648	32.69698715209961
338.0020751953125	162.99424743652344	13.215655326843262	32.530845642089844
337.4555358886719	163.3622283935547	13.411165237426758	33.01210021972656
337.4093322753906	162.29945373535156	13.521448135375977	33.283565521240234
337.43646240234375	162.34542846679688	13.512947082519531	33.262638092041016
336.9517517089844	163.3123321533203	13.625767707824707	33.540348052978516
337.143310546875	162.20687866210938	13.700811386108398	33.725074768066406
336.966064453125	161.487548828125	13.825016975402832	34.03081130981445
337.1609191894531	161.7161865234375	13.692502975463867	33.704627990722656
337.6036376953125	162.18186950683594	13.705362319946289	33.73628234863281
338.0367736816406	162.34243774414062	13.563720703125	33.38762664794922
337.3611755371094	163.21353149414062	13.647459030151367	33.59375
337.5600280761719	163.00633239746094	13.543192863464355	33.337093353271484
337.307861328125	162.74386596679688	13.646322250366211	33.5909538269043
337.75042724609375	162.6492462158203	13.8973970413208	34.208984375
337.3596496582031	162.8722381591797	14.063604354858398	34.61811065673828
337.6524658203125	161.8824920654297	13.937357902526855	34.307350158691406
337.6895751953125	162.1084442138672	13.817194938659668	34.01156234741211
336.9580993652344	162.52793884277344	13.837221145629883	34.06085968017578
336.93292236328125	160.8737030029297	13.840009689331055	34.06772994995117
336.48822021484375	161.8386993408203	13.744046211242676	33.83151626586914
336.9303283691406	162.1772003173828	13.914939880371094	34.252174377441406
337.23175048828125	161.86297607421875	13.878107070922852	34.16150665283203
337.0638427734375	163.037109375	13.743266105651855	33.82958984375
336.8749694824219	162.457275390625	13.729472160339355	33.79563522338867
337.4767150878906	162.27432250976562	14.010624885559082	34.487709045410156
337.11248779296875	161.78909301757812	13.74610710144043	33.83658981323242
337.35308837890625	163.425048828125	13.739461898803711	33.820228576660156
337.43035888671875	161.90928649902344	13.763078689575195	33.87836456298828
337.4344177246094	163.29238891601562	13.647936820983887	33.594940185546875
337.59881591796875	162.10362243652344	13.839324951171875	34.06604766845703
337.58514404296875	162.18167114257812	13.926241874694824	34.27999496459961
337.4989929199219	162.341064453125	13.784480094909668	33.93104553222656
337.4365234375	162.6598358154297	13.909594535827637	34.23902130126953
337.0302429199219	162.8267364501953	14.20074462890625	34.95569610595703
337.5018005371094	162.7147216796875	14.147125244140625	34.82371139526367
336.9898986816406	161.85302734375	14.046537399291992	34.57611083984375
337.3883361816406	161.8743133544922	13.992124557495117	34.44217300415039
336.96148681640625	161.84063720703125	14.015737533569336	34.50029754638672
337.49725341796875	162.92083740234375	13.879190444946289	34.164180755615234
337.26873779296875	162.6560821533203	13.863508224487305	34.125579833984375
337.3129577636719	162.26255798339844	13.832281112670898	34.04871368408203
337.0505676269531	163.34622192382812	13.715489387512207	33.76122283935547
337.40423583984375	162.67526245117188	13.635038375854492	33.56319046020508
337.3089904785156	161.68661499023438	13.491384506225586	33.2095832824707
336.85845947265625	163.2045135498047	13.767709732055664	33.8897705078125
337.5806884765625	161.92626953125	13.849980354309082	34.092281341552734
337.5758361816406	161.16702270507812	13.916903495788574	34.25701141357422
337.5577697753906	162.17929077148438	13.948643684387207	34.33514404296875
337.1368103027344	161.77928161621094	13.944600105285645	34.32518768310547
337.37750244140625	162.61746215820312	13.903921127319336	34.22505569458008
336.6808776855469	161.57598876953125	13.961148262023926	34.36592102050781
337.2897033691406	162.6376495361328	14.022117614746094	34.51599884033203
337.7106018066406	162.29441833496094	13.850845336914062	34.09440994262695
337.6046447753906	162.8309326171875	13.627296447753906	33.54413604736328
337.3299560546875	162.53970336914062	13.418339729309082	33.02978515625
337.1424255371094	162.55685424804688	13.368807792663574	32.907859802246094
337.5287780761719	162.61968994140625	13.410748481750488	33.0110969543457
337.2546691894531	162.97653198242188	13.42040729522705	33.034873962402344
337.98394775390625	163.20269775390625	13.275838851928711	32.679012298583984
337.3594665527344	162.21029663085938	13.245048522949219	32.60321807861328
337.11395263671875	162.56149291992188	13.420053482055664	33.03399658203125
337.7786865234375	163.16946411132812	13.308215141296387	32.75870132446289
337.68780517578125	163.1452178955078	13.268899917602539	32.661922454833984
337.5775146484375	162.228759765625	13.35438346862793	32.87234115600586
337.3717346191406	162.80795288085938	13.75554370880127	33.85981369018555
337.5588684082031	162.81436157226562	13.883028984069824	34.17362594604492
337.50103759765625	162.2174835205078	14.202611923217773	34.960296630859375
336.64117431640625	162.36337280273438	14.203559875488281	34.96263122558594
337.5169677734375	162.7999725341797	14.150588989257812	34.832237243652344
337.60491943359375	162.73892211914062	14.06604290008545	34.624122619628906
337.23016357421875	161.81973266601562	14.225130081176758	35.015724182128906
337.2850036621094	161.15579223632812	14.367657661437988	35.36655807495117
337.17535400390625	162.74893188476562	13.963971138000488	34.372867584228516
337.0568542480469	161.348876953125	13.942739486694336	34.32060623168945
336.9418640136719	160.5401153564453	14.42749309539795	35.51384735107422
336.9759826660156	161.319580078125	14.248992919921875	35.074462890625
337.61102294921875	162.16793823242188	14.231903076171875	35.03239822387695
336.949951171875	161.11257934570312	14.451510429382324	35.572975158691406
336.9242248535156	161.99366760253906	14.283978462219238	35.16059112548828
337.36444091796875	161.73724365234375	14.362960815429688	35.355010986328125
337.1720275878906	162.24771118164062	14.358190536499023	35.3432731628418
336.77044677734375	162.3089141845703	14.111175537109375	34.7352409362793
337.4114685058594	161.44351196289062	14.175893783569336	34.89454650878906
337.4541931152344	161.16993713378906	14.135923385620117	34.7961540222168
338.0	165.0	13.0	31.0
338.0650329589844	163.882080078125	13.005950927734375	31.014190673828125
337.7983703613281	163.47430419921875	12.972198486328125	30.933704376220703
337.427001953125	163.579345703125	13.028170585632324	31.06717872619629
337.85003662109375	163.2951202392578	13.098530769348145	31.23495864868164
337.96099853515625	163.50241088867188	13.116877555847168	31.27870750427246
337.99041748046875	163.38760375976562	13.010190963745117	31.0242977142334
337.70599365234375	162.848876953125	13.361505508422852	31.862045288085938
337.48052978515625	162.6986846923828	13.616559028625488	32.470252990722656
337.28118896484375	163.768310546875	13.826006889343262	32.969703674316406
337.34088134765625	162.99783325195312	13.838241577148438	32.998878479003906
337.44549560546875	163.53659057617188	13.827592849731445	32.97348403930664
337.28594970703125	163.1842803955078	13.868148803710938	33.070194244384766
336.79180908203125	162.34414672851562	13.846296310424805	33.018089294433594
337.67626953125	163.50379943847656	13.624395370483398	32.48894119262695
337.83740234375	163.7539520263672	13.326326370239258	31.778162002563477
337.94073486328125	163.97164916992188	13.22887134552002	31.545766830444336
338.02142333984375	164.78140258789062	13.059697151184082	31.142349243164062
338.04461669921875	163.40699768066406	13.294561386108398	31.702411651611328
338.019775390625	162.9391326904297	13.251787185668945	31.60040855407715
337.75592041015625	162.44290161132812	13.411267280578613	31.9807071685791
337.63311767578125	163.7083282470703	13.406242370605469	31.968725204467773
337.4729919433594	163.0924530029297	13.295358657836914	31.704309463500977
337.693603515625	162.92604064941406	13.203516006469727	31.48529624938965
337.77178955078125	164.60987854003906	13.0752534866333	31.1794376373291
337.8137512207031	164.66302490234375	13.05713176727295	31.1362247467041
337.16973876953125	165.0391082763672	12.948229789733887	30.876537322998047
337.6585388183594	163.47610473632812	13.183924674987793	31.43857765197754
337.7169494628906	162.26266479492188	13.329045295715332	31.78463363647461
337.8685302734375	163.87225341796875	13.407856941223145	31.97256851196289
337.7750244140625	164.3701171875	13.36823844909668	31.878093719482422
337.345458984375	164.6221160888672	13.217313766479492	31.518198013305664
337.64605712890625	163.4138641357422	13.313441276550293	31.747426986694336
337.10626220703125	164.43173217773438	13.255300521850586	31.60878562927246
337.9743347167969	165.442626953125	13.073511123657227	31.1752872467041
338.1416320800781	164.86778259277344	12.971275329589844	30.931493759155273
337.74664306640625	162.74708557128906	12.990774154663086	30.977991104125977
338.08734130859375	163.1647186279297	12.968658447265625	30.92525291442871
338.1233215332031	163.34971618652344	13.161340713500977	31.384729385375977
337.70562744140625	162.98342895507812	13.012743949890137	31.030385971069336
337.7672424316406	164.46018981933594	13.081144332885742	31.193492889404297
337.6917724609375	163.14999389648438	13.058819770812988	31.1402587890625
337.98870849609375	164.3651123046875	13.020652770996094	31.049243927001953
337.75872802734375	163.25210571289062	13.222004890441895	31.529388427734375
337.7212829589844	165.24710083007812	13.457303047180176	32.090476989746094
337.42864990234375	165.53558349609375	13.420068740844727	32.001686096191406
337.86810302734375	162.8998260498047	13.603741645812988	32.43967819213867
337.57049560546875	163.50537109375	13.69184684753418	32.64977264404297
337.75775146484375	163.48458862304688	13.727272033691406	32.73424530029297
338.100830078125	164.0172576904297	13.703493118286133	32.67753982543945
337.0380859375	162.92445373535156	13.902989387512207	33.15325927734375
337.23553466796875	161.038818359375	13.869512557983398	33.07343292236328
337.35052490234375	163.48345947265625	13.9111967086792	33.17283248901367
337.3115234375	163.15292358398438	14.063097953796387	33.535057067871094
337.3051452636719	164.6065216064453	13.8433837890625	33.01112747192383
337.8794250488281	163.26113891601562	13.843798637390137	33.012115478515625
337.38031005859375	163.01657104492188	13.865185737609863	33.06311798095703
337.57025146484375	162.98690795898438	13.816073417663574	32.946006774902344
337.6864013671875	164.00973510742188	13.713895797729492	32.70235061645508
337.30474853515625	163.2368621826172	13.719606399536133	32.715965270996094
337.7598876953125	164.5515899658203	13.814244270324707	32.9416389465332
337.8554992675781	163.3914031982422	13.787676811218262	32.8782844543457
337.45416259765625	162.2640838623047	13.906061172485352	33.160579681396484
337.9730529785156	164.17620849609375	13.552667617797852	32.317874908447266
337.5754089355469	164.58885192871094	13.776890754699707	32.852561950683594
337.72637939453125	162.95187377929688	13.944018363952637	33.251094818115234
337.11724853515625	162.56423950195312	14.164631843566895	33.77717208862305
337.53955078125	162.35739135742188	14.077224731445312	33.56874465942383
337.0927429199219	163.44293212890625	13.938148498535156	33.237098693847656
337.3429870605469	163.6575469970703	13.938830375671387	33.23872375488281
337.80450439453125	163.6392059326172	14.029943466186523	33.45599365234375
337.58489990234375	164.74789428710938	14.080825805664062	33.577327728271484
337.531982421875	162.95614624023438	13.851458549499512	33.03037643432617
337.4664306640625	162.6695556640625	14.025999069213867	33.44658660888672
337.9720764160156	164.0428009033203	13.9351224899292	33.229881286621094
337.6138916015625	164.45230102539062	13.838598251342773	32.99971389770508
337.24224853515625	163.15469360351562	14.02685832977295	33.448646545410156
337.34735107421875	162.88050842285156	14.222793579101562	33.91587448120117
337.83477783203125	162.2394561767578	14.329452514648438	34.17021560668945
337.45977783203125	162.49696350097656	14.3920316696167	34.31944274902344
337.2785949707031	162.90066528320312	14.373141288757324	34.2744026184082
337.1023254394531	162.07913208007812	14.366739273071289	34.25913619995117
337.3959045410156	161.67495727539062	14.28667163848877	34.06820297241211
337.55157470703125	162.68870544433594	14.102368354797363	33.62871170043945
337.54754638671875	163.33981323242188	14.08556079864502	33.58863067626953
337.5210876464844	162.50039672851562	13.892984390258789	33.12941360473633
337.2138366699219	162.811767578125	13.689895629882812	32.64512634277344
337.15155029296875	164.26211547851562	13.697489738464355	32.663238525390625
337.8342590332031	162.97201538085938	13.779986381530762	32.859962463378906
337.35968017578125	163.46771240234375	13.758604049682617	32.80897521972656
337.9504699707031	164.2700958251953	13.506620407104492	32.208091735839844
337.77099609375	163.57740783691406	13.366859436035156	31.87481689453125
337.6353759765625	163.73681640625	13.409744262695312	31.977081298828125
337.7864685058594	163.3306121826172	13.329386711120605	31.78546142578125
337.7565612792969	165.11341857910156	13.427282333374023	32.0189094543457
337.7908935546875	164.3532257080078	13.565905570983887	32.3494758605957
337.76983642578125	162.93212890625	13.509073257446289	32.213951110839844
337.8502502441406	163.26651000976562	13.376383781433105	31.897537231445312
337.8584899902344	163.642822265625	13.413241386413574	31.985431671142578
338.0118103027344	165.82994079589844	13.075559616088867	31.180191040039062
337.9112854003906	163.37081909179688	13.222201347351074	31.52987289428711
337.7743225097656	164.42474365234375	13.2479887008667	31.591365814208984
337.8311462402344	163.16519165039062	13.349802017211914	31.834152221679688
338.02093505859375	163.10751342773438	13.320887565612793	31.765201568603516
338.2913818359375	164.7642059326172	13.132911682128906	31.31694984436035
337.7514953613281	164.54751586914062	13.081110000610352	31.19342041015625
337.86566162109375	164.66062927246094	13.012887954711914	31.03073501586914
338.2799072265625	165.21658325195312	13.024368286132812	31.0581111907959
337.7297058105469	163.77618408203125	13.144445419311523	31.344451904296875
338.1998596191406	165.393310546875	13.16386890411377	31.39076805114746
338.01947021484375	164.69699096679688	13.07715892791748	31.183996200561523
338.2438049316406	163.737548828125	12.919134140014648	30.80716896057129
338.08642578125	164.4575958251953	13.005409240722656	31.012903213500977
337.83740234375	165.53317260742188	13.019433975219727	31.04634666442871
337.892822265625	165.42430114746094	13.240440368652344	31.573360443115234
338.0261535644531	165.36126708984375	13.169609069824219	31.40445327758789
338.06903076171875	163.81961059570312	12.902986526489258	30.768657684326172
338.1423034667969	164.97207641601562	12.946418762207031	30.87222671508789
337.6872253417969	163.88949584960938	12.924799919128418	30.820674896240234
338.31005859375	163.438720703125	13.135530471801758	31.32318687438965
338.0315856933594	163.5054168701172	13.133455276489258	31.3182373046875
338.30352783203125	163.57630920410156	13.225117683410645	31.536815643310547
337.888427734375	163.90481567382812	13.153841972351074	31.36684799194336
337.8935546875	163.19717407226562	13.364763259887695	31.86981201171875
337.7015686035156	162.92771911621094	13.395434379577637	31.942951202392578
338.32012939453125	164.54946899414062	13.162466049194336	31.387414932250977
337.99053955078125	164.32962036132812	12.986345291137695	30.96743392944336
338.2425842285156	165.5351104736328	13.098599433898926	31.235116958618164
338.3358459472656	164.58642578125	13.349352836608887	31.833065032958984
337.6485900878906	163.07032775878906	13.466160774230957	32.11160659790039
337.5824890136719	163.95681762695312	13.393762588500977	31.938961029052734
338.2188720703125	164.79092407226562	13.322412490844727	31.768817901611328
337.5240783691406	164.13168334960938	13.519777297973633	32.23945236206055
338.04840087890625	163.15866088867188	13.554414749145508	32.322044372558594
338.0119323730469	164.048095703125	13.788553237915039	32.88037109375
337.6120910644531	164.72703552246094	13.687954902648926	32.640480041503906
337.771240234375	163.66909790039062	13.62402629852295	32.488037109375
337.8529052734375	164.41415405273438	13.780621528625488	32.86145782470703
337.47857666015625	162.86642456054688	13.965128898620605	33.30143737792969
337.5758361816406	163.1295928955078	13.942113876342773	33.246559143066406
337.56329345703125	162.6455841064453	14.028076171875	33.45154571533203
337.5890197753906	164.1734161376953	14.171895980834961	33.79450225830078
337.7574157714844	162.0758056640625	14.241552352905273	33.960601806640625
337.4981689453125	163.40975952148438	14.208186149597168	33.88103485107422
337.67645263671875	163.07705688476562	14.193316459655762	33.84557342529297
337.5633544921875	162.6597137451172	14.211276054382324	33.888397216796875
337.4658203125	164.0563507080078	14.095861434936523	33.61317825317383
337.5262145996094	163.7061004638672	14.186610221862793	33.82957458496094
337.49908447265625	163.56576538085938	13.94823932647705	33.26115036010742
337.7124328613281	163.74777221679688	14.056295394897461	33.518821716308594
337.3367919921875	163.05006408691406	14.067506790161133	33.545555114746094
338.09259033203125	164.32550048828125	13.660754203796387	32.57560348510742
337.86480712890625	164.761474609375	13.908160209655762	33.16557312011719
337.5116882324219	164.71685791015625	13.930746078491211	33.21942901611328
337.822509765625	162.828125	13.829933166503906	32.979026794433594
337.23272705078125	163.24913024902344	13.84260082244873	33.00923538208008
337.6849670410156	163.81820678710938	13.720196723937988	32.717350006103516
337.8677978515625	163.69349670410156	13.71935749053955	32.71534729003906
338.45416259765625	163.6451873779297	13.383394241333008	31.914203643798828
338.36041259765625	164.5314178466797	13.521657943725586	32.2439079284668
337.7969665527344	163.44677734375	13.49449634552002	32.17913818359375
337.8133239746094	164.37710571289062	13.581954956054688	32.387691497802734
337.81671142578125	163.97677612304688	13.641508102416992	32.529701232910156
337.830322265625	163.1653594970703	13.68323040008545	32.62919235229492
338.28033447265625	164.3201904296875	13.556777954101562	32.32765197753906
338.1287536621094	164.4080352783203	13.567342758178711	32.352848052978516
337.61480712890625	163.8162384033203	13.698290824890137	32.66510772705078
337.8329162597656	163.09603881835938	13.918607711791992	33.19047927856445
337.7464904785156	164.596923828125	13.94537353515625	33.254310607910156
337.39788818359375	163.18966674804688	14.008668899536133	33.405242919921875
337.7476806640625	163.4959716796875	14.053608894348145	33.51240921020508
337.6422424316406	162.90261840820312	13.9622802734375	33.29462432861328
337.7835693359375	162.56761169433594	13.727188110351562	32.73401641845703
337.4567565917969	164.47738647460938	13.864866256713867	33.06232452392578
337.59967041015625	163.8132781982422	13.91149616241455	33.17351531982422
337.61541748046875	163.79954528808594	13.726475715637207	32.73231506347656
338.0247497558594	164.1087188720703	13.757232666015625	32.805660247802734
337.27679443359375	163.9526824951172	13.968210220336914	33.30875778198242
337.3758239746094	164.30545043945312	13.719705581665039	32.71617126464844
337.9413757324219	164.7606658935547	13.511030197143555	32.218563079833984
338.032958984375	164.9116668701172	13.457956314086914	32.092002868652344
337.8108215332031	164.48825073242188	13.561845779418945	32.33973693847656
337.68023681640625	163.36300659179688	13.748802185058594	32.78555679321289
337.6495666503906	163.874755859375	13.827577590942383	32.97340774536133
337.66583251953125	164.33615112304688	13.885602951049805	33.11177444458008
337.30340576171875	163.36166381835938	13.66337776184082	32.581851959228516
337.91204833984375	164.32192993164062	13.310681343078613	31.74080467224121
337.5478210449219	165.23294067382812	13.308450698852539	31.735483169555664
338.48236083984375	165.32765197753906	13.251121520996094	31.598773956298828
337.88360595703125	164.61892700195312	13.294934272766113	31.703250885009766
337.8088073730469	164.53131103515625	13.375116348266602	31.894451141357422
338.04827880859375	163.6924285888672	13.391380310058594	31.9332332611084
338.053466796875	164.2296600341797	13.643682479858398	32.534873962402344
337.75567626953125	163.82711791992188	13.94630241394043	33.256500244140625
337.80072021484375	163.36505126953125	13.870081901550293	33.074745178222656
337.84490966796875	163.7119140625	13.678564071655273	32.6180534362793
338.366455078125	164.1834716796875	13.54237174987793	32.29329299926758
338.1065368652344	164.2019805908203	13.64404296875	32.535743713378906
338.22344970703125	164.1953887939453	13.33985710144043	31.810379028320312
337.6304016113281	163.97634887695312	13.468816757202148	32.117897033691406
338.18212890625	164.85946655273438	13.603784561157227	32.43974304199219
337.46929931640625	163.5818634033203	13.647768020629883	32.54462814331055
337.90203857421875	164.2592010498047	13.672643661499023	32.60395050048828
337.621826171875	163.6455535888672	13.87132453918457	33.077728271484375
337.94384765625	163.03231811523438	13.799570083618164	32.90662384033203
337.7520446777344	163.6865997314453	13.666790962219238	32.58999252319336
337.77655029296875	162.72000122070312	13.685874938964844	32.635498046875
338.0255432128906	163.83145141601562	13.515820503234863	32.229984283447266
338.4993896484375	164.0743865966797	13.423463821411133	32.00974655151367
338.166748046875	163.2034912109375	13.354188919067383	31.84454917907715
337.552978515625	165.128173828125	13.482009887695312	32.149356842041016
338.4749450683594	164.28121948242188	13.771093368530273	32.838706970214844
337.94940185546875	163.2992401123047	13.7259521484375	32.7310676574707
337.740234375	164.81495666503906	13.81629753112793	32.946502685546875
338.0247802734375	165.0203399658203	13.576251029968262	32.374088287353516
337.81512451171875	163.6912841796875	13.688397407531738	32.64151382446289
337.49749755859375	163.90411376953125	13.880943298339844	33.10065841674805
338.14129638671875	164.44058227539062	13.715672492980957	32.70655059814453
337.51715087890625	162.61439514160156	13.812545776367188	32.93755340576172
337.20489501953125	163.14894104003906	13.78607177734375	32.874420166015625
337.56585693359375	164.1086883544922	13.980316162109375	33.337623596191406
337.7074890136719	162.94607543945312	14.011317253112793	33.41155242919922
337.600341796875	162.57974243164062	14.111737251281738	33.6510124206543
337.1966857910156	162.66598510742188	14.132843017578125	33.70134353637695
337.8409118652344	163.94427490234375	14.08399486541748	33.58485794067383
337.29840087890625	163.450439453125	14.219978332519531	33.90912628173828
337.529296875	163.2696990966797	14.037809371948242	33.47472381591797
337.70855712890625	163.91305541992188	14.024190902709961	33.4422492980957
337.1028747558594	164.5429229736328	14.076924324035645	33.56800079345703
337.20220947265625	163.9247589111328	13.93627643585205	33.23261260986328
337.35247802734375	163.66217041015625	13.893728256225586	33.13115310668945
337.911376953125	164.84230041503906	13.56371021270752	32.34418487548828
337.86358642578125	164.732666015625	13.627820014953613	32.49706268310547
338.22039794921875	164.5634307861328	13.761041641235352	32.81474685668945
337.85137939453125	164.44189453125	13.543939590454102	32.29704284667969
337.8655090332031	163.5613555908203	13.405238151550293	31.966293334960938
338.2030334472656	164.2461395263672	13.492271423339844	32.17383575439453
338.11212158203125	163.65567016601562	13.35046100616455	31.83567237854004
337.5154113769531	164.42593383789062	13.532620429992676	32.270050048828125
337.3273620605469	162.45367431640625	13.809310913085938	32.92985153198242
337.95489501953125	163.79702758789062	13.847585678100586	33.02112579345703
337.7716979980469	163.3737335205078	13.82183837890625	32.9597282409668
337.58355712890625	164.197265625	13.777493476867676	32.853981018066406
337.82025146484375	161.9810333251953	13.869003295898438	33.07219696044922
338.30767822265625	164.15496826171875	13.523214340209961	32.24762725830078
337.906982421875	163.1614532470703	13.660690307617188	32.5754508972168
337.6795349121094	163.68727111816406	13.837397575378418	32.99683380126953
338.3209228515625	163.26524353027344	13.762402534484863	32.81800079345703
337.64202880859375	164.1516876220703	13.72754192352295	32.73487091064453
338.13116455078125	163.24777221679688	13.723495483398438	32.725223541259766
337.95556640625	163.6675567626953	13.89306640625	33.12958526611328
338.1736755371094	162.81527709960938	14.023780822753906	33.44129180908203
337.480224609375	162.95379638671875	14.149017333984375	33.73993682861328
337.95037841796875	163.36328125	14.097223281860352	33.61642837524414
337.6177673339844	162.21766662597656	13.945592880249023	33.25484848022461
338.0703430175781	162.02874755859375	14.00780200958252	33.40319061279297
337.9352111816406	162.5509033203125	13.861926078796387	33.05533218383789
337.4842224121094	162.84512329101562	13.810412406921387	32.932491302490234
337.529296875	163.5268096923828	13.778155326843262	32.855567932128906
337.97027587890625	163.0362091064453	13.689562797546387	32.64430618286133
338.03948974609375	163.83645629882812	13.605112075805664	32.44292068481445
338.64654541015625	163.83157348632812	13.514286994934082	32.226341247558594
338.3274841308594	163.7945098876953	13.593403816223145	32.415000915527344
338.04473876953125	163.75320434570312	13.494333267211914	32.17875289916992
338.154541015625	163.16458129882812	13.537259101867676	32.28111267089844
337.8872985839844	164.30531311035156	13.223014831542969	31.531763076782227
337.903076171875	163.76490783691406	13.251241683959961	31.599075317382812
337.77655029296875	163.2667999267578	13.609193801879883	32.4526481628418
337.6133728027344	162.98977661132812	13.702718734741211	32.6756706237793
338.13909912109375	163.16510009765625	13.736886978149414	32.757144927978516
337.95831298828125	162.7174530029297	13.618705749511719	32.4753303527832
337.927001953125	163.60897827148438	13.606977462768555	32.447364807128906
337.985595703125	163.1580810546875	13.593571662902832	32.41539764404297
338.11724853515625	163.76272583007812	13.500575065612793	32.19363784790039
337.56396484375	162.92745971679688	13.560708999633789	32.337032318115234
337.9324645996094	163.19369506835938	13.366628646850586	31.874225616455078
338.33404541015625	163.4640350341797	13.527066230773926	32.25680923461914
337.9471130371094	164.35403442382812	13.411916732788086	31.982223510742188
