3.0	172.0	13.0	9.0
1.0	170.0	15.0	12.0
1.0	169.0	15.0	13.0
1.0	169.0	16.0	13.0
1.0	170.0	16.0	12.0
1.0	169.0	16.0	13.0
1.0	169.0	16.0	13.0
1.0	170.0	16.0	12.0
1.0	169.0	17.0	13.0
1.0	169.0	17.0	13.0
1.0	170.0	18.0	13.0
1.0	169.0	18.0	14.0
2.0	169.0	16.0	13.0
1.0	169.0	18.0	14.0
2.0	169.0	17.0	14.0
2.0	170.0	17.0	13.0
1.0	169.0	18.0	14.0
1.0	169.0	18.0	14.0
2.0	170.0	17.0	13.0
1.0	170.0	18.0	13.0
1.0	170.0	19.0	13.0
1.0	170.0	19.0	14.0
1.0	169.0	19.0	14.0
2.0	169.0	18.0	14.0
2.0	170.0	18.0	14.0
2.0	169.0	18.0	15.0
2.0	169.0	18.0	14.0
2.0	169.0	18.0	15.0
2.0	169.0	19.0	15.0
2.0	169.0	19.0	15.0
2.0	169.0	20.0	15.0
2.0	169.0	19.0	15.0
2.0	169.0	19.0	15.0
2.0	169.0	20.0	15.0
3.0	169.0	20.0	15.0
3.0	168.0	22.0	16.0
2.0	168.0	24.0	17.0
5.0	169.0	21.0	15.0
5.412240982055664	168.7362823486328	20.796306610107422	14.854504585266113
7.089724063873291	169.23025512695312	20.600078582763672	14.714340209960938
9.21879768371582	168.98025512695312	20.643234252929688	14.745165824890137
33.0	171.0	20.0	16.0
32.0	170.0	22.0	17.0
33.0	171.0	20.0	15.0
33.0	171.0	20.0	15.0
31.0	170.0	23.0	17.0
29.0	170.0	26.0	17.0
31.0	171.0	23.0	16.0
40.29230499267578	171.92027282714844	23.370092391967773	16.257455825805664
45.409149169921875	172.70916748046875	23.056188583374023	16.03908920288086
51.82966232299805	173.76063537597656	22.925426483154297	15.948124885559082
61.0	172.0	30.0	19.0
64.0	172.0	26.0	17.0
71.68661499023438	174.998291015625	25.093753814697266	16.407455444335938
79.2233657836914	176.4444580078125	24.975814819335938	16.330341339111328
88.55351257324219	176.522216796875	24.761653900146484	16.190311431884766
99.33541107177734	177.6377410888672	24.807418823242188	16.220233917236328
108.74510192871094	177.01185607910156	25.078258514404297	16.397323608398438
118.5830307006836	177.5480499267578	25.202190399169922	16.478357315063477
125.9038314819336	176.3502960205078	25.4130802154541	16.61624526977539
137.61605834960938	178.8061065673828	25.474031448364258	16.656097412109375
143.883544921875	178.18370056152344	25.673059463500977	16.786231994628906
151.95211791992188	179.5843048095703	25.556188583374023	16.70981788635254
146.87045288085938	178.65512084960938	25.94765853881836	16.96578025817871
154.36917114257812	181.9577178955078	26.148967742919922	17.09740447998047
152.90237426757812	180.29974365234375	27.480161666870117	18.877464294433594
143.64048767089844	184.4215545654297	28.034008026123047	19.257930755615234
156.09255981445312	187.8904266357422	27.871938705444336	19.146596908569336
165.7864532470703	185.9351806640625	27.9903564453125	19.22794532775879
163.2784423828125	169.95846557617188	28.087215423583984	19.294485092163086
168.58262634277344	169.21746826171875	28.52987289428711	19.598567962646484
165.40835571289062	168.85101318359375	28.79264259338379	19.779077529907227
163.80606079101562	168.5714111328125	28.613056182861328	19.655710220336914
160.635009765625	168.93838500976562	28.277877807617188	19.425460815429688
157.55520629882812	168.96438598632812	28.54629135131836	19.609848022460938
155.64926147460938	168.7705841064453	27.889331817626953	19.158550262451172
154.03457641601562	169.2030029296875	29.325618743896484	19.00489616394043
151.19241333007812	169.40676879882812	28.885528564453125	18.719690322875977
149.27914428710938	168.86245727539062	28.793285369873047	18.659915924072266
146.4522705078125	169.553955078125	28.661998748779297	18.574832916259766
143.72634887695312	169.0577850341797	28.370044708251953	18.38562774658203
141.346435546875	169.33346557617188	28.79842758178711	18.66324806213379
138.25450134277344	169.58132934570312	28.39453125	18.4014949798584
135.56716918945312	169.00180053710938	28.34629249572754	18.3702335357666
133.53372192382812	168.9916229248047	28.837291717529297	18.688434600830078
131.64854431152344	168.755859375	29.038253784179688	18.81867218017578
128.94577026367188	168.67921447753906	28.546722412109375	18.5001277923584
126.1925277709961	169.1187744140625	28.464031219482422	18.44654083251953
124.9145278930664	168.622314453125	28.0000057220459	18.145822525024414
123.44401550292969	168.27882385253906	27.790233612060547	18.009876251220703
121.22916412353516	168.5991668701172	28.088024139404297	18.202861785888672
119.46043395996094	168.8343505859375	27.82760238647461	18.03409194946289
118.44367980957031	168.75857543945312	27.374486923217773	17.74044418334961
116.75553131103516	168.66415405273438	27.122730255126953	17.577289581298828
113.9557876586914	168.60122680664062	27.231847763061523	17.64800453186035
113.80265808105469	169.58506774902344	27.180980682373047	17.615039825439453
114.89949035644531	168.89898681640625	27.164766311645508	18.224454879760742
116.53654479980469	168.6850128173828	26.936674118041992	18.797786712646484
112.09928894042969	168.2030029296875	26.537317276000977	18.519094467163086
110.677978515625	168.04428100585938	26.94085693359375	18.800704956054688
98.87298583984375	169.89950561523438	27.706714630126953	19.33515739440918
66.0	168.0	33.0	24.0
66.0	169.0	32.0	22.0
65.16536712646484	168.15420532226562	32.79358673095703	24.119077682495117
65.91083526611328	169.61842346191406	31.14087677001953	23.34842872619629
65.5296401977539	169.70034790039062	30.83251190185547	24.49065399169922
65.77600860595703	170.63034057617188	29.345712661743164	24.19585609436035
65.30254364013672	170.79689025878906	28.456226348876953	24.8389949798584
73.0	169.0	34.0	24.0
72.28077697753906	171.06423950195312	34.61394500732422	24.43337631225586
73.06241607666016	170.51211547851562	35.17271041870117	24.82779884338379
74.07177734375	170.20761108398438	34.9925651550293	24.700637817382812
75.5009765625	170.60739135742188	34.93126678466797	24.65736961364746
77.4325942993164	170.34495544433594	35.35539627075195	24.956754684448242
77.64395904541016	170.38616943359375	35.67578887939453	25.182912826538086
78.82960510253906	170.23512268066406	35.91937255859375	25.3548526763916
80.0	169.0	40.0	25.0
80.0	169.0	41.0	26.0
80.32383728027344	169.9369659423828	40.93389129638672	25.95807456970215
78.2260971069336	170.37081909179688	40.74730682373047	25.83974838256836
80.0692367553711	170.51620483398438	40.83855056762695	25.89760971069336
83.6045150756836	170.44439697265625	41.497161865234375	26.315265655517578
83.8851318359375	170.28363037109375	41.831077575683594	26.527013778686523
87.3202896118164	170.6968994140625	41.80561828613281	26.5108699798584
89.0	169.0	43.0	27.0
89.67745208740234	170.37454223632812	43.67808151245117	27.425769805908203
92.0	169.0	43.0	27.0
90.81600189208984	170.52841186523438	43.318145751953125	27.199764251708984
94.0	168.0	44.0	28.0
96.0	169.0	45.0	28.0
97.0	169.0	45.0	28.0
98.0	169.0	46.0	28.0
100.0	169.0	46.0	28.0
102.0	169.0	45.0	28.0
102.0	169.0	47.0	28.0
104.0	169.0	48.0	29.0
105.0	169.0	48.0	29.0
