97.0	174.0	21.0	16.0
96.0	173.0	24.0	17.0
96.0	173.0	24.0	17.0
97.0	173.0	24.0	17.0
97.0	173.0	24.0	17.0
98.0	173.0	24.0	18.0
98.0	173.0	25.0	17.0
99.0	173.0	24.0	17.0
100.0	172.0	24.0	19.0
101.0	173.0	23.0	18.0
100.0	172.0	25.0	19.0
101.0	173.0	25.0	18.0
101.0	173.0	25.0	18.0
101.0	173.0	26.0	18.0
102.0	173.0	25.0	18.0
102.0	172.0	26.0	19.0
103.0	171.0	26.0	20.0
104.0	173.0	25.0	18.0
104.0	173.0	26.0	18.0
105.0	173.0	26.0	18.0
105.0	173.0	26.0	18.0
106.0	172.0	26.0	20.0
106.0	172.0	27.0	20.0
107.0	172.0	27.0	20.0
108.0	173.0	27.0	19.0
108.0	172.0	27.0	20.0
109.0	173.0	27.0	19.0
110.0	172.0	27.0	20.0
110.0	172.0	28.0	20.0
110.0	172.0	30.0	20.0
111.0	172.0	30.0	21.0
112.0	172.0	30.0	21.0
113.0	172.0	30.0	21.0
113.0	172.0	30.0	21.0
114.0	172.0	30.0	21.0
116.0	172.0	29.0	21.0
115.0	172.0	31.0	21.0
117.0	173.0	30.0	20.0
118.0	172.0	31.0	21.0
118.0	172.0	31.0	21.0
119.0	173.0	31.0	21.0
120.0	173.0	31.0	21.0
121.0	172.0	32.0	22.0
122.0	172.0	32.0	22.0
123.0	172.0	32.0	22.0
124.0	172.0	33.0	23.0
125.0	172.0	33.0	23.0
126.0	172.0	34.0	23.0
127.0	172.0	33.0	23.0
128.0	172.0	34.0	23.0
129.0	172.0	34.0	23.0
130.0	172.0	35.0	23.0
131.0	172.0	36.0	23.0
132.0	172.0	36.0	23.0
134.0	172.0	36.0	24.0
135.0	172.0	36.0	24.0
136.0	172.0	37.0	24.0
137.0	172.0	37.0	24.0
138.0	171.0	37.0	25.0
140.0	172.0	37.0	25.0
141.0	172.0	38.0	25.0
143.0	172.0	38.0	25.0
144.0	172.0	39.0	26.0
145.0	172.0	40.0	26.0
146.0	172.0	41.0	26.0
148.0	171.0	40.0	27.0
149.0	172.0	42.0	26.0
151.0	172.0	41.0	27.0
152.0	172.0	42.0	27.0
154.0	172.0	42.0	27.0
156.0	172.0	43.0	27.0
157.0	172.0	44.0	28.0
159.0	172.0	44.0	28.0
161.0	172.0	44.0	28.0
162.0	172.0	47.0	29.0
164.0	171.0	47.0	30.0
167.0	172.0	46.0	29.0
169.0	172.0	48.0	29.0
170.0	172.0	49.0	30.0
173.0	172.0	48.0	30.0
174.0	172.0	49.0	30.0
177.0	172.0	49.0	30.0
178.0	172.0	51.0	31.0
180.0	172.0	52.0	31.0
183.0	172.0	51.0	31.0
185.0	172.0	53.0	32.0
188.0	172.0	53.0	32.0
189.0	172.0	55.0	32.0
192.0	172.0	55.0	33.0
194.0	172.0	57.0	33.0
196.0	172.0	59.0	34.0
199.0	171.0	59.0	35.0
202.0	172.0	59.0	34.0
204.0	171.0	61.0	36.0
207.0	171.0	62.0	36.0
211.0	171.0	62.0	37.0
214.0	171.0	63.0	37.0
216.0	171.0	66.0	38.0
220.0	171.0	66.0	38.0
223.0	171.0	67.0	39.0
226.0	171.0	70.0	40.0
229.0	171.0	71.0	40.0
233.0	171.0	73.0	40.0
236.0	171.0	76.0	41.0
240.0	171.0	76.0	42.0
244.0	171.0	78.0	43.0
249.0	171.0	78.0	43.0
252.0	171.0	82.0	44.0
257.0	171.0	83.0	45.0
261.0	171.0	87.0	46.0
267.0	171.0	88.0	46.0
271.0	170.0	90.0	49.0
277.0	171.0	92.0	48.0
282.0	171.0	95.0	49.0
288.0	171.0	99.0	50.0
293.0	171.0	102.0	51.0
299.0	170.0	104.0	54.0
302.0	171.0	110.0	54.0
311.0	171.0	112.0	54.0
317.0	170.0	117.0	57.0
322.0	171.0	122.0	57.0
330.0	170.0	124.0	59.0
338.0	171.0	128.0	60.0
347.0	170.0	134.0	63.0
354.0	171.0	138.0	64.0
361.0	171.0	125.0	66.0
369.0	171.0	123.0	67.0
380.0	171.0	113.0	69.0
392.0	171.0	101.0	73.0
