43.0	167.0	25.0	23.0
44.0	167.0	25.0	24.0
45.0	168.0	25.0	22.0
46.0	168.0	26.0	22.0
46.0	168.0	27.0	22.0
48.0	169.0	26.0	22.0
49.0	168.0	27.0	23.0
50.0	167.0	27.0	23.0
51.0	167.0	28.0	24.0
51.0	167.0	30.0	25.0
53.0	166.0	30.0	26.0
54.0	166.0	30.0	26.0
55.0	166.0	31.0	26.0
57.0	167.0	31.0	25.0
58.0	166.0	31.0	26.0
59.0	167.0	32.0	25.0
60.0	167.0	32.0	26.0
63.0	166.0	31.0	26.0
63.0	166.0	33.0	27.0
65.0	167.0	33.0	26.0
67.0	167.0	32.0	27.0
68.0	167.0	34.0	27.0
69.0	167.0	35.0	27.0
71.0	167.0	35.0	27.0
73.0	168.0	35.0	27.0
75.0	166.0	36.0	29.0
76.0	167.0	38.0	28.0
78.0	166.0	37.0	29.0
80.0	166.0	39.0	29.0
82.0	168.0	38.0	28.0
84.0	168.0	39.0	28.0
86.0	167.0	39.0	29.0
87.0	167.0	41.0	30.0
90.0	168.0	39.0	29.0
92.0	167.0	41.0	30.0
93.0	167.0	42.0	30.0
96.0	166.0	42.0	32.0
97.0	166.0	45.0	32.0
100.0	166.0	44.0	32.0
102.0	166.0	45.0	33.0
106.0	168.0	45.0	31.0
108.0	167.0	46.0	33.0
110.0	166.0	48.0	34.0
114.0	166.0	47.0	35.0
116.0	166.0	48.0	35.0
119.0	167.0	48.0	34.0
121.0	165.0	49.0	37.0
125.0	166.0	49.0	36.0
127.0	166.0	51.0	36.0
132.0	166.0	51.0	37.0
135.0	166.0	52.0	38.0
138.0	166.0	53.0	38.0
142.0	165.0	54.0	39.0
145.0	166.0	56.0	39.0
148.0	165.0	57.0	41.0
152.0	165.0	59.0	41.0
156.0	165.0	58.0	41.0
160.0	165.0	61.0	42.0
165.0	165.0	61.0	42.0
168.0	165.0	63.0	44.0
173.0	165.0	65.0	44.0
178.0	165.0	64.0	44.0
183.0	165.0	67.0	46.0
188.0	165.0	69.0	46.0
192.0	165.0	71.0	47.0
197.0	164.0	72.0	49.0
202.0	165.0	75.0	49.0
208.0	164.0	76.0	50.0
214.0	164.0	79.0	52.0
220.0	165.0	82.0	52.0
225.0	163.0	82.0	55.0
230.0	163.0	87.0	56.0
237.0	163.0	92.0	57.0
243.0	162.0	93.0	59.0
250.0	162.0	96.0	61.0
259.0	162.0	99.0	61.0
266.0	162.0	101.0	63.0
274.0	162.0	104.0	64.0
280.0	162.0	109.0	65.0
289.0	162.0	111.0	66.0
299.0	163.0	114.0	66.0
307.0	162.0	121.0	70.0
318.0	162.0	124.0	72.0
