5.0	170.0	18.0	15.0
5.0	170.0	18.0	14.0
6.0	170.0	18.0	14.0
6.0	170.0	18.0	14.0
7.0	170.0	18.0	15.0
8.0	170.0	17.0	14.0
8.0	170.0	18.0	14.0
8.0	170.0	19.0	15.0
9.0	170.0	19.0	15.0
9.0	169.0	20.0	16.0
9.0	169.0	20.0	16.0
11.0	170.0	19.0	15.0
10.0	169.0	21.0	16.0
12.0	169.0	21.0	16.0
12.0	169.0	21.0	17.0
13.0	169.0	21.0	16.0
14.0	170.0	21.0	16.0
14.0	170.0	22.0	16.0
15.0	170.0	22.0	16.0
15.0	170.0	22.0	17.0
16.0	170.0	22.0	16.0
16.0	169.0	23.0	17.0
18.0	169.0	23.0	18.0
19.0	169.0	23.0	18.0
20.0	169.0	24.0	18.0
21.0	169.0	23.0	18.0
22.0	168.0	23.0	18.0
22.0	166.0	25.0	21.0
23.0	169.0	25.0	19.0
24.0	169.0	26.0	19.0
25.0	169.0	26.0	19.0
26.0	169.0	27.0	19.0
28.0	169.0	26.0	19.0
29.0	169.0	27.0	19.0
30.0	169.0	27.0	19.0
32.0	169.0	27.0	20.0
33.0	168.0	28.0	21.0
35.0	169.0	27.0	20.0
36.0	169.0	28.0	20.0
37.0	168.0	29.0	22.0
38.0	169.0	31.0	21.0
40.0	168.0	31.0	22.0
41.0	169.0	31.0	21.0
44.0	168.0	31.0	23.0
46.0	169.0	31.0	22.0
47.0	168.0	32.0	23.0
49.0	168.0	33.0	24.0
51.0	169.0	33.0	23.0
52.0	168.0	35.0	24.0
54.0	168.0	35.0	24.0
56.0	168.0	36.0	25.0
58.0	168.0	37.0	25.0
61.0	168.0	37.0	26.0
63.0	168.0	38.0	26.0
65.0	168.0	39.0	26.0
68.0	169.0	39.0	26.0
70.0	168.0	41.0	27.0
73.0	168.0	41.0	28.0
75.0	168.0	42.0	28.0
79.0	168.0	43.0	29.0
82.0	168.0	43.0	29.0
84.0	168.0	46.0	29.0
88.0	168.0	45.0	30.0
91.0	168.0	47.0	30.0
94.0	168.0	49.0	31.0
98.0	168.0	50.0	32.0
101.0	168.0	51.0	32.0
106.0	168.0	52.0	33.0
110.0	168.0	53.0	34.0
114.0	168.0	55.0	34.0
118.0	168.0	57.0	35.0
123.0	167.0	58.0	37.0
128.0	167.0	61.0	38.0
133.0	167.0	62.0	38.0
138.0	167.0	65.0	39.0
144.0	167.0	67.0	40.0
149.0	167.0	70.0	42.0
155.0	167.0	73.0	43.0
161.0	167.0	76.0	44.0
168.0	167.0	78.0	45.0
177.0	168.0	81.0	45.0
183.0	168.0	86.0	47.0
192.0	168.0	88.0	48.0
201.0	168.0	91.0	50.0
209.0	167.0	97.0	52.0
219.0	167.0	102.0	55.0
229.0	168.0	108.0	56.0
238.0	167.0	118.0	60.0
251.0	167.0	121.0	61.0
263.0	167.0	131.0	64.0
279.0	167.0	135.0	66.0
294.0	167.0	144.0	69.0
309.0	167.0	155.0	74.0
329.0	167.0	160.0	77.0
346.0	167.0	147.0	82.0
