44.0	173.0	29.0	22.0
45.0	172.0	30.0	22.0
46.0	171.0	30.0	23.0
47.0	170.0	30.0	24.0
47.0	169.0	32.0	26.0
48.0	169.0	31.0	25.0
49.0	168.0	32.0	27.0
49.0	169.0	34.0	26.0
51.0	171.0	33.0	24.0
52.0	171.0	34.0	25.0
54.0	172.0	33.0	24.0
56.0	172.0	33.0	24.0
56.0	172.0	35.0	24.0
57.0	172.0	36.0	24.0
59.0	171.0	36.0	26.0
60.0	172.0	36.0	25.0
62.0	171.0	36.0	26.0
63.0	172.0	37.0	25.0
65.0	172.0	37.0	25.0
66.0	172.0	37.0	26.0
66.0	171.0	40.0	27.0
69.0	171.0	39.0	27.0
71.0	172.0	39.0	26.0
72.0	172.0	40.0	26.0
74.0	172.0	40.0	27.0
74.0	172.0	42.0	27.0
77.0	172.0	41.0	27.0
79.0	172.0	41.0	28.0
81.0	172.0	42.0	28.0
82.0	171.0	44.0	29.0
84.0	171.0	44.0	29.0
86.0	171.0	44.0	30.0
89.0	172.0	44.0	29.0
90.0	171.0	44.0	30.0
92.0	172.0	46.0	30.0
94.0	171.0	47.0	31.0
96.0	171.0	47.0	31.0
99.0	171.0	47.0	31.0
100.0	172.0	49.0	31.0
103.0	171.0	49.0	33.0
105.0	171.0	50.0	33.0
107.0	170.0	52.0	34.0
109.0	171.0	54.0	34.0
112.0	171.0	55.0	34.0
115.0	170.0	55.0	35.0
117.0	171.0	56.0	35.0
120.0	171.0	56.0	35.0
123.0	171.0	58.0	36.0
125.0	171.0	60.0	37.0
129.0	171.0	60.0	37.0
132.0	171.0	62.0	38.0
134.0	170.0	64.0	39.0
138.0	171.0	64.0	39.0
141.0	171.0	66.0	39.0
145.0	171.0	68.0	40.0
148.0	171.0	70.0	41.0
151.0	171.0	72.0	41.0
155.0	170.0	74.0	43.0
159.0	170.0	75.0	44.0
164.0	170.0	76.0	44.0
168.0	170.0	78.0	46.0
172.0	170.0	80.0	46.0
177.0	170.0	82.0	47.0
182.0	171.0	85.0	47.0
187.0	171.0	87.0	48.0
192.0	170.0	90.0	50.0
197.0	171.0	92.0	50.0
203.0	170.0	93.0	52.0
208.0	170.0	99.0	53.0
213.0	170.0	102.0	55.0
219.0	170.0	105.0	56.0
226.0	170.0	110.0	58.0
232.0	170.0	113.0	59.0
239.0	170.0	118.0	60.0
245.0	170.0	123.0	62.0
254.0	170.0	129.0	64.0
264.0	170.0	131.0	66.0
268.0	170.0	139.0	67.0
278.0	171.0	143.0	69.0
287.0	170.0	150.0	72.0
296.0	169.0	150.0	74.0
307.0	170.0	161.0	76.0
317.0	170.0	167.0	79.0
328.0	170.0	164.0	82.0
340.0	170.0	154.0	84.0
353.0	170.0	142.0	86.0
367.0	171.0	127.0	85.0
