114.0	240.0	20.0	26.0
113.0	236.0	23.0	31.0
114.0	235.0	22.0	29.0
114.0	234.0	22.0	30.0
114.0	234.0	23.0	30.0
115.0	234.0	24.0	30.0
115.0	232.0	25.0	32.0
117.0	230.0	22.0	29.0
118.0	231.0	22.0	29.0
118.0	228.0	22.0	31.0
118.0	228.0	23.0	32.0
120.0	229.0	22.0	27.0
120.0	227.0	23.0	28.0
120.0	226.0	23.0	32.0
121.0	224.0	22.0	29.0
122.0	224.0	22.0	29.0
122.0	220.0	24.0	30.0
123.0	220.0	23.0	28.0
123.0	219.0	23.0	33.0
125.0	217.0	22.0	29.0
126.0	218.0	21.0	30.0
125.0	215.0	24.0	32.0
126.0	217.0	22.0	29.0
127.0	215.0	21.0	29.0
127.0	215.0	22.0	29.0
128.0	215.0	21.0	28.0
128.0	213.0	21.0	29.0
129.0	212.0	21.0	30.0
129.0	211.0	22.0	29.0
128.0	208.0	22.0	31.0
128.0	207.0	23.0	31.0
127.0	208.0	24.0	32.0
123.0	204.0	23.0	33.0
121.0	207.0	21.0	28.0
118.0	204.0	21.0	29.0
112.0	202.0	24.0	33.0
111.0	202.0	23.0	30.0
108.0	201.0	23.0	30.0
103.0	198.0	25.0	35.0
101.0	200.0	21.0	29.0
95.0	198.0	23.0	34.0
93.0	199.0	22.0	29.0
89.0	196.0	23.0	31.0
85.0	196.0	24.0	32.0
83.0	194.0	24.0	33.0
81.0	194.0	23.0	33.0
80.0	192.0	24.0	33.0
80.0	191.0	23.0	30.0
76.0	189.0	25.0	34.0
77.0	187.0	25.0	35.0
75.0	189.0	23.0	34.0
75.0	188.0	23.0	31.0
74.0	186.0	25.0	34.0
75.0	185.0	22.0	32.0
75.0235824584961	185.14505004882812	21.82261085510254	31.741979598999023
76.76744842529297	180.6075897216797	21.930538177490234	31.898962020874023
76.0	189.0	21.0	27.0
76.0	181.0	26.0	34.0
76.0	179.0	24.0	35.0
77.0	179.0	24.0	32.0
77.0	178.0	24.0	34.0
78.0	180.0	25.0	30.0
78.0	179.0	24.0	30.0
77.0	178.0	22.0	30.0
76.0	177.0	24.0	34.0
76.0	177.0	25.0	32.0
75.9531021118164	176.98672485351562	25.23867416381836	32.305503845214844
77.0	174.0	22.0	29.0
77.49531555175781	176.81715393066406	22.276718139648438	29.364765167236328
76.71292114257812	175.76385498046875	22.209415435791016	29.276046752929688
78.48780822753906	172.83636474609375	22.277965545654297	29.366405487060547
76.6843490600586	170.63311767578125	22.01511001586914	29.019912719726562
76.85563659667969	178.5347137451172	21.854679107666016	28.808435440063477
78.65638732910156	173.73765563964844	21.500652313232422	28.341766357421875
78.0	170.0	23.0	33.0
77.0	171.0	24.0	33.0
77.0	166.0	26.0	35.0
78.0	169.0	24.0	31.0
78.0	168.0	23.0	31.0
77.79413604736328	165.94778442382812	22.76227378845215	30.679584503173828
77.96202087402344	168.35789489746094	22.751798629760742	30.66546630859375
78.1194839477539	164.440185546875	22.49847412109375	30.324031829833984
79.9023208618164	165.2399444580078	22.514461517333984	30.345577239990234
79.44840240478516	162.86558532714844	22.762033462524414	30.67926025390625
77.82192993164062	158.59097290039062	22.898048400878906	30.86258888244629
77.2720947265625	154.34275817871094	22.8360538482666	30.77903175354004
78.68035125732422	155.4051513671875	22.667173385620117	30.551410675048828
82.0	167.0	20.0	23.0
81.0	160.0	23.0	31.0
79.0	158.0	25.0	31.0
79.0	158.0	24.0	36.0
79.0	155.0	26.0	35.0
80.0	155.0	25.0	35.0
82.0	152.0	22.0	30.0
82.07984924316406	149.75665283203125	22.044204711914062	30.06028175354004
82.0	157.0	22.0	28.0
80.0	150.0	25.0	36.0
81.0	150.0	25.0	35.0
81.0	149.0	26.0	38.0
82.0	147.0	25.0	35.0
82.0	147.0	25.0	37.0
83.0	148.0	26.0	34.0
81.0	145.0	28.0	37.0
83.0	145.0	25.0	35.0
82.0	145.0	27.0	37.0
82.0	145.0	28.0	37.0
84.0	144.0	25.0	31.0
81.0	140.0	27.0	36.0
84.0	142.0	23.0	31.0
84.2552261352539	141.72500610351562	23.570316314697266	31.768688201904297
86.77579498291016	140.12832641601562	23.521373748779297	31.702722549438477
84.4288330078125	140.1363525390625	23.445531845092773	31.600500106811523
84.3638916015625	139.052734375	23.565162658691406	31.761743545532227
85.43323516845703	139.54190063476562	23.750524520874023	32.011573791503906
88.0	147.0	21.0	26.0
86.0	141.0	23.0	33.0
86.0	137.0	22.0	32.0
86.0	137.0	24.0	32.0
86.0	136.0	24.0	31.0
86.74169921875	135.72149658203125	23.492660522460938	30.34468650817871
88.0	134.0	22.0	31.0
87.50151062011719	134.08660888671875	22.185935974121094	31.261999130249023
87.27354431152344	132.78665161132812	22.391864776611328	31.552169799804688
87.6609878540039	133.8331298828125	22.537134170532227	31.756866455078125
89.979248046875	133.2816925048828	22.10838508605957	31.1527156829834
88.66734313964844	132.09552001953125	22.307621002197266	31.433452606201172
89.54576110839844	133.81338500976562	22.34986114501953	31.492971420288086
89.36290740966797	133.4601287841797	22.366979598999023	31.517093658447266
90.13389587402344	131.41244506835938	22.2962589263916	31.41744041442871
87.73298645019531	128.84002685546875	22.1299991607666	31.183162689208984
87.1738510131836	131.50331115722656	22.095779418945312	31.13494300842285
87.70856475830078	131.98890686035156	21.502151489257812	30.2984676361084
89.0459213256836	131.53497314453125	21.639665603637695	30.492238998413086
88.83024597167969	128.86068725585938	21.54636001586914	30.360759735107422
88.0	128.0	23.0	32.0
87.0	124.0	24.0	34.0
90.0	124.0	23.0	32.0
88.5770034790039	125.40330505371094	22.938541412353516	31.91448974609375
89.85582733154297	128.8525390625	22.426401138305664	31.201946258544922
90.3934555053711	125.58528137207031	22.712732315063477	31.60032081604004
90.29771423339844	124.56258392333984	22.731542587280273	31.62649154663086
91.0	124.0	24.0	32.0
90.67449951171875	122.02323150634766	23.86981773376465	31.826427459716797
91.0	118.0	27.0	39.0
93.0	122.0	23.0	31.0
93.0	119.0	28.0	35.0
119.0	106.0	22.0	28.0
120.0	105.0	23.0	25.0
94.0	116.0	26.0	37.0
93.0	115.0	27.0	36.0
94.0	114.0	27.0	38.0
95.0	114.0	23.0	36.0
93.0	113.0	29.0	38.0
93.0	112.0	27.0	34.0
92.8158950805664	111.23185729980469	27.059335708618164	34.07471466064453
93.5450668334961	109.24019622802734	27.147289276123047	34.18547058105469
93.830078125	109.950927734375	26.56976318359375	33.458213806152344
93.65789031982422	113.94300842285156	26.509403228759766	33.3822021484375
92.73344421386719	111.34471130371094	26.162805557250977	32.94574737548828
93.48380279541016	108.62272644042969	25.830768585205078	32.527626037597656
92.53507995605469	109.84649658203125	25.947696685791016	32.67486572265625
93.2852783203125	111.60447692871094	25.715755462646484	32.382789611816406
92.94195556640625	109.44779205322266	25.613048553466797	32.253456115722656
93.38689422607422	108.614013671875	26.038015365600586	32.788597106933594
93.0752182006836	106.5865707397461	25.90140724182129	32.61656951904297
94.72281646728516	105.4623794555664	26.33452796936035	33.16197967529297
94.21293640136719	103.30391693115234	26.2637996673584	33.072914123535156
123.0	91.0	22.0	28.0
122.8750991821289	90.06645965576172	22.113670349121094	28.14467430114746
122.81837463378906	89.94015502929688	22.01769256591797	28.02252197265625
123.0	89.0	23.0	26.0
127.0	88.0	18.0	23.0
126.0	88.0	19.0	23.0
125.04671478271484	89.2728042602539	19.02092933654785	23.02533531188965
124.2128677368164	88.07653045654297	18.85019874572754	22.818660736083984
122.5350570678711	86.75154113769531	18.878732681274414	22.85320281982422
98.0	100.0	24.0	32.0
95.32740783691406	98.9794692993164	24.04573631286621	32.06098175048828
96.18155670166016	98.06707000732422	23.920265197753906	31.893688201904297
96.7752685546875	98.45823669433594	23.210887908935547	30.947851181030273
96.94981384277344	94.98057556152344	23.13019561767578	30.840261459350586
96.8101577758789	95.67623138427734	23.231107711791992	30.974811553955078
97.17558288574219	94.8116683959961	22.862895965576172	30.48386573791504
97.0	93.0	27.0	39.0
95.56849670410156	89.20372772216797	26.7259578704834	38.604164123535156
95.0	89.0	27.0	41.0
96.17329406738281	87.73233795166016	26.858047485351562	40.78444290161133
97.0	91.0	26.0	39.0
98.0	89.0	25.0	39.0
97.01972961425781	88.10139465332031	24.663188934326172	38.474571228027344
97.6091079711914	86.27735900878906	24.3799991607666	38.03279495239258
98.0	86.0	26.0	40.0
96.93003845214844	84.84558868408203	26.563922882080078	40.86756896972656
99.0	84.0	25.0	38.0
97.32098388671875	83.34327697753906	25.27684783935547	38.420814514160156
100.0	83.0	25.0	38.0
98.57771301269531	84.09833526611328	24.91240119934082	37.86684799194336
99.44021606445312	82.4564208984375	25.079641342163086	38.121055603027344
99.80450439453125	83.39376068115234	24.9351863861084	37.90148162841797
101.1632308959961	83.60191345214844	24.833385467529297	37.746742248535156
99.9977035522461	81.98713684082031	25.278459548950195	38.423255920410156
100.5006332397461	82.62848663330078	25.43918800354004	38.667564392089844
99.39094543457031	83.29908752441406	25.521305084228516	38.792381286621094
100.68558502197266	81.9766845703125	25.09465980529785	38.14387893676758
99.21536254882812	81.33165740966797	25.205686569213867	38.31264114379883
98.90422058105469	81.4530029296875	25.231826782226562	38.35237503051758
97.84296417236328	81.86682891845703	25.391193389892578	38.59461212158203
97.16481018066406	81.31487274169922	25.106258392333984	38.16151428222656
97.05989074707031	83.28816223144531	25.281665802001953	38.428131103515625
97.08380126953125	81.44638061523438	25.38938331604004	38.591861724853516
97.31429290771484	80.88309478759766	25.187135696411133	38.284446716308594
97.0	83.0	27.0	37.0
94.68124389648438	82.36611938476562	27.19658851623535	37.2693977355957
95.90412139892578	81.81948852539062	26.842620849609375	36.784332275390625
98.0	82.0	25.0	37.0
97.0	83.0	27.0	37.0
97.06529998779297	81.25584411621094	27.029659271240234	37.04064178466797
97.08296203613281	82.71223449707031	26.711009979248047	36.60397720336914
97.67570495605469	83.67095184326172	26.63204574584961	36.495765686035156
100.0	80.0	24.0	39.0
99.7548828125	79.60237121582031	24.568584442138672	39.923946380615234
99.32490539550781	79.08753967285156	25.098949432373047	40.78578567504883
100.561279296875	79.85523223876953	24.87945556640625	40.42911148071289
101.00831604003906	79.79448699951172	25.07674789428711	40.74971389770508
101.2790756225586	78.5925064086914	25.42156982421875	41.31005096435547
101.89507293701172	78.70206451416016	25.209758758544922	40.965858459472656
101.10691833496094	79.35272979736328	24.592866897583008	39.963409423828125
101.0	81.0	26.0	39.0
100.3289566040039	81.92982482910156	25.790294647216797	38.68544387817383
100.65425872802734	81.44352722167969	25.936389923095703	38.90458297729492
101.12609100341797	82.60635375976562	25.821868896484375	38.73279571533203
101.89717864990234	80.810302734375	25.786224365234375	38.67932891845703
101.85272216796875	82.43257141113281	25.560041427612305	38.340057373046875
102.0277099609375	80.92766571044922	25.442310333251953	38.16345977783203
104.0	81.0	25.0	38.0
104.0	82.0	26.0	36.0
128.0	68.0	24.0	26.0
130.58428955078125	68.55049133300781	23.938444137573242	25.93331527709961
129.61557006835938	69.4817123413086	23.752798080444336	25.732202529907227
130.2838134765625	69.55065155029297	23.7800235748291	25.761693954467773
130.48690795898438	69.4657974243164	23.442035675048828	25.39554214477539
131.0821075439453	69.60240173339844	23.725635528564453	25.702777862548828
131.03501892089844	68.63804626464844	23.51303482055664	25.472461700439453
129.8045196533203	69.73898315429688	23.697494506835938	25.672292709350586
129.2921600341797	68.95098114013672	23.4786376953125	25.435195922851562
128.8014373779297	70.60890197753906	23.11966323852539	25.04630470275879
128.69967651367188	70.65618896484375	22.98321533203125	24.898487091064453
127.3465576171875	70.65464782714844	23.261734008789062	25.20021629333496
127.0630874633789	70.88372802734375	22.87954330444336	24.786174774169922
126.1802749633789	71.7154769897461	22.545207977294922	24.42397689819336
127.0	70.0	21.0	24.0
126.544677734375	72.01946258544922	20.934471130371094	23.92510986328125
126.76960754394531	72.27033233642578	20.960886001586914	23.95529556274414
125.89073181152344	72.41429138183594	21.01011848449707	24.011560440063477
126.3916244506836	72.0867919921875	20.765323638916016	23.731796264648438
124.8336181640625	72.96076965332031	20.65707015991211	23.608078002929688
124.0	65.0	25.0	31.0
124.0	68.0	22.0	25.0
124.12498474121094	72.45945739746094	21.994401931762695	24.99363899230957
123.427734375	72.78914642333984	23.53782081604004	26.377010345458984
119.0707778930664	70.13903045654297	23.672122955322266	26.527511596679688
116.9421615600586	69.760009765625	23.421659469604492	26.246835708618164
113.10716247558594	80.06510162353516	23.679828643798828	26.536144256591797
99.0	81.0	22.0	40.0
99.46857452392578	82.57160949707031	21.779788970947266	39.59961700439453
98.20619201660156	82.5043716430664	21.699874877929688	39.45431137084961
96.6707992553711	82.96488952636719	21.948760986328125	39.90683364868164
110.52542877197266	84.3140640258789	22.261798858642578	40.475990295410156
103.31343078613281	82.68330383300781	22.055988311767578	40.10178756713867
100.72050476074219	84.87681579589844	21.639545440673828	39.3446159362793
97.26612854003906	84.58311462402344	21.78862953186035	39.61567306518555
93.43705749511719	86.79023742675781	21.496047973632812	39.083709716796875
93.83496856689453	87.64720153808594	21.662988662719727	39.387237548828125
81.1480941772461	84.16951751708984	21.678464889526367	39.41537094116211
77.8448715209961	87.90193176269531	21.65343475341797	39.36986541748047
87.56425476074219	91.58943176269531	21.771648406982422	39.584800720214844
72.0316162109375	91.48235321044922	21.402080535888672	38.91286087036133
63.93206787109375	89.20277404785156	21.5480899810791	39.17832946777344
61.10228729248047	89.74369812011719	21.018714904785156	38.2158317565918
73.59818267822266	90.93367767333984	21.12246322631836	38.40446472167969
67.06395721435547	103.63885498046875	21.18501853942871	38.51820373535156
70.21437072753906	113.8333511352539	21.15758514404297	38.46832275390625
66.87565612792969	109.2146987915039	20.98877716064453	38.161399841308594
63.415550231933594	110.66438293457031	20.695281982421875	37.627769470214844
70.64089965820312	113.7680892944336	20.59304428100586	37.44187927246094
71.95716857910156	108.308837890625	20.480342864990234	37.870643615722656
86.7451171875	100.98709869384766	20.541290283203125	37.98334503173828
103.0805435180664	101.98348236083984	20.351043701171875	37.631553649902344
105.23726654052734	99.59999084472656	20.32257843017578	38.590789794921875
117.80369567871094	100.5647201538086	20.34665870666504	38.63651657104492
116.59159851074219	106.15228271484375	20.15243148803711	38.26769256591797
116.49718475341797	104.13676452636719	20.19094467163086	37.571861267089844
146.02651977539062	104.92733001708984	20.442949295043945	38.04079818725586
158.62767028808594	106.82044982910156	20.180007934570312	37.55150604248047
174.61769104003906	105.50311279296875	20.245285034179688	37.6729736328125
306.0	75.0	20.0	23.0
318.90399169921875	75.10267639160156	19.853113174438477	22.831079483032227
336.0	74.0	20.0	23.0
325.5563049316406	70.6733169555664	24.23322868347168	24.690231323242188
329.0	83.0	24.0	38.0
329.0	84.0	25.0	38.0
329.0	82.0	26.0	42.0
328.0	84.0	28.0	40.0
330.0	83.0	25.0	41.0
329.0	84.0	24.0	36.0
330.0	85.0	24.0	37.0
329.0	82.0	27.0	40.0
330.0	83.0	24.0	39.0
331.558837890625	84.505859375	24.216943740844727	39.35253143310547
331.06378173828125	82.28287506103516	24.5089054107666	39.826969146728516
331.76910400390625	82.19349670410156	24.555171966552734	39.90215301513672
332.2576599121094	81.89351654052734	24.049360275268555	39.08020782470703
332.01776123046875	83.26319885253906	23.791330337524414	38.66090393066406
332.8560485839844	82.6333999633789	23.62510871887207	38.39079666137695
333.2452697753906	82.42066955566406	23.55283546447754	38.273353576660156
334.0	83.0	25.0	40.0
334.0	83.0	26.0	38.0
335.0	83.0	25.0	35.0
335.0	82.0	25.0	38.0
335.2845153808594	81.17408752441406	25.025348663330078	38.03852844238281
336.0	82.0	26.0	42.0
335.7461853027344	78.89112854003906	26.077667236328125	42.125457763671875
339.0	84.0	21.0	35.0
339.29364013671875	82.29273223876953	21.095516204833984	35.1591911315918
341.43817138671875	82.39692687988281	20.87212562561035	34.78687286376953
340.3265075683594	83.2143325805664	20.893091201782227	34.821815490722656
338.0	82.0	28.0	40.0
337.792724609375	79.0644760131836	27.55255699157715	39.36079788208008
341.0	83.0	24.0	37.0
340.0	83.0	28.0	39.0
341.0	82.0	25.0	37.0
342.0	82.0	25.0	36.0
342.8572998046875	81.25819396972656	24.44516372680664	35.20103073120117
344.0	81.0	22.0	38.0
344.66534423828125	81.44517517089844	22.01242446899414	38.021461486816406
344.0	79.0	24.0	41.0
345.0	80.0	22.0	41.0
345.3284606933594	78.44158935546875	22.08113670349121	41.151214599609375
345.79351806640625	80.03160095214844	22.05648422241211	41.10527420043945
345.0	79.0	32.0	42.0
345.0	82.0	27.0	38.0
346.0408630371094	81.562255859375	26.777124404907227	37.68632507324219
345.60858154296875	81.74828338623047	26.7071590423584	37.587852478027344
347.35467529296875	82.4663314819336	26.386301040649414	37.13627243041992
345.1207580566406	80.9946060180664	26.721698760986328	37.608306884765625
344.0	80.0	32.0	42.0
345.0	83.0	26.0	38.0
343.9736328125	81.8956069946289	25.49176025390625	37.25718307495117
344.7368469238281	80.96355438232422	25.959243774414062	37.9404296875
346.0	84.0	21.0	33.0
347.0322570800781	84.85403442382812	21.25387191772461	33.39894104003906
346.3621826171875	86.06385803222656	21.09305763244629	33.14623260498047
347.59832763671875	84.40536499023438	21.077861785888672	33.122352600097656
346.6255798339844	84.71730041503906	20.890737533569336	32.82830047607422
347.08001708984375	83.58355712890625	21.102428436279297	33.16095733642578
345.15704345703125	82.7759780883789	21.001972198486328	33.00310134887695
344.8992614746094	84.73406982421875	20.686914443969727	32.50801467895508
343.0	81.0	28.0	40.0
342.0	77.0	27.0	41.0
345.0	82.0	21.0	38.0
345.18365478515625	79.94401550292969	21.486230850219727	38.879844665527344
345.4700622558594	78.80517578125	21.74941062927246	39.356075286865234
345.4907531738281	81.4029541015625	21.476932525634766	38.86301803588867
346.38592529296875	80.29742431640625	21.416004180908203	38.75276565551758
346.1784362792969	81.4701919555664	21.69475746154785	39.257179260253906
347.13983154296875	80.54338073730469	21.67915916442871	39.22895050048828
346.30035400390625	80.62034606933594	22.077531814575195	39.9498176574707
348.281005859375	80.10549926757812	22.22049331665039	40.20851135253906
348.0948181152344	81.15029907226562	22.546110153198242	40.79772186279297
348.71356201171875	79.80924224853516	22.368907928466797	40.47706604003906
351.9541015625	80.35274505615234	22.218090057373047	40.204158782958984
365.1627502441406	82.49676513671875	22.197708129882812	40.16727828979492
381.56103515625	79.4554214477539	22.20297622680664	40.17680740356445
400.20025634765625	79.96905517578125	22.243993759155273	40.25102996826172
419.066162109375	80.57794952392578	22.009183883666992	39.82613754272461
439.17303466796875	76.75981140136719	21.9094295501709	39.6456298828125
444.5400390625	77.87100219726562	21.54876708984375	38.993003845214844
446.354736328125	78.45108032226562	21.700489044189453	39.267555236816406
447.3819885253906	78.43743896484375	21.897865295410156	39.62471389770508
447.69366455078125	77.47515106201172	21.874496459960938	39.582427978515625
447.94610595703125	77.72126770019531	22.027238845825195	39.85881805419922
448.1949157714844	76.28742218017578	22.35901641845703	40.45917510986328
471.0	67.0	23.0	31.0
470.30657958984375	62.44124221801758	22.901634216308594	30.867420196533203
471.8462829589844	65.90164184570312	22.32842254638672	30.094829559326172
471.92535400390625	66.99513244628906	21.585399627685547	29.093364715576172
473.12677001953125	67.79899597167969	21.335857391357422	28.75702476501465
473.4405822753906	67.04354095458984	21.515914916992188	28.999713897705078
473.6416931152344	67.93901062011719	21.19382095336914	28.56558609008789
473.467041015625	67.62036895751953	21.214380264282227	28.59329605102539
474.210205078125	66.32060241699219	21.34646224975586	28.771320343017578
473.3961486816406	65.48701477050781	21.31511878967285	28.729074478149414
475.43292236328125	68.5374755859375	20.993396759033203	28.295446395874023
475.6709899902344	67.15471649169922	20.713214874267578	27.917810440063477
477.1123046875	67.50621032714844	20.541898727416992	27.686904907226562
477.4209899902344	68.4632339477539	20.41246795654297	27.5124568939209
477.269775390625	67.24405670166016	20.492416381835938	27.620214462280273
478.0386657714844	69.30989837646484	20.504825592041016	27.63694190979004
478.75628662109375	68.30167388916016	20.5869197845459	27.74759292602539
478.47442626953125	67.20375061035156	20.868810653686523	28.127532958984375
479.398681640625	67.79704284667969	20.774065017700195	27.999832153320312
479.414794921875	67.38919830322266	20.748186111450195	27.964954376220703
480.0643005371094	67.09227752685547	20.468963623046875	27.588611602783203
479.4580078125	66.96121978759766	20.875537872314453	28.1366024017334
478.9444274902344	69.05567932128906	20.87750816345215	28.13926124572754
479.5868225097656	69.06188201904297	20.48508071899414	27.610340118408203
480.60198974609375	69.93509674072266	20.399383544921875	27.494836807250977
480.29071044921875	70.30221557617188	20.073291778564453	27.055322647094727
480.7926330566406	69.51329803466797	19.959197998046875	26.90154457092285
481.09576416015625	70.10905456542969	19.670455932617188	26.512371063232422
481.20361328125	69.74712371826172	19.830995559692383	26.728750228881836
481.185791015625	68.31996154785156	20.09552001953125	27.085281372070312
481.77276611328125	68.81562805175781	20.27225112915039	27.3234806060791
481.0732421875	68.64774322509766	20.133647918701172	27.136667251586914
482.3792419433594	69.42993927001953	20.059314727783203	27.03647804260254
482.62469482421875	68.13533782958984	19.721019744873047	26.580514907836914
482.192138671875	68.29283142089844	19.54358673095703	26.341365814208984
482.12109375	67.15199279785156	19.827070236206055	26.72345542907715
482.6209411621094	67.36638641357422	19.59175682067871	26.406295776367188
483.3087463378906	68.1994400024414	19.362178802490234	26.09686279296875
483.720947265625	67.75220489501953	19.60128402709961	26.419137954711914
483.1168518066406	67.26957702636719	19.978487014770508	26.927541732788086
484.4466247558594	68.60667419433594	20.015308380126953	26.977169036865234
484.3526306152344	68.21156311035156	20.13254165649414	27.135181427001953
484.8048400878906	67.91934204101562	20.11012077331543	27.104961395263672
484.8509826660156	65.85375213623047	20.30889129638672	27.37286949157715
485.724609375	67.84749603271484	20.361183166503906	27.443349838256836
485.55810546875	65.56101989746094	20.58195686340332	27.740915298461914
486.3932189941406	67.57859802246094	20.383394241333008	27.47328758239746
485.98974609375	68.16121673583984	20.86343765258789	28.120304107666016
486.806640625	65.51097869873047	20.508596420288086	27.642038345336914
486.39422607421875	67.73838806152344	20.89535903930664	28.1633243560791
485.92169189453125	67.11482238769531	21.06993293762207	28.39862060546875
485.8516540527344	67.69566345214844	21.225616455078125	28.60845375061035
486.1884765625	66.9329605102539	21.366138458251953	28.7978515625
486.36883544921875	68.0645980834961	21.35885238647461	28.78803062438965
485.98968505859375	68.34249114990234	21.293054580688477	28.699350357055664
485.8338317871094	68.41400146484375	21.39891815185547	28.8420352935791
485.65374755859375	68.74713134765625	21.500642776489258	28.979141235351562
483.79486083984375	67.68232727050781	21.698471069335938	29.245779037475586
484.67352294921875	68.21348571777344	21.619091033935547	29.1387882232666
482.8435974121094	68.64430236816406	21.52090072631836	29.006444931030273
483.3271484375	66.96134185791016	21.224802017211914	28.607357025146484
481.71270751953125	68.38517761230469	21.10332489013672	28.443628311157227
480.16748046875	66.50453186035156	21.32769775390625	28.746044158935547
480.47796630859375	67.03089141845703	21.071331024169922	28.4005069732666
479.04339599609375	67.62199401855469	20.765880584716797	27.988811492919922
476.85565185546875	66.55858612060547	20.9611873626709	28.252050399780273
475.9599609375	67.768310546875	20.614028930664062	27.78413963317871
474.52032470703125	65.97743225097656	20.28561782836914	27.341501235961914
475.691162109375	66.138427734375	20.21523666381836	27.246639251708984
474.55914306640625	65.62290954589844	20.14132308959961	27.147018432617188
474.93408203125	67.1215591430664	20.110464096069336	27.105426788330078
475.927734375	67.00352478027344	19.829059600830078	26.72614097595215
476.74993896484375	66.10103607177734	19.88380241394043	26.7999267578125
477.946533203125	65.32403564453125	19.768774032592773	26.6448917388916
478.1590270996094	65.07779693603516	19.723041534423828	26.583255767822266
478.87078857421875	65.02906799316406	20.037233352661133	27.006732940673828
479.98211669921875	64.54679870605469	20.355546951293945	27.43576431274414
480.51019287109375	65.67890167236328	20.115026473999023	27.111583709716797
