318.0	145.0	21.0	23.0
319.0	146.0	21.0	22.0
318.0	146.0	22.0	21.0
318.0	146.0	21.0	21.0
318.0	146.0	22.0	21.0
318.0	146.0	21.0	21.0
319.0	146.0	21.0	21.0
319.0	146.0	21.0	21.0
318.0	146.0	21.0	21.0
318.0	146.0	22.0	21.0
318.0	146.0	22.0	21.0
319.0	146.0	21.0	21.0
318.0	146.0	20.0	20.0
324.0	154.0	24.0	25.0
319.0	145.0	20.0	18.0
319.0	146.0	21.0	21.0
319.0	146.0	21.0	21.0
318.0	146.0	21.0	21.0
318.0	146.0	22.0	22.0
318.0	146.0	22.0	22.0
318.0	146.0	21.0	21.0
318.0	146.0	22.0	21.0
318.0	146.0	22.0	21.0
318.0	146.0	22.0	21.0
318.0	146.0	22.0	21.0
319.0	146.0	21.0	21.0
319.0	146.0	21.0	21.0
318.0	146.0	22.0	21.0
318.0	146.0	22.0	21.0
318.0	146.0	22.0	21.0
318.0	146.0	22.0	21.0
319.0	146.0	21.0	21.0
318.0	146.0	22.0	21.0
318.0	146.0	21.0	21.0
318.0	146.0	22.0	22.0
318.0	146.0	21.0	21.0
319.0	146.0	21.0	21.0
319.40069580078125	145.8269805908203	21.078571319580078	21.078571319580078
318.0	146.0	22.0	21.0
319.0	146.0	21.0	21.0
318.0	146.0	22.0	21.0
318.0	146.0	22.0	21.0
318.0	146.0	22.0	21.0
319.0	146.0	20.0	21.0
319.0	146.0	21.0	21.0
319.0	146.0	21.0	21.0
319.0	146.0	21.0	21.0
319.0	146.0	21.0	21.0
319.0	146.0	21.0	21.0
320.0	146.0	20.0	20.0
323.0	145.0	22.0	21.0
325.0	145.0	22.0	21.0
328.0	145.0	21.0	20.0
331.0	145.0	21.0	20.0
334.0	145.0	21.0	20.0
337.0	145.0	22.0	20.0
340.0	143.0	21.0	22.0
342.7173767089844	143.9049072265625	20.93798828125	21.935033798217773
344.6922912597656	142.88998413085938	21.159717559814453	22.167320251464844
348.0	144.0	20.0	20.0
350.0	144.0	22.0	21.0
352.0	143.0	22.0	22.0
355.0	143.0	21.0	22.0
357.0	143.0	21.0	21.0
359.0	143.0	21.0	21.0
394.0	150.0	20.0	21.0
394.0	151.0	20.0	20.0
394.0	150.0	21.0	21.0
394.0	151.0	20.0	20.0
394.0	151.0	20.0	20.0
394.0	150.0	21.0	21.0
393.0	151.0	21.0	20.0
394.0	151.0	20.0	20.0
393.0	151.0	21.0	21.0
393.5040283203125	150.03939819335938	20.9366512298584	20.9366512298584
394.0	151.0	20.0	20.0
393.0	149.0	22.0	22.0
392.71734619140625	149.61685180664062	21.954402923583984	21.954402923583984
393.03009033203125	149.12681579589844	22.033390045166016	22.033390045166016
392.6907958984375	149.53436279296875	22.14336585998535	22.14336585998535
391.98382568359375	148.64588928222656	22.306392669677734	22.306392669677734
392.0	146.0	23.0	25.0
392.83892822265625	147.17440795898438	23.36675453186035	25.398645401000977
393.49835205078125	146.6337432861328	23.347911834716797	25.378164291381836
393.4371032714844	146.39199829101562	23.526634216308594	25.57242774963379
393.16375732421875	147.34408569335938	23.235321044921875	25.255783081054688
393.45965576171875	147.5687255859375	23.059425354003906	25.064590454101562
394.0	149.0	21.0	22.0
394.0	150.0	21.0	22.0
299.0	138.0	21.0	20.0
394.0	150.0	20.0	21.0
394.0	150.0	20.0	21.0
394.0	150.0	20.0	21.0
393.0	150.0	22.0	22.0
393.0334777832031	149.86904907226562	21.89792823791504	21.89792823791504
300.0	138.0	20.0	21.0
188.0	165.0	22.0	23.0
187.0	164.0	23.0	24.0
187.0	165.0	23.0	23.0
187.0	164.0	23.0	24.0
300.0	138.0	20.0	21.0
393.0	150.0	22.0	22.0
393.0	150.0	22.0	22.0
188.0	164.0	22.0	24.0
187.0	164.0	23.0	24.0
393.0	150.0	22.0	21.0
393.59710693359375	150.61361694335938	21.890064239501953	20.895061492919922
187.0	165.0	23.0	23.0
393.0	150.0	22.0	21.0
188.0	164.0	22.0	24.0
187.0	164.0	23.0	24.0
187.0	164.0	23.0	24.0
188.0	164.0	22.0	24.0
188.651611328125	163.80435180664062	22.25765037536621	24.28107261657715
188.0	164.0	22.0	24.0
188.0	164.0	22.0	24.0
188.0	165.0	22.0	23.0
187.0	164.0	23.0	24.0
188.0	164.0	22.0	24.0
393.0	150.0	22.0	22.0
393.49884033203125	149.79620361328125	21.98202896118164	21.98202896118164
394.11077880859375	150.2105712890625	21.676206588745117	21.676206588745117
393.90130615234375	149.43505859375	21.729446411132812	21.729446411132812
187.0	164.0	23.0	24.0
187.89443969726562	163.55984497070312	23.210620880126953	24.219778060913086
188.0	164.0	22.0	24.0
187.0	164.0	23.0	24.0
188.0	164.0	22.0	24.0
393.0	150.0	22.0	22.0
393.3055725097656	149.98194885253906	22.369915008544922	22.369915008544922
394.15484619140625	149.6877899169922	22.21548080444336	22.21548080444336
187.0	164.0	23.0	24.0
187.43588256835938	163.36404418945312	22.92538833618164	23.92214584350586
187.0	164.0	23.0	24.0
187.77728271484375	163.72618103027344	23.288955688476562	24.301517486572266
393.0	150.0	22.0	22.0
187.0	164.0	23.0	24.0
187.0	164.0	23.0	24.0
188.0	164.0	22.0	24.0
187.0	164.0	23.0	24.0
188.0	164.0	22.0	23.0
187.0	164.0	23.0	24.0
188.33432006835938	163.72348022460938	23.132863998413086	24.138643264770508
187.88626098632812	163.4945526123047	23.189544677734375	24.19778823852539
187.0	164.0	23.0	24.0
188.0028839111328	163.59085083007812	22.769777297973633	23.759769439697266
393.0	150.0	22.0	22.0
187.0	164.0	23.0	24.0
188.0	164.0	22.0	24.0
188.0	164.0	22.0	24.0
187.0	164.0	23.0	24.0
187.0	164.0	23.0	24.0
187.3447265625	163.875	23.21607208251953	24.225467681884766
187.0	164.0	23.0	24.0
393.0	150.0	22.0	21.0
188.0	164.0	22.0	24.0
188.0	164.0	22.0	24.0
188.3011932373047	164.06788635253906	22.292118072509766	24.318674087524414
187.0	164.0	23.0	24.0
187.0	164.0	23.0	24.0
187.0	165.0	23.0	23.0
187.0	165.0	23.0	23.0
188.10592651367188	164.3819122314453	22.671916961669922	22.671916961669922
187.0	164.0	23.0	24.0
187.0	164.0	23.0	24.0
187.0	164.0	23.0	24.0
188.20199584960938	163.9429168701172	22.7979793548584	23.789196014404297
188.0	164.0	22.0	24.0
187.0	165.0	23.0	23.0
187.5926971435547	164.27584838867188	23.626651763916016	23.626651763916016
299.0	137.0	21.0	22.0
334.0	181.0	25.0	25.0
364.0	140.0	21.0	21.0
299.0	137.0	22.0	22.0
298.947265625	135.83990478515625	22.417095184326172	22.417095184326172
317.0	141.0	22.0	21.0
314.0	141.0	22.0	22.0
311.3996276855469	142.3406524658203	21.696805953979492	21.696805953979492
308.0	143.0	22.0	21.0
311.0	122.0	19.0	19.0
310.40435791015625	122.43135070800781	19.133419036865234	19.133419036865234
310.0	122.0	19.0	19.0
295.0	146.0	22.0	22.0
308.0	121.0	20.0	21.0
309.1095886230469	121.26719665527344	20.169321060180664	21.177785873413086
308.4479064941406	120.3952407836914	20.5534610748291	21.581132888793945
308.0	121.0	19.0	20.0
308.41845703125	120.30851745605469	18.868406295776367	19.861480712890625
308.0489196777344	120.35234069824219	19.053813934326172	20.056644439697266
307.0	120.0	19.0	20.0
307.0	120.0	19.0	20.0
307.42047119140625	120.4776611328125	18.968225479125977	19.966552734375
306.0	120.0	20.0	20.0
306.0	120.0	20.0	20.0
306.0	120.0	19.0	20.0
306.0	120.0	19.0	20.0
306.05517578125	119.38763427734375	19.237499237060547	20.25
305.98944091796875	118.90087890625	19.634302139282227	20.66769027709961
306.0	120.0	19.0	19.0
305.0	120.0	20.0	19.0
305.0	120.0	20.0	19.0
305.0	120.0	20.0	20.0
345.0	187.0	24.0	25.0
344.0	187.0	24.0	26.0
343.4956359863281	187.294921875	23.880313873291016	25.870336532592773
341.0	188.0	24.0	25.0
339.0	188.0	25.0	25.0
339.0	189.0	24.0	25.0
338.0875549316406	188.55516052246094	24.048683166503906	25.050710678100586
336.0	189.0	25.0	25.0
335.0	189.0	24.0	25.0
334.0	189.0	24.0	25.0
333.1297912597656	188.84031677246094	24.00739288330078	25.007701873779297
332.4228515625	188.2215118408203	23.996501922607422	24.99635887145996
331.0	190.0	24.0	25.0
330.46307373046875	188.74459838867188	24.00958251953125	25.00998306274414
329.0	190.0	24.0	25.0
328.6445007324219	190.3952178955078	23.572887420654297	24.55508804321289
326.0	190.0	25.0	26.0
325.5950927734375	189.41064453125	25.529638290405273	26.550823211669922
325.07183837890625	189.63877868652344	25.67928123474121	26.706451416015625
323.7127380371094	189.3856201171875	25.73842430114746	26.767963409423828
323.3235168457031	189.31536865234375	26.087961196899414	27.131481170654297
322.2793273925781	189.71920776367188	26.276437759399414	27.327495574951172
322.0	191.0	25.0	25.0
321.87701416015625	190.69898986816406	25.400188446044922	25.400188446044922
321.9696350097656	190.87054443359375	25.355072021484375	25.355072021484375
321.0	191.0	24.0	26.0
320.0	191.0	25.0	26.0
319.4300842285156	190.85826110839844	25.251955032348633	26.262033462524414
319.6516418457031	189.85694885253906	25.750686645507812	26.780715942382812
319.0132141113281	190.7731475830078	25.40353012084961	26.419673919677734
317.6726379394531	190.6862335205078	25.7769832611084	26.808063507080078
318.6424865722656	191.19052124023438	25.810192108154297	26.842601776123047
317.30682373046875	191.00845336914062	25.902477264404297	26.938579559326172
317.2719421386719	190.8312530517578	25.8231258392334	26.85605239868164
318.0	192.0	24.0	25.0
317.51165771484375	191.91159057617188	24.544363021850586	25.56704330444336
318.07879638671875	192.35716247558594	24.882381439208984	25.919143676757812
318.0635986328125	191.6297607421875	24.79678726196289	25.829980850219727
317.5193176269531	191.96267700195312	24.764774322509766	25.796630859375
316.98248291015625	192.22288513183594	24.695667266845703	25.724645614624023
317.0	193.0	24.0	25.0
317.91748046875	192.90328979492188	23.808542251586914	24.80056381225586
317.71044921875	192.8544158935547	24.147245407104492	25.153377532958984
317.7452697753906	192.54354858398438	24.323944091796875	25.337438583374023
316.0	193.0	25.0	26.0
317.18524169921875	192.00030517578125	25.064754486083984	26.06734275817871
316.96124267578125	191.746826171875	24.961824417114258	25.960296630859375
316.9921569824219	192.34759521484375	25.117467880249023	26.122167587280273
317.162841796875	192.17625427246094	25.336441040039062	26.349903106689453
316.6396484375	191.80078125	25.53278160095215	26.55409812927246
316.97149658203125	191.48681640625	25.691701889038086	26.719379425048828
316.68414306640625	191.4530029296875	25.863178253173828	26.897714614868164
316.8604431152344	192.02330017089844	25.39373207092285	26.40949058532715
316.0	192.0	25.0	26.0
317.0	192.0	24.0	26.0
317.0	193.0	24.0	25.0
316.0	193.0	25.0	25.0
317.18206787109375	192.7255859375	25.043846130371094	25.043846130371094
157.0	139.0	21.0	21.0
156.0	139.0	22.0	21.0
152.0	166.0	23.0	23.0
316.0	193.0	25.0	25.0
151.0	166.0	24.0	23.0
316.0	193.0	25.0	25.0
316.0	192.0	25.0	27.0
316.0	193.0	25.0	25.0
317.22357177734375	192.6551055908203	25.104833602905273	25.104833602905273
316.0	193.0	25.0	25.0
317.069580078125	192.8244171142578	24.928438186645508	24.928438186645508
317.46502685546875	192.769775390625	24.704187393188477	24.704187393188477
316.7174377441406	192.6570587158203	24.992280960083008	24.992280960083008
317.059326171875	192.83706665039062	25.388538360595703	25.388538360595703
316.7207946777344	192.3936004638672	26.093246459960938	26.093246459960938
316.725830078125	191.94314575195312	26.090320587158203	26.090320587158203
316.26312255859375	192.14503479003906	26.15478515625	26.15478515625
317.2120666503906	193.05804443359375	25.767536163330078	25.767536163330078
316.90557861328125	192.29574584960938	25.9548282623291	25.9548282623291
316.4315490722656	191.79580688476562	26.0649471282959	26.0649471282959
316.80718994140625	192.68841552734375	26.547475814819336	26.547475814819336
316.00384521484375	191.94508361816406	26.371097564697266	26.371097564697266
316.0	192.0	25.0	26.0
316.0	193.0	25.0	25.0
316.9930114746094	192.41854858398438	25.222583770751953	25.222583770751953
316.9820556640625	192.6145477294922	25.399871826171875	25.399871826171875
316.94573974609375	192.35781860351562	25.107330322265625	25.107330322265625
316.0	193.0	25.0	25.0
316.0	193.0	25.0	25.0
317.0	193.0	24.0	24.0
317.2210693359375	192.24282836914062	24.521785736083984	24.521785736083984
317.0	193.0	24.0	25.0
318.2648010253906	192.06967163085938	23.775909423828125	24.766571044921875
316.0	193.0	25.0	25.0
316.57318115234375	192.14170837402344	25.040454864501953	25.040454864501953
316.0	193.0	25.0	25.0
316.0	192.0	25.0	26.0
317.0	193.0	24.0	25.0
318.48736572265625	192.41070556640625	24.070951461791992	25.073909759521484
316.0	193.0	25.0	25.0
316.0	193.0	25.0	25.0
316.7071838378906	192.22024536132812	25.39872932434082	25.39872932434082
316.3670654296875	192.8026580810547	25.630050659179688	25.630050659179688
316.3523254394531	191.99734497070312	25.56038475036621	25.56038475036621
317.0	193.0	24.0	25.0
318.17327880859375	193.13156127929688	24.30950355529785	25.322399139404297
316.9083251953125	191.91085815429688	24.472436904907227	25.49212074279785
317.0	193.0	24.0	24.0
317.85699462890625	192.8902587890625	24.500627517700195	24.500627517700195
316.8050231933594	192.62380981445312	25.124950408935547	25.124950408935547
316.7450866699219	193.12916564941406	25.16448402404785	25.16448402404785
317.0	193.0	24.0	25.0
316.0	193.0	25.0	25.0
317.4513854980469	191.92373657226562	24.826889038085938	24.826889038085938
317.0	193.0	24.0	25.0
152.0	166.0	23.0	23.0
316.0	193.0	25.0	25.0
317.0357666015625	192.05799865722656	25.499439239501953	25.499439239501953
316.44219970703125	192.2688751220703	25.557790756225586	25.557790756225586
317.0	193.0	24.0	24.0
317.9129333496094	193.1807861328125	24.373502731323242	24.373502731323242
317.0	193.0	24.0	25.0
317.30963134765625	192.50714111328125	23.631669998168945	24.616323471069336
317.99163818359375	192.12083435058594	23.867778778076172	24.86227035522461
316.0	192.0	25.0	27.0
316.7452087402344	191.759765625	24.925874710083008	26.91994285583496
317.431884765625	191.8896484375	25.3940486907959	27.42557144165039
317.0	193.0	24.0	25.0
317.0	192.0	24.0	26.0
317.92864990234375	192.3936004638672	23.814041137695312	25.79854393005371
318.05084228515625	191.8447265625	23.68490219116211	25.658641815185547
317.3587646484375	192.20925903320312	23.990432739257812	25.989635467529297
317.9099426269531	191.84674072265625	24.05182456970215	26.056142807006836
316.0	193.0	25.0	25.0
316.0	192.0	25.0	27.0
151.0	166.0	24.0	23.0
317.0	193.0	24.0	25.0
317.4531555175781	192.23263549804688	24.115123748779297	25.119922637939453
317.6085205078125	192.8202667236328	24.254995346069336	25.265621185302734
317.44696044921875	192.19204711914062	24.348304748535156	25.362817764282227
317.0	193.0	24.0	25.0
317.8641662597656	192.67770385742188	24.118362426757812	25.123294830322266
317.58831787109375	191.92054748535156	24.163387298583984	25.170194625854492
317.0	193.0	24.0	25.0
317.0	193.0	24.0	25.0
316.0	192.0	25.0	26.0
316.0	192.0	25.0	27.0
317.3138122558594	191.6045684814453	25.454206466674805	27.490543365478516
317.20556640625	191.54774475097656	25.28371810913086	27.30641746520996
317.0027770996094	191.6741485595703	25.103382110595703	27.111652374267578
316.0604553222656	191.49827575683594	25.095767974853516	27.103429794311523
316.90582275390625	191.44931030273438	25.44887351989746	27.484783172607422
316.0	192.0	25.0	26.0
317.0	192.0	24.0	26.0
317.5663757324219	191.8157501220703	24.236648559570312	26.25636863708496
317.0	193.0	24.0	25.0
317.88140869140625	192.67831420898438	23.81239891052246	24.804580688476562
316.0	193.0	25.0	25.0
317.090576171875	192.4849090576172	24.881328582763672	24.881328582763672
317.4536437988281	192.37551879882812	25.0665225982666	25.0665225982666
317.80462646484375	192.3871307373047	25.2674560546875	25.2674560546875
317.0	193.0	24.0	24.0
152.0	166.0	23.0	23.0
316.0	192.0	25.0	26.0
317.4278869628906	192.0393829345703	24.81166648864746	25.80413246154785
317.0495300292969	192.35997009277344	24.742778778076172	25.732492446899414
317.0	193.0	24.0	25.0
318.08355712890625	192.43270874023438	23.979354858398438	24.978496551513672
317.4350280761719	192.51132202148438	24.47757911682129	25.497482299804688
316.0	192.0	25.0	26.0
317.07476806640625	192.12936401367188	25.401094436645508	26.417139053344727
316.65081787109375	191.4328155517578	25.46886444091797	26.487619400024414
317.0	192.0	24.0	26.0
317.89141845703125	192.113525390625	23.945188522338867	25.940622329711914
316.0	192.0	25.0	26.0
317.03179931640625	192.2305145263672	25.1446533203125	26.150440216064453
317.51531982421875	192.40809631347656	24.82218360900879	25.815073013305664
316.0	192.0	25.0	26.0
317.0	192.0	24.0	26.0
317.947265625	191.57797241210938	24.130651473999023	26.141536712646484
316.0	192.0	25.0	27.0
317.8431396484375	192.09579467773438	24.473766326904297	26.431671142578125
317.857666015625	191.91445922851562	24.227436065673828	26.165634155273438
316.0	192.0	25.0	27.0
316.0	192.0	25.0	26.0
316.0	193.0	25.0	25.0
317.0	192.0	24.0	26.0
318.009521484375	191.7130584716797	23.764381408691406	25.7447452545166
317.0	193.0	24.0	25.0
317.5137939453125	192.6664581298828	23.99469757080078	24.994476318359375
151.0	166.0	24.0	23.0
316.0	192.0	25.0	27.0
316.0	192.0	25.0	26.0
317.0	192.0	24.0	26.0
317.09881591796875	191.7644500732422	24.079872131347656	26.086528778076172
317.0	193.0	24.0	25.0
317.318603515625	192.31468200683594	24.2092227935791	25.217937469482422
316.0	192.0	25.0	26.0
316.7628479003906	191.95457458496094	25.054447174072266	26.056625366210938
317.0301818847656	192.0093994140625	25.067020416259766	26.0697021484375
316.0	192.0	25.0	27.0
317.33856201171875	191.27621459960938	24.84674644470215	26.834484100341797
317.7652587890625	192.2534637451172	24.8254451751709	26.811481475830078
316.63470458984375	191.6258544921875	24.5737247467041	26.539623260498047
317.47650146484375	192.2536163330078	24.971969604492188	26.9697265625
317.41436767578125	191.85995483398438	24.99477767944336	26.994359970092773
317.51806640625	192.51321411132812	25.043399810791016	27.046875
316.81201171875	192.38702392578125	25.002168655395508	27.002344131469727
316.0	193.0	25.0	25.0
316.0	192.0	25.0	26.0
316.0	193.0	25.0	25.0
317.2386169433594	192.67068481445312	25.438806533813477	25.438806533813477
317.0246276855469	192.39987182617188	25.325815200805664	25.325815200805664
316.7872619628906	192.7459259033203	25.451452255249023	25.451452255249023
317.0	192.0	24.0	26.0
316.0	192.0	25.0	26.0
316.0	192.0	25.0	26.0
316.0	192.0	25.0	26.0
151.0	166.0	24.0	23.0
316.0	192.0	25.0	27.0
316.0	192.0	25.0	26.0
317.5657043457031	192.47239685058594	24.708303451538086	25.696636199951172
317.2638244628906	192.1222381591797	25.13054084777832	26.135761260986328
317.32525634765625	191.7808380126953	24.898456573486328	25.894390106201172
151.0	166.0	24.0	23.0
316.0	192.0	25.0	26.0
317.38031005859375	191.70469665527344	25.496536254882812	26.51639747619629
316.0	193.0	25.0	25.0
317.27093505859375	192.65567016601562	24.8297061920166	24.8297061920166
317.0	193.0	24.0	25.0
316.0	193.0	25.0	25.0
316.0	192.0	25.0	26.0
316.6372375488281	191.9471893310547	25.214733123779297	26.22332191467285
317.0	193.0	24.0	25.0
316.0	192.0	25.0	26.0
317.0	193.0	24.0	25.0
316.0	193.0	25.0	25.0
316.70477294921875	192.5753631591797	25.390729904174805	25.390729904174805
316.69268798828125	191.95321655273438	25.562030792236328	25.562030792236328
316.92425537109375	191.557373046875	25.767902374267578	25.767902374267578
316.08062744140625	192.37100219726562	25.994922637939453	25.994922637939453
315.76226806640625	191.8829803466797	26.373779296875	26.373779296875
316.6020812988281	192.40391540527344	26.526901245117188	26.526901245117188
316.645263671875	191.93472290039062	26.274532318115234	26.274532318115234
316.55999755859375	191.9312744140625	26.07175636291504	26.07175636291504
316.80010986328125	191.9451904296875	26.126033782958984	26.126033782958984
315.94854736328125	192.02345275878906	26.645122528076172	26.645122528076172
315.9947204589844	191.80404663085938	27.08029556274414	27.08029556274414
151.0	166.0	24.0	23.0
151.0	166.0	24.0	23.0
