320.0	128.0	22.0	19.0
321.0	128.0	22.0	19.0
321.0	128.0	21.0	19.0
321.0	128.0	21.0	19.0
320.0	128.0	23.0	19.0
321.0	128.0	22.0	19.0
321.0	128.0	22.0	19.0
321.0	128.0	22.0	19.0
321.0	128.0	22.0	19.0
321.0	128.0	22.0	19.0
321.0	128.0	22.0	19.0
320.0	128.0	22.0	19.0
321.0	128.0	22.0	19.0
321.0	128.0	22.0	19.0
321.0	128.0	22.0	19.0
321.0	128.0	22.0	19.0
321.0	128.0	21.0	19.0
321.0	128.0	22.0	19.0
320.0	128.0	22.0	19.0
321.0	128.0	22.0	19.0
321.0	128.0	21.0	19.0
321.0	128.0	22.0	19.0
321.0	128.0	21.0	19.0
321.0	128.0	22.0	19.0
320.0	128.0	23.0	19.0
321.0	128.0	22.0	19.0
321.0	128.0	22.0	19.0
321.0	128.0	22.0	19.0
321.0	128.0	22.0	19.0
321.0	128.0	22.0	19.0
321.0	128.0	22.0	19.0
321.0	128.0	22.0	19.0
321.0	128.0	22.0	19.0
320.0	128.0	23.0	19.0
321.0	128.0	22.0	19.0
320.0	128.0	23.0	19.0
320.0	128.0	22.0	19.0
320.0	128.0	23.0	19.0
321.0	128.0	22.0	19.0
320.0	128.0	23.0	19.0
320.0	128.0	23.0	19.0
320.0	128.0	23.0	19.0
321.0	128.0	22.0	19.0
321.0	128.0	22.0	19.0
321.0	128.0	22.0	19.0
321.0	128.0	22.0	19.0
320.0	128.0	23.0	19.0
320.0	128.0	23.0	19.0
321.0	128.0	22.0	19.0
320.0	128.0	23.0	19.0
321.0	128.0	22.0	19.0
320.0	128.0	23.0	19.0
321.0	128.0	21.0	19.0
321.0	128.0	22.0	19.0
321.0	128.0	22.0	19.0
321.0	128.0	22.0	19.0
321.0	128.0	22.0	19.0
321.0	128.0	22.0	19.0
321.0	128.0	22.0	19.0
321.0	128.0	22.0	19.0
321.0	128.0	22.0	19.0
321.0	128.0	21.0	19.0
321.0	128.0	22.0	19.0
321.0	128.0	22.0	19.0
321.0	128.0	22.0	19.0
321.0	128.0	22.0	19.0
320.0	128.0	23.0	19.0
320.0	128.0	23.0	19.0
321.0	128.0	22.0	19.0
321.0	128.0	22.0	19.0
321.0	128.0	22.0	19.0
321.0	128.0	21.0	19.0
320.0	128.0	23.0	19.0
320.0	128.0	23.0	19.0
321.0	128.0	21.0	19.0
321.0	128.0	22.0	19.0
321.0	128.0	22.0	19.0
320.0	128.0	23.0	19.0
321.0	128.0	21.0	19.0
321.0	128.0	22.0	19.0
321.0	128.0	22.0	19.0
321.0	128.0	21.0	19.0
320.0	128.0	23.0	19.0
320.0	128.0	23.0	19.0
321.0	128.0	22.0	19.0
321.0	128.0	22.0	19.0
321.0	128.0	22.0	19.0
321.0	128.0	22.0	19.0
321.0	128.0	22.0	19.0
321.0	128.0	22.0	19.0
321.0	128.0	22.0	19.0
321.0	128.0	22.0	19.0
321.0	129.0	20.0	18.0
320.0	132.0	18.0	16.0
320.0	132.0	22.0	16.0
320.0	134.0	21.0	15.0
314.77349853515625	132.99327087402344	20.82595443725586	14.875680923461914
314.19207763671875	134.3358917236328	20.50845718383789	14.648898124694824
312.78173828125	137.77288818359375	20.58710289001465	14.705073356628418
317.2846984863281	134.42471313476562	20.49972915649414	14.642664909362793
318.65997314453125	134.12313842773438	20.578411102294922	14.69886589050293
320.0	132.0	18.0	18.0
318.9761047363281	131.6240234375	17.81197738647461	17.81197738647461
317.746826171875	130.832763671875	17.66958236694336	17.66958236694336
314.6437072753906	129.759033203125	17.84187126159668	17.84187126159668
313.2038269042969	129.52639770507812	17.493982315063477	17.493982315063477
312.52972412109375	129.5723114013672	17.451763153076172	17.451763153076172
310.3896484375	130.76878356933594	17.328157424926758	17.328157424926758
309.88055419921875	128.07064819335938	17.315744400024414	17.315744400024414
308.5137634277344	127.99714660644531	17.395498275756836	17.395498275756836
308.0307922363281	127.0830078125	17.3614444732666	17.3614444732666
308.571533203125	127.11021423339844	17.607027053833008	17.607027053833008
308.0308532714844	127.3924331665039	17.64605140686035	17.64605140686035
307.8902282714844	126.8539047241211	17.55971336364746	17.55971336364746
307.8602294921875	125.67500305175781	17.894153594970703	17.894153594970703
307.48779296875	123.30348205566406	17.661609649658203	17.661609649658203
307.0	122.0	16.0	18.0
306.58978271484375	121.72242736816406	15.786737442016602	17.760080337524414
304.2716369628906	121.14900970458984	15.81250286102295	17.7890682220459
302.92547607421875	121.88246154785156	16.063879013061523	18.071866989135742
301.90643310546875	122.89815521240234	16.194814682006836	18.21916961669922
301.8731994628906	123.47544860839844	16.177471160888672	18.199657440185547
300.21826171875	122.14616394042969	16.140535354614258	18.158103942871094
298.94537353515625	122.0201416015625	16.59423065185547	18.66851234436035
298.8350524902344	122.2965087890625	16.637454986572266	18.71714210510254
298.90081787109375	121.3345947265625	16.49410629272461	18.55587387084961
299.46221923828125	120.5000228881836	16.577102661132812	18.64924430847168
298.971435546875	122.0379409790039	16.644838333129883	18.725446701049805
299.8837890625	124.312255859375	16.794689178466797	18.89402961730957
300.6415100097656	125.258056640625	16.886682510375977	18.997522354125977
301.33551025390625	124.57075500488281	16.945894241333008	19.064136505126953
302.28680419921875	123.6632080078125	17.272254943847656	19.431293487548828
304.2313537597656	122.83934020996094	17.006349563598633	19.132150650024414
305.78131103515625	122.84637451171875	17.144176483154297	19.28720474243164
308.85052490234375	121.52079772949219	17.084003448486328	19.21950912475586
305.0	124.0	27.0	15.0
304.56072998046875	122.93841552734375	27.546960830688477	15.303868293762207
304.81640625	122.4129638671875	27.485858917236328	15.269922256469727
305.75347900390625	121.99913024902344	27.84702491760254	15.47057056427002
307.7593688964844	120.93278503417969	27.384540557861328	15.213635444641113
309.0	120.0	27.0	17.0
311.6039123535156	117.890380859375	27.084426879882812	17.053157806396484
312.0	119.0	25.0	16.0
312.0	118.0	26.0	16.0
312.85546875	116.71232604980469	26.23613929748535	16.145315170288086
312.56134033203125	117.2282485961914	26.503192901611328	16.309656143188477
311.34466552734375	116.25958251953125	26.262548446655273	16.16156578063965
310.98931884765625	115.99269104003906	26.597671508789062	16.367795944213867
309.8270263671875	116.4930419921875	26.73575210571289	16.452768325805664
310.949462890625	116.9105224609375	26.502222061157227	16.309057235717773
309.8805236816406	116.99642181396484	26.783100128173828	16.481904983520508
309.4635314941406	116.9455337524414	26.527408599853516	16.324556350708008
309.7479248046875	117.35213470458984	26.830158233642578	16.510862350463867
307.43353271484375	118.10970306396484	27.168743133544922	16.719221115112305
307.22991943359375	119.72257995605469	26.967777252197266	16.595550537109375
306.053955078125	121.3719482421875	27.079910278320312	16.6645565032959
309.0	126.0	23.0	15.0
308.72235107421875	127.74237060546875	23.2429256439209	15.158430099487305
307.41802978515625	129.35220336914062	23.42630958557129	15.278027534484863
306.7930603027344	128.5189208984375	23.383930206298828	15.250389099121094
305.4317626953125	126.1575698852539	23.42882537841797	15.279668807983398
307.0	126.0	22.0	15.0
305.54620361328125	126.33851623535156	22.178180694580078	15.121485710144043
302.81024169921875	126.1859359741211	22.553083419799805	15.377102851867676
299.7677307128906	123.86219787597656	22.978382110595703	15.667078018188477
299.76495361328125	120.9862060546875	23.277185440063477	15.870808601379395
297.71820068359375	117.0212631225586	23.577072143554688	16.075275421142578
297.01751708984375	113.99449157714844	23.349445343017578	15.920076370239258
296.60589599609375	112.83929443359375	22.937076568603516	15.638914108276367
295.72845458984375	111.1945571899414	23.103397369384766	15.752313613891602
293.46014404296875	110.428955078125	23.157176971435547	15.788981437683105
293.0	112.0	17.0	15.0
290.93902587890625	111.6090316772461	16.848735809326172	14.866531372070312
287.63885498046875	112.9941635131836	16.885927200317383	14.899347305297852
283.48724365234375	113.69169616699219	16.761804580688477	14.789827346801758
280.6137390136719	113.75091552734375	17.065404891967773	15.057711601257324
278.015869140625	113.16070556640625	17.048593521118164	15.042877197265625
276.5564270019531	112.56964111328125	17.17342185974121	15.153020858764648
276.0	108.0	18.0	20.0
274.4494934082031	107.40068054199219	18.415695190429688	20.461881637573242
272.4867858886719	107.4022216796875	18.303730010986328	20.337474822998047
269.95941162109375	109.70538330078125	18.678068161010742	20.753406524658203
266.11505126953125	108.439453125	18.892642974853516	20.991825103759766
261.2489318847656	105.25926208496094	18.784847259521484	20.872051239013672
258.1025390625	106.61775970458984	18.76592445373535	20.851024627685547
257.2493591308594	109.03800201416016	18.97209358215332	21.08010482788086
258.55975341796875	114.62794494628906	19.15448570251465	21.282764434814453
256.0	118.0	17.0	24.0
255.1328887939453	117.82221984863281	17.388334274291992	24.548236846923828
254.779296875	117.74864196777344	17.402109146118164	24.567684173583984
255.126220703125	118.0767822265625	17.190826416015625	24.2694034576416
254.99649047851562	116.6075439453125	17.155834197998047	24.22000503540039
255.50778198242188	118.53692626953125	17.228803634643555	24.323020935058594
254.83859252929688	117.34974670410156	17.39664077758789	24.55996322631836
254.33837890625	116.41552734375	17.50012969970703	24.706066131591797
255.2451629638672	117.23838806152344	17.9977970123291	25.40865707397461
254.58566284179688	117.3933334350586	17.74176597595215	25.04720115661621
254.7061004638672	118.18977355957031	17.439708709716797	24.620765686035156
254.98153686523438	117.68009185791016	17.5092716217041	24.718971252441406
254.54385375976562	116.00492858886719	17.41682243347168	24.588455200195312
255.2234344482422	117.38539123535156	17.314163208007812	24.443523406982422
255.163330078125	118.4056167602539	17.444141387939453	24.627025604248047
254.99636840820312	118.20113372802734	17.555553436279297	24.784313201904297
254.79165649414062	117.53077697753906	17.487226486206055	24.687850952148438
255.2395782470703	117.87522888183594	17.315326690673828	24.445171356201172
255.4561767578125	117.5487289428711	17.591564178466797	24.83515167236328
254.53976440429688	117.67793273925781	17.28243637084961	24.39873695373535
254.7803192138672	117.7166976928711	17.463119506835938	24.653820037841797
254.86892700195312	117.79835510253906	17.355648040771484	24.50209617614746
254.8836669921875	118.1417465209961	17.055095672607422	24.077787399291992
255.61636352539062	118.12831115722656	16.91314125061035	23.877378463745117
255.5401611328125	117.65946960449219	17.319339752197266	24.45083236694336
255.44070434570312	117.1246109008789	17.04367446899414	24.061656951904297
255.13021850585938	117.4803695678711	17.099502563476562	24.14047622680664
254.8955078125	117.23039245605469	17.325143814086914	24.459026336669922
254.50051879882812	117.3710708618164	17.73626136779785	25.039426803588867
254.9158477783203	116.24845886230469	17.791080474853516	25.116817474365234
254.912841796875	117.18699645996094	17.691844940185547	24.97671890258789
254.70584106445312	117.29603576660156	17.72319793701172	25.020978927612305
254.78683471679688	117.63592529296875	17.66658592224121	24.941057205200195
255.1328125	116.50248718261719	17.588497161865234	24.830814361572266
254.47354125976562	116.67232513427734	17.394838333129883	24.55741310119629
255.0121612548828	118.0165786743164	17.21120262145996	24.29816246032715
254.7696075439453	116.61305236816406	17.03173828125	24.044801712036133
255.38424682617188	118.16007995605469	17.083892822265625	24.118432998657227
255.81277465820312	117.08723449707031	16.825782775878906	23.754043579101562
255.03671264648438	117.30006408691406	16.985538482666016	23.97957992553711
255.0680694580078	116.69758605957031	17.10007095336914	24.141271591186523
254.7953338623047	117.38604736328125	17.19013023376465	24.268413543701172
254.71670532226562	116.83183288574219	17.544628143310547	24.768878936767578
254.9273223876953	116.5877456665039	17.82682991027832	25.167282104492188
254.9239959716797	117.16954040527344	18.079036712646484	25.523340225219727
254.69921875	116.41328430175781	18.108497619628906	25.564929962158203
254.68112182617188	117.09687805175781	18.43405532836914	26.0245361328125
254.9251251220703	116.87092590332031	18.42428970336914	26.010751724243164
253.9665985107422	116.84895324707031	18.80738639831543	26.55159568786621
254.0863037109375	115.88771057128906	18.75021743774414	26.47088623046875
254.9062957763672	116.39306640625	18.21990966796875	25.722213745117188
254.4602813720703	115.63676452636719	18.29117202758789	25.82282066345215
254.81906127929688	116.77705383300781	18.194915771484375	25.686931610107422
253.83544921875	117.09061431884766	17.892139434814453	25.25948143005371
253.97628784179688	118.67610931396484	18.077543258666992	25.521230697631836
255.0789031982422	120.89747619628906	17.92808723449707	25.310232162475586
255.59103393554688	122.18387603759766	18.100473403930664	25.553600311279297
255.7652130126953	123.26884460449219	18.137483596801758	25.605854034423828
256.25103759765625	123.7722396850586	18.014095306396484	25.431657791137695
256.07330322265625	123.21549987792969	17.9808406829834	25.384708404541016
256.1204528808594	123.385986328125	17.655498504638672	24.925405502319336
256.83892822265625	123.62431335449219	17.62608528137207	24.883880615234375
255.9820098876953	124.1886978149414	17.509777069091797	24.719680786132812
256.37628173828125	124.28312683105469	17.853412628173828	25.204814910888672
255.5233917236328	123.24015808105469	17.814416885375977	25.149761199951172
255.9636993408203	123.56199645996094	17.60087013244629	24.848281860351562
256.39910888671875	123.77874755859375	17.353206634521484	24.498640060424805
256.9252624511719	123.60334777832031	17.486225128173828	24.686431884765625
255.9830322265625	123.83492279052734	17.541114807128906	24.7639217376709
256.291748046875	124.04959869384766	17.232629776000977	24.328411102294922
255.73757934570312	123.0267333984375	17.19209861755371	24.271190643310547
257.0	127.0	18.0	21.0
255.3302764892578	125.285400390625	17.77621841430664	20.738920211791992
256.094970703125	125.15999603271484	17.934734344482422	20.92385482788086
256.4595642089844	125.25959777832031	17.938617706298828	20.92838478088379
256.0606689453125	125.33149719238281	18.100011825561523	21.116680145263672
256.12762451171875	125.34211730957031	17.88660430908203	20.867704391479492
256.7444763183594	125.7948989868164	17.82535743713379	20.796249389648438
257.2135925292969	125.12876892089844	18.03647804260254	21.04255485534668
256.74127197265625	125.32088470458984	17.989299774169922	20.987512588500977
256.3147277832031	125.33821105957031	18.046113967895508	21.053794860839844
256.9067687988281	125.6974868774414	17.552425384521484	20.477827072143555
257.1697082519531	125.83148193359375	17.66521453857422	20.60941505432129
257.12738037109375	125.3392333984375	17.670337677001953	20.615392684936523
257.27423095703125	125.29298400878906	17.73785972595215	20.694168090820312
256.55224609375	124.38960266113281	17.732486724853516	20.68790054321289
256.7537536621094	124.118408203125	18.088193893432617	21.102893829345703
256.78216552734375	124.30903625488281	18.362628936767578	21.423065185546875
257.02325439453125	124.58219909667969	18.410852432250977	21.479326248168945
258.0	125.0	16.0	23.0
257.498779296875	124.06617736816406	16.234928131103516	23.33770751953125
257.295166015625	123.9842758178711	16.48122215270996	23.691753387451172
257.2142639160156	123.53328704833984	16.59935760498047	23.861574172973633
257.64739990234375	123.73704528808594	16.739343643188477	24.062801361083984
257.6695556640625	123.78680419921875	16.81639862060547	24.173568725585938
257.2971496582031	123.5015869140625	16.79323959350586	24.140277862548828
257.3868408203125	123.2938461303711	16.76632308959961	24.10158348083496
257.090087890625	122.96769714355469	16.899118423461914	24.292476654052734
259.460205078125	127.95985412597656	17.144338607788086	24.64497947692871
265.21990966796875	133.66207885742188	17.493038177490234	25.1462345123291
267.62005615234375	137.66357421875	17.31941032409668	24.896648406982422
275.21185302734375	136.53744506835938	16.999164581298828	24.436298370361328
278.12750244140625	138.9473876953125	17.195209503173828	24.71811294555664
276.0	151.0	26.0	17.0
278.4974670410156	150.89895629882812	25.655813217163086	16.77495574951172
281.0	152.0	25.0	18.0
278.96435546875	150.67312622070312	25.104633331298828	18.075336456298828
280.02178955078125	150.71168518066406	24.599651336669922	17.711750030517578
279.55413818359375	150.74557495117188	24.687368392944336	17.774906158447266
279.79071044921875	151.3466033935547	24.60068130493164	17.712493896484375
282.0	152.0	23.0	18.0
280.15130615234375	149.783447265625	22.734418869018555	17.79215431213379
279.5553283691406	150.6361541748047	22.592817306518555	17.68133544921875
283.0	154.0	22.0	16.0
283.4136657714844	152.7431640625	21.921478271484375	15.942892074584961
280.916015625	152.2205047607422	22.136754989624023	16.099458694458008
281.560791015625	151.19554138183594	22.354463577270508	16.257793426513672
281.04730224609375	151.69723510742188	22.274940490722656	16.199960708618164
280.2586669921875	151.45248413085938	22.52298355102539	16.380355834960938
280.80999755859375	152.0301513671875	22.480981826782227	16.349807739257812
285.0121765136719	154.3156280517578	22.484333038330078	16.352245330810547
290.0	156.0	23.0	17.0
296.17047119140625	158.2678985595703	22.86015510559082	16.896635055541992
304.0	157.0	22.0	21.0
310.0	157.0	18.0	22.0
312.0	158.0	19.0	22.0
313.0	159.0	18.0	20.0
313.0	157.0	18.0	23.0
313.0	157.0	18.0	23.0
313.0	157.0	19.0	22.0
313.0	157.0	18.0	23.0
314.0	157.0	17.0	23.0
313.0	157.0	18.0	22.0
314.0	157.0	18.0	22.0
314.0	156.0	17.0	23.0
313.0	156.0	18.0	23.0
314.0	156.0	18.0	23.0
314.0	156.0	18.0	23.0
314.0	156.0	17.0	23.0
314.0	155.0	18.0	24.0
313.0	156.0	18.0	24.0
314.0	156.0	18.0	24.0
314.0	156.0	18.0	23.0
314.0	156.0	17.0	23.0
314.0	157.0	17.0	22.0
313.0	156.0	18.0	23.0
312.0	157.0	19.0	22.0
310.0	158.0	19.0	21.0
309.0	157.0	20.0	22.0
310.0	157.0	19.0	22.0
310.0	157.0	19.0	22.0
310.0	157.0	19.0	22.0
309.0	157.0	20.0	23.0
310.0	159.0	18.0	20.0
309.0	157.0	20.0	23.0
309.0	157.0	20.0	22.0
309.0	157.0	20.0	22.0
310.0	157.0	19.0	23.0
309.0	156.0	20.0	24.0
309.0	158.0	20.0	22.0
309.0	157.0	20.0	23.0
309.0	157.0	20.0	23.0
310.0	158.0	19.0	21.0
310.0	158.0	19.0	21.0
310.0	157.0	19.0	22.0
310.0	158.0	19.0	22.0
309.0	157.0	20.0	23.0
309.0	157.0	20.0	23.0
309.0	156.0	20.0	24.0
310.0	157.0	19.0	22.0
310.0	158.0	19.0	22.0
310.0	158.0	18.0	22.0
310.0	158.0	19.0	22.0
308.0	160.0	21.0	22.0
306.0	162.0	20.0	20.0
305.0	163.0	21.0	18.0
302.45245361328125	160.9039764404297	21.021818161010742	18.01870346069336
306.0	163.0	21.0	18.0
305.0	163.0	21.0	18.0
304.01495361328125	162.2237091064453	21.385990142822266	18.330848693847656
306.0	163.0	21.0	18.0
304.3427734375	162.38424682617188	20.942462921142578	17.950681686401367
304.1033935546875	162.17825317382812	21.216297149658203	18.185394287109375
306.0	161.0	23.0	21.0
303.61676025390625	160.67562866210938	23.40781021118164	21.37234878540039
306.0	162.0	23.0	20.0
305.0	162.0	22.0	19.0
305.0	162.0	22.0	19.0
305.0	162.0	22.0	19.0
304.45147705078125	161.85403442382812	22.031686782836914	19.02736473083496
305.0	163.0	22.0	18.0
305.0	162.0	23.0	19.0
304.0	162.0	23.0	19.0
306.0	162.0	21.0	19.0
304.0	161.0	23.0	20.0
303.9101257324219	160.86122131347656	23.328983306884766	20.28607177734375
306.0	162.0	21.0	19.0
304.0	161.0	23.0	20.0
305.0	162.0	22.0	19.0
304.0	161.0	23.0	20.0
305.0	162.0	22.0	19.0
305.0	162.0	22.0	19.0
304.0	161.0	23.0	20.0
304.32452392578125	161.94862365722656	22.692758560180664	19.732831954956055
304.3564758300781	161.6898956298828	22.729366302490234	19.764667510986328
303.5578308105469	161.25607299804688	22.954479217529297	19.96041488647461
304.0	161.0	23.0	20.0
305.0	162.0	22.0	19.0
304.4539489746094	161.9956512451172	22.55252456665039	19.4771785736084
303.82647705078125	161.52650451660156	22.757808685302734	19.654468536376953
305.0	162.0	22.0	19.0
304.53955078125	162.19444274902344	22.073963165283203	19.06387710571289
305.0	162.0	22.0	19.0
305.0	162.0	22.0	19.0
305.28240966796875	163.51133728027344	22.015789031982422	19.01363754272461
306.22808837890625	161.28140258789062	22.192461013793945	19.166217803955078
310.0	157.0	25.0	18.0
313.0	154.0	24.0	16.0
317.74114990234375	157.5134735107422	23.805377960205078	15.870251655578613
319.34515380859375	152.13668823242188	24.265270233154297	16.17684555053711
324.13726806640625	141.27685546875	24.335086822509766	16.223392486572266
333.0	131.0	20.0	20.0
327.0	120.0	22.0	15.0
333.18585205078125	113.7319107055664	22.382753372192383	15.260968208312988
329.45831298828125	107.95257568359375	23.03790283203125	15.707662582397461
331.0	108.0	22.0	15.0
329.0	108.0	23.0	14.0
343.0	91.0	23.0	23.0
330.0	106.0	21.0	16.0
330.0	107.0	22.0	15.0
330.0	106.0	23.0	16.0
330.0	106.0	24.0	16.0
330.0	106.0	23.0	16.0
330.0	106.0	23.0	16.0
330.0	107.0	23.0	17.0
330.0	108.0	24.0	15.0
330.0	106.0	23.0	15.0
330.0	107.0	23.0	15.0
330.0	107.0	23.0	15.0
329.0	107.0	23.0	15.0
328.0	108.0	22.0	13.0
328.0	108.0	22.0	14.0
328.0	107.0	23.0	14.0
328.0	107.0	23.0	14.0
328.0	108.0	22.0	14.0
328.0	107.0	22.0	14.0
328.0	106.0	22.0	15.0
328.0	107.0	22.0	15.0
328.0	107.0	22.0	15.0
328.0	107.0	22.0	14.0
328.0	107.0	23.0	14.0
328.72222900390625	107.32603454589844	22.655519485473633	13.790316581726074
328.0	107.0	22.0	15.0
344.0	92.0	22.0	19.0
328.0	107.0	22.0	15.0
328.0	107.0	23.0	15.0
328.0	107.0	23.0	14.0
328.0	107.0	23.0	14.0
329.0	107.0	21.0	14.0
328.0	107.0	23.0	14.0
328.0	107.0	22.0	15.0
329.0	107.0	21.0	14.0
328.0	107.0	22.0	14.0
328.0	107.0	21.0	15.0
328.0	107.0	22.0	14.0
329.0	106.0	21.0	15.0
328.0	107.0	22.0	15.0
328.0	107.0	22.0	14.0
328.0	107.0	22.0	15.0
328.0	108.0	22.0	14.0
329.0	107.0	19.0	14.0
333.81768798828125	110.29991149902344	18.97720718383789	13.98320484161377
327.48602294921875	116.0362777709961	18.851985931396484	13.890935897827148
328.0	115.0	20.0	14.0
328.4955139160156	117.22877502441406	20.083599090576172	14.05851936340332
331.0	119.0	23.0	17.0
332.0	120.0	21.0	19.0
330.0	119.0	23.0	19.0
330.0	119.0	25.0	17.0
331.0	119.0	24.0	17.0
330.0	118.0	25.0	17.0
330.0	118.0	25.0	18.0
331.0	119.0	24.0	17.0
331.0	119.0	24.0	17.0
331.0	119.0	24.0	17.0
331.0	119.0	24.0	17.0
331.0	118.0	24.0	18.0
330.0	118.0	25.0	18.0
331.0	119.0	24.0	17.0
331.0	118.0	24.0	18.0
331.0	118.0	24.0	18.0
331.0	118.0	24.0	17.0
331.0	118.0	25.0	16.0
332.0	117.0	25.0	16.0
331.0	117.0	26.0	16.0
332.0	117.0	26.0	16.0
333.0	114.0	24.0	16.0
336.0	110.0	24.0	18.0
336.0	109.0	24.0	18.0
336.0	109.0	24.0	18.0
336.0	110.0	23.0	17.0
336.0	110.0	23.0	17.0
336.0	110.0	24.0	18.0
336.0	109.0	24.0	19.0
336.0	110.0	24.0	17.0
336.0	110.0	24.0	19.0
336.0	109.0	24.0	18.0
336.0	110.0	24.0	18.0
336.0	110.0	24.0	18.0
336.0	110.0	24.0	18.0
336.0	110.0	24.0	18.0
336.0	110.0	24.0	17.0
336.0	110.0	24.0	18.0
