138.0	99.0	60.0	140.0
134.0	99.0	62.0	141.0
134.0	98.0	63.0	143.0
135.0	98.0	58.0	144.0
135.0	97.0	56.0	144.0
134.0	96.0	63.0	148.0
132.0	96.0	63.0	149.0
133.0	96.0	61.0	151.0
134.0	99.0	53.0	144.0
135.0	100.0	52.0	143.0
135.0	101.0	51.0	140.0
138.0	99.0	48.0	145.0
122.0	103.0	63.0	141.0
106.0	97.0	73.0	148.0
117.0	99.0	66.0	146.0
115.0	101.0	65.0	147.0
131.0	100.0	55.0	147.0
132.0	97.0	60.0	147.0
141.0	100.0	49.0	144.0
138.0	98.0	54.0	137.0
135.0	90.0	56.0	147.0
137.0	94.0	52.0	142.0
138.0	99.0	53.0	133.0
139.0	99.0	53.0	131.0
144.0	98.0	49.0	135.0
144.0	98.0	53.0	128.0
140.0	98.0	56.0	131.0
145.46957397460938	96.62903594970703	57.06218719482422	133.48475646972656
142.0	98.0	58.0	138.0
141.0	93.0	61.0	143.0
150.0	98.0	53.0	137.0
151.0	96.0	58.0	138.0
151.5760955810547	95.0537338256836	57.59507369995117	137.03656005859375
158.0	94.0	61.0	131.0
156.0	97.0	58.0	136.0
157.69766235351562	94.02265930175781	58.153221130371094	136.35926818847656
164.73956298828125	89.80787658691406	58.732513427734375	137.71762084960938
167.66287231445312	93.54096221923828	57.63209915161133	135.13734436035156
169.27877807617188	95.33098602294922	57.522254943847656	134.87977600097656
172.5789337158203	90.91130065917969	57.8683967590332	135.69142150878906
175.34759521484375	84.45931243896484	58.294532775878906	136.69064331054688
181.76315307617188	89.35189056396484	58.020286560058594	136.04757690429688
183.38232421875	88.07052612304688	58.08821487426758	136.2068634033203
187.64834594726562	87.27286529541016	59.39536666870117	139.27191162109375
191.1412353515625	87.25706481933594	60.02872848510742	140.7570343017578
190.2169189453125	87.50797271728516	59.51959228515625	139.56320190429688
193.17440795898438	89.7978286743164	59.34807205200195	139.1610107421875
200.96255493164062	89.4560317993164	59.7569465637207	140.11976623535156
205.17764282226562	88.77156829833984	59.17560577392578	138.75662231445312
209.53170776367188	82.73338317871094	58.61973190307617	137.4532012939453
214.0125274658203	83.97615814208984	58.86774444580078	138.03472900390625
231.0	85.0	54.0	126.0
236.0	87.0	53.0	124.0
243.0	85.0	49.0	121.0
246.0	82.0	48.0	123.0
251.0	78.0	48.0	127.0
252.0	79.0	41.0	123.0
255.3406982421875	81.37214660644531	41.181922912597656	123.54576110839844
258.90753173828125	75.1964340209961	41.02335739135742	123.070068359375
266.70269775390625	71.90843200683594	41.248165130615234	123.74449157714844
264.71917724609375	72.35896301269531	41.2779541015625	123.83384704589844
270.0	72.0	51.0	132.0
271.0	77.0	49.0	122.0
273.0	78.0	49.0	123.0
274.0	70.0	51.0	132.0
276.88262939453125	69.96333312988281	50.28742599487305	130.15570068359375
275.21490478515625	64.03018951416016	50.59963607788086	130.96377563476562
277.686279296875	64.68216705322266	51.0837287902832	132.2167205810547
281.5033264160156	66.69471740722656	50.45933151245117	130.6006317138672
283.3221130371094	61.289215087890625	50.43798828125	130.54537963867188
282.75018310546875	52.1684455871582	50.445518493652344	130.56488037109375
284.71282958984375	62.223106384277344	50.2396240234375	130.031982421875
285.14117431640625	60.754051208496094	50.11772918701172	129.71646118164062
291.0	62.0	45.0	120.0
288.7048645019531	68.54640197753906	45.324745178222656	120.8659896850586
289.3576965332031	62.28960037231445	45.81269454956055	122.16719055175781
296.0	70.0	38.0	111.0
295.0	70.0	40.0	112.0
292.0	69.0	45.0	116.0
291.0	69.0	47.0	113.0
292.0	70.0	47.0	114.0
292.0	68.0	47.0	112.0
296.221923828125	71.0570068359375	46.82946014404297	111.59361267089844
300.82562255859375	76.73806762695312	46.197166442871094	110.08687591552734
301.97613525390625	71.79887390136719	45.83810043334961	109.23123931884766
309.3040771484375	72.22541046142578	45.02744674682617	107.29947662353516
313.8287658691406	76.2463150024414	44.99136734008789	107.21348571777344
315.25457763671875	72.66544342041016	44.74858474731445	106.63494873046875
317.84649658203125	71.04378509521484	46.17600631713867	110.03646087646484
323.8205261230469	69.39497375488281	46.57526779174805	110.9878921508789
370.0	106.0	54.0	147.0
369.0	113.0	54.0	132.0
359.0	105.0	57.0	143.0
336.65472412109375	74.9303207397461	56.55088424682617	141.87326049804688
339.7174072265625	65.80027770996094	56.67683029174805	142.18923950195312
344.6107177734375	67.0937728881836	56.098915100097656	140.73939514160156
349.44146728515625	63.4215202331543	56.53144454956055	141.82449340820312
351.718505859375	65.18696594238281	56.649017333984375	142.1194610595703
353.1546325683594	60.129478454589844	56.895179748535156	142.73703002929688
353.9742126464844	64.73043060302734	56.112327575683594	140.77304077148438
357.0947265625	66.17076110839844	56.45277786254883	141.6271514892578
355.610595703125	70.96202850341797	56.25873565673828	141.1403350830078
364.2456359863281	77.96380615234375	55.84175491333008	140.09423828125
365.79736328125	77.27468872070312	55.41755294799805	139.02999877929688
368.88470458984375	81.86424255371094	55.49384689331055	139.22140502929688
366.3177490234375	102.2318115234375	55.08644485473633	138.19931030273438
369.53143310546875	89.18145751953125	56.54645919799805	141.86215209960938
361.07391357421875	95.10424041748047	56.985633850097656	142.96395874023438
362.63018798828125	91.90658569335938	57.23454666137695	143.5884246826172
367.2491149902344	94.92858123779297	56.811492919921875	142.52708435058594
370.5811462402344	96.825927734375	56.751609802246094	142.37686157226562
367.6440124511719	101.44059753417969	56.93212890625	142.8297576904297
361.68316650390625	103.86097717285156	57.063209533691406	143.15859985351562
362.4947814941406	103.5758285522461	56.93347930908203	142.83314514160156
361.88433837890625	101.6221694946289	57.4853630065918	144.2176971435547
367.4686279296875	101.88458251953125	57.36977005004883	143.92770385742188
361.28338623046875	109.859619140625	57.88985061645508	145.23245239257812
364.24114990234375	98.51509857177734	58.80613327026367	147.5312042236328
366.0533447265625	106.28669738769531	58.95549392700195	147.90591430664062
366.94952392578125	104.22407531738281	59.50762176513672	149.2910919189453
366.45025634765625	104.46697998046875	59.7468376159668	149.8912353515625
370.4093933105469	102.82267761230469	60.53112030029297	151.8588409423828
371.110595703125	103.65940856933594	61.3083610534668	153.8087615966797
371.01214599609375	102.2613296508789	61.69706344604492	154.783935546875
376.4241027832031	108.93168640136719	60.8541259765625	152.669189453125
377.0693054199219	102.50825500488281	61.62510299682617	154.60340881347656
378.70794677734375	107.82193756103516	60.911781311035156	152.8138427734375
384.184814453125	109.99166107177734	60.594749450683594	152.0184783935547
380.70123291015625	103.29212951660156	61.086387634277344	153.2518768310547
380.53973388671875	108.23350524902344	60.306434631347656	151.29513549804688
381.25262451171875	103.47947692871094	61.4329948425293	154.1214141845703
382.2210998535156	105.75395202636719	61.873008728027344	155.22531127929688
381.19549560546875	107.54228210449219	60.78296661376953	152.49066162109375
385.1907043457031	111.3089828491211	60.60872268676758	152.0535125732422
379.8419189453125	114.04527282714844	59.6309814453125	149.60057067871094
382.65576171875	113.93714904785156	59.80792236328125	150.0444793701172
379.26947021484375	116.29109191894531	59.14434814453125	148.3797149658203
377.09185791015625	113.15486145019531	58.71873092651367	147.31192016601562
374.88507080078125	114.59556579589844	58.587913513183594	146.98373413085938
375.63470458984375	118.5044174194336	57.0595588684082	143.14944458007812
374.9344482421875	118.10860443115234	56.39884567260742	141.49185180664062
372.212890625	121.22624206542969	55.92523193359375	140.3036651611328
371.582763671875	120.84001159667969	55.711669921875	139.7678985595703
370.1141662597656	122.46974182128906	54.99604415893555	137.97256469726562
366.94573974609375	125.35957336425781	54.77556228637695	137.41941833496094
364.9564514160156	123.0498046875	55.476470947265625	139.17784118652344
370.13507080078125	122.394775390625	56.82429885864258	142.55923461914062
364.9444885253906	119.0238265991211	57.10303497314453	143.25851440429688
363.9801940917969	121.31892395019531	57.057212829589844	143.1435546875
366.47607421875	122.03194427490234	56.00151824951172	140.4950714111328
365.76214599609375	124.34983825683594	56.040771484375	140.5935516357422
367.66729736328125	122.75537109375	56.181182861328125	140.94583129882812
365.73773193359375	125.05662536621094	56.34122848510742	141.34735107421875
365.293701171875	124.91015625	56.05536651611328	140.6302032470703
359.351318359375	125.911865234375	55.951171875	140.36878967285156
364.65313720703125	123.46513366699219	54.69182205200195	137.20936584472656
355.49127197265625	120.1644058227539	57.255409240722656	143.64080810546875
355.20684814453125	119.72342681884766	57.75168991088867	144.88587951660156
354.0694885253906	122.2499771118164	57.376739501953125	143.94522094726562
355.9856872558594	121.56843566894531	57.124755859375	143.31304931640625
351.427734375	117.34791564941406	57.74285888671875	144.86373901367188
351.75750732421875	118.53560638427734	58.17010498046875	145.93560791015625
352.5782470703125	119.16252136230469	58.28718185424805	146.22933959960938
349.95599365234375	120.11402893066406	57.813934326171875	145.04205322265625
351.0260314941406	119.7531967163086	57.857093811035156	145.1503448486328
354.08502197265625	118.1753921508789	58.72511672973633	147.32803344726562
347.8432312011719	116.34745025634766	59.347267150878906	148.88885498046875
350.4713439941406	115.25115966796875	60.62633514404297	152.09774780273438
350.73870849609375	113.3201675415039	60.557151794433594	151.9241943359375
348.56591796875	115.43817138671875	59.37324905395508	148.95407104492188
345.9010314941406	115.14996337890625	60.2463493347168	151.1444854736328
340.16015625	114.7126693725586	60.3544807434082	151.415771484375
339.06024169921875	116.9186782836914	60.33201217651367	151.35940551757812
338.25030517578125	112.84272766113281	59.7026481628418	149.7804718017578
335.05889892578125	114.52830505371094	59.49652862548828	149.2633514404297
329.03607177734375	110.61798095703125	59.677528381347656	149.71743774414062
332.700439453125	114.298828125	59.18829345703125	148.4900665283203
327.8234558105469	113.77095794677734	59.132347106933594	148.34970092773438
322.00994873046875	114.97807312011719	59.8940315246582	150.26058959960938
126.0	105.0	47.0	122.0
129.744140625	137.45523071289062	47.21631622314453	122.5615005493164
131.33963012695312	144.3132781982422	46.600730895996094	120.9636001586914
131.61282348632812	142.3889617919922	46.96871566772461	121.91878509521484
134.6190185546875	138.69851684570312	47.24196243286133	122.62806701660156
134.40582275390625	132.6842498779297	47.316410064697266	122.82132720947266
134.188232421875	126.3427963256836	47.95546340942383	124.48014068603516
133.32894897460938	128.13015747070312	48.38508224487305	125.5953140258789
137.8538055419922	124.48451232910156	48.20704650878906	125.1331787109375
153.0	130.0	61.0	142.0
141.71768188476562	118.7008056640625	60.77165603637695	141.4684295654297
136.7354736328125	113.73677825927734	60.89888381958008	141.7646026611328
135.81488037109375	123.73289489746094	60.6668701171875	141.22450256347656
134.58523559570312	120.06065368652344	61.41376876831055	142.9631805419922
138.2960662841797	125.07258605957031	59.968589782714844	139.5989990234375
143.81027221679688	133.13768005371094	59.33498001098633	138.1240234375
143.71621704101562	130.5782928466797	58.73649978637695	136.7308349609375
142.00840759277344	130.3358612060547	58.180259704589844	135.4359893798828
140.7407684326172	126.59930419921875	58.27332305908203	135.65261840820312
145.70559692382812	126.84944915771484	58.18109893798828	135.43792724609375
142.8357696533203	121.23738098144531	58.18901443481445	135.45632934570312
145.0122528076172	122.31964111328125	57.75165557861328	134.43820190429688
165.0	140.0	53.0	132.0
153.45372009277344	131.92123413085938	52.682769775390625	131.2099151611328
148.86483764648438	125.63253021240234	52.099517822265625	129.7572784423828
170.0	150.0	51.0	122.0
155.92385864257812	132.7712860107422	51.04947280883789	122.11834716796875
162.34677124023438	133.5167999267578	50.244544982910156	120.19282531738281
159.5811004638672	134.20481872558594	50.75087356567383	121.40403747558594
159.95120239257812	132.5208282470703	50.98197555541992	121.95687103271484
150.776123046875	132.21133422851562	52.37462615966797	125.28831481933594
161.1596221923828	137.94300842285156	51.9365119934082	124.24027252197266
166.0382843017578	136.89544677734375	52.138771057128906	124.7240982055664
162.43386840820312	127.3167953491211	52.79218673706055	126.28715515136719
168.0310516357422	137.6588897705078	52.954925537109375	126.67645263671875
167.87142944335938	137.93923950195312	53.146568298339844	127.13490295410156
161.00125122070312	135.34487915039062	52.7331657409668	126.14598083496094
167.86778259277344	140.76760864257812	52.19691848754883	124.86319732666016
165.8707275390625	135.8104705810547	52.46147918701172	125.49605560302734
160.70840454101562	125.4452896118164	52.827857971191406	126.37248229980469
162.662841796875	129.3564453125	52.7019157409668	126.07121276855469
160.8332061767578	122.63108825683594	52.959449768066406	126.6872787475586
157.98655700683594	127.20096588134766	53.12699508666992	127.08807373046875
164.40306091308594	125.26325988769531	53.89039993286133	128.9142608642578
156.89407348632812	129.31979370117188	54.088539123535156	129.38824462890625
158.02392578125	126.38139343261719	54.17829513549805	129.60296630859375
156.95443725585938	123.09480285644531	53.760643005371094	128.60389709472656
155.08059692382812	119.75770568847656	52.72999954223633	126.13844299316406
155.0279541015625	120.99405670166016	53.46820831298828	127.90435791015625
154.4462890625	118.4647445678711	53.586463928222656	128.18722534179688
154.34164428710938	113.63056945800781	54.01274490356445	129.20697021484375
147.4125518798828	110.1182861328125	53.094818115234375	127.01114654541016
146.9892578125	111.7182388305664	52.158103942871094	124.77037048339844
145.3774871826172	111.4255599975586	52.6274528503418	125.89312744140625
142.61471557617188	110.16268157958984	52.81415557861328	126.3397445678711
141.9805145263672	115.03010559082031	52.608917236328125	125.8487777709961
141.0428924560547	112.91438293457031	52.2813720703125	125.06523132324219
139.281494140625	112.90342712402344	52.77216720581055	126.23929595947266
136.61398315429688	111.47456359863281	52.484336853027344	125.55076599121094
139.24655151367188	122.86275482177734	51.7286376953125	123.7430191040039
135.5441131591797	114.939208984375	52.06447219848633	124.54638671875
130.8474884033203	113.150634765625	52.39611053466797	125.3397216796875
128.54498291015625	110.85993957519531	51.94364547729492	124.2573471069336
133.0	102.0	56.0	143.0
134.0	104.0	54.0	141.0
135.0	106.0	51.0	135.0
129.0	104.0	57.0	137.0
133.0	106.0	46.0	127.0
141.3390350341797	107.43162536621094	46.024269104003906	127.0670166015625
139.90249633789062	104.423828125	46.01213073730469	127.03350830078125
135.40432739257812	103.29866027832031	46.37177276611328	128.02642822265625
130.2132110595703	110.73612213134766	46.529930114746094	128.4630889892578
130.82528686523438	104.99037170410156	46.39735794067383	128.09707641601562
130.4105224609375	107.01655578613281	45.7911491394043	126.42342376708984
131.41966247558594	105.71537017822266	45.24445724487305	124.9140853881836
128.87142944335938	110.93843078613281	45.24616241455078	124.91878509521484
130.72488403320312	106.66361999511719	45.09148406982422	124.49173736572266
132.0121307373047	107.72183990478516	45.297325134277344	125.06004333496094
131.05226135253906	107.00779724121094	44.8893928527832	123.93379974365234
128.2910614013672	105.1622085571289	45.612205505371094	125.92939758300781
129.51123046875	105.75799560546875	44.356082916259766	122.4614028930664
131.66946411132812	102.2219467163086	44.01971435546875	121.53275299072266
129.22244262695312	99.2340316772461	43.65156936645508	120.516357421875
130.0	97.0	43.0	131.0
130.4458770751953	99.3116455078125	42.63762664794922	129.89602661132812
128.75674438476562	101.47161102294922	42.3812141418457	129.1148681640625
129.7238006591797	101.34977722167969	42.289676666259766	128.83599853515625
125.19499206542969	97.73798370361328	42.0764045715332	128.18624877929688
125.59284973144531	101.85723876953125	42.51056671142578	129.50892639160156
125.37187194824219	100.80732727050781	42.7343635559082	130.1907196044922
112.0	90.0	56.0	129.0
114.6275863647461	100.62278747558594	56.09757614135742	129.2247772216797
115.50675964355469	98.70738983154297	55.971717834472656	128.93484497070312
109.27437591552734	99.40971374511719	56.00865936279297	129.01992797851562
112.53038024902344	94.1324234008789	56.590980529785156	130.36135864257812
110.77945709228516	100.68914794921875	56.29156494140625	129.67164611816406
110.98207092285156	100.02852630615234	57.63287353515625	132.76144409179688
109.0	94.0	58.0	127.0
109.90919494628906	94.60466766357422	58.877410888671875	128.92123413085938
110.32411193847656	94.00394439697266	60.000831604003906	131.38113403320312
111.0	92.0	51.0	130.0
118.0	99.0	51.0	117.0
115.64619445800781	94.79747009277344	50.62274932861328	116.13453674316406
118.0	90.0	53.0	131.0
115.20833587646484	93.12738037109375	52.207183837890625	129.0404052734375
111.1922607421875	92.20933532714844	51.91636276245117	128.32156372070312
113.93208312988281	92.85311126708984	52.2706298828125	129.19720458984375
115.54345703125	92.69746398925781	52.247215270996094	129.1393280029297
114.2225112915039	95.1508560180664	51.87434005737305	128.21768188476562
113.59847259521484	87.60246276855469	52.50800704956055	129.78390502929688
115.46781158447266	94.79364776611328	52.14213943481445	128.87957763671875
115.21533203125	96.8138427734375	52.25749969482422	129.1647186279297
115.33784484863281	92.38031005859375	51.85137176513672	128.16090393066406
117.6924057006836	89.6377944946289	52.5089111328125	129.78616333007812
118.39620208740234	89.42460632324219	52.485198974609375	129.72755432128906
115.04886627197266	90.93502044677734	52.31858444213867	129.31573486328125
118.33853912353516	94.91949462890625	51.667335510253906	127.7060546875
116.05192565917969	97.24528503417969	50.9769287109375	125.99958801269531
123.2962417602539	99.01042175292969	51.150306701660156	126.4281234741211
121.7103500366211	93.7161636352539	51.85285568237305	128.1646270751953
123.04008483886719	96.01751708984375	51.080074310302734	126.2545394897461
