331.0	66.0	62.0	59.0
329.0	59.0	66.0	63.0
329.0	61.0	63.0	61.0
329.0	62.0	62.0	59.0
327.0	61.0	62.0	58.0
326.0	60.0	63.0	58.0
325.0	62.0	61.0	54.0
324.0	62.0	61.0	54.0
322.0	63.0	59.0	52.0
320.0	64.0	59.0	51.0
317.0	66.0	59.0	49.0
315.0	68.0	58.0	47.0
312.0	69.0	57.0	46.0
308.68914794921875	69.50553131103516	56.13395309448242	45.30108642578125
304.87640380859375	70.98907470703125	55.66801834106445	44.92506790161133
302.4788513183594	70.68512725830078	55.61632537841797	44.88335418701172
298.4726257324219	69.0059814453125	55.36848831176758	44.683345794677734
293.3865661621094	66.48612976074219	54.729087829589844	44.16733932495117
288.9206848144531	65.67520904541016	54.69245147705078	44.13776779174805
290.9222412109375	67.49837493896484	55.624061584472656	52.164695739746094
285.9806213378906	66.86615753173828	55.6552619934082	52.1939582824707
285.4139709472656	70.12824249267578	55.132667541503906	51.703857421875
286.70367431640625	74.06669616699219	54.97566604614258	51.556617736816406
286.50579833984375	74.89619445800781	54.857643127441406	51.4459342956543
286.6219177246094	78.040771484375	53.783607482910156	50.438690185546875
284.5857849121094	81.61933898925781	53.828582763671875	50.480873107910156
283.2646179199219	78.26087188720703	55.38279724121094	56.019264221191406
261.0	139.0	78.0	75.0
259.0	140.0	79.0	75.0
260.0	142.0	77.0	74.0
260.0	137.0	78.0	78.0
264.35589599609375	140.58689880371094	78.5338134765625	78.5338134765625
260.0	139.0	78.0	76.0
260.0	139.0	78.0	77.0
261.0	140.0	77.0	76.0
257.0	137.0	80.0	78.0
257.0	135.0	80.0	78.0
255.0	132.0	81.0	79.0
255.0	131.0	80.0	77.0
255.0	130.0	79.0	75.0
256.0	128.0	77.0	73.0
257.0	126.0	76.0	72.0
258.0	123.0	80.0	72.0
262.0	121.0	76.0	70.0
269.5746154785156	121.28382873535156	76.28573608398438	70.26317596435547
280.0088806152344	120.19822692871094	76.30274963378906	70.27883911132812
277.8789367675781	116.4559097290039	76.12115478515625	70.111572265625
280.22967529296875	115.44407653808594	77.47635650634766	71.35977935791016
281.8710021972656	108.8486557006836	77.72438049316406	71.58822631835938
285.4790954589844	104.91117858886719	77.55770111083984	71.43470764160156
281.0	103.0	81.0	69.0
322.0	43.0	88.0	87.0
288.0	93.0	85.0	76.0
291.0	93.0	86.0	76.0
294.0	92.0	86.0	75.0
296.0	89.0	89.0	78.0
301.0	89.0	87.0	77.0
306.0	87.0	85.0	77.0
311.0	84.0	86.0	78.0
316.0	86.0	87.0	75.0
319.0	81.0	90.0	80.0
327.0	82.0	87.0	79.0
331.0	75.0	92.0	83.0
334.0	74.0	99.0	86.0
344.0	83.0	93.0	82.0
349.0	83.0	97.0	85.0
357.0	82.0	94.0	86.0
362.59075927734375	85.25729370117188	94.73831176757812	86.67546081542969
366.0	91.0	93.0	82.0
373.0	91.0	90.0	82.0
373.80792236328125	97.6166763305664	89.69650268554688	81.72348022460938
380.0	97.0	87.0	78.0
383.0	98.0	85.0	78.0
382.0	100.0	86.0	78.0
382.0	101.0	85.0	76.0
382.0	99.0	84.0	78.0
382.0	100.0	83.0	77.0
381.0	101.0	84.0	77.0
380.0	101.0	85.0	77.0
379.0	100.0	85.0	78.0
380.0	100.0	84.0	78.0
382.0	100.0	82.0	76.0
377.0	101.0	87.0	77.0
379.0	100.0	86.0	76.0
380.0	99.0	84.0	77.0
378.0	99.0	85.0	77.0
377.24798583984375	105.04975891113281	75.93605041503906	80.56201934814453
377.0	100.0	85.0	76.0
376.0	99.0	86.0	77.0
375.0	100.0	86.0	77.0
376.0	99.0	84.0	78.0
374.0	98.0	86.0	80.0
374.0	101.0	86.0	78.0
374.0	101.0	87.0	78.0
375.0	100.0	85.0	80.0
373.0	101.0	86.0	79.0
372.0	104.0	87.0	76.0
371.0	104.0	87.0	76.0
373.0	103.0	85.0	77.0
371.0	105.0	86.0	76.0
374.0	102.0	84.0	77.0
371.0	105.0	85.0	76.0
371.0	104.0	85.0	77.0
371.0	102.0	85.0	78.0
372.0	104.0	84.0	77.0
370.0	105.0	84.0	76.0
368.0	103.0	86.0	78.0
371.0	104.0	84.0	76.0
368.0	105.0	86.0	75.0
370.0	106.0	83.0	74.0
367.0	105.0	85.0	75.0
366.0	105.0	84.0	75.0
362.0	102.0	88.0	79.0
359.0	101.0	90.0	82.0
357.0	105.0	87.0	80.0
354.0	107.0	87.0	80.0
351.0	110.0	85.0	79.0
346.0	114.0	86.0	78.0
342.0	115.0	85.0	79.0
336.0	119.0	85.0	77.0
330.0	122.0	84.0	77.0
326.0	126.0	81.0	75.0
319.0	128.0	81.0	74.0
316.0	132.0	77.0	71.0
247.0	80.0	67.0	63.0
255.0	80.0	63.0	63.0
305.0	140.0	74.0	65.0
301.0	144.0	74.0	62.0
303.0	144.0	70.0	61.0
303.0	145.0	69.0	59.0
303.0	143.0	71.0	61.0
304.0	142.0	70.0	62.0
304.0	142.0	71.0	61.0
304.0	142.0	72.0	60.0
255.0	116.0	52.0	51.0
253.74368286132812	120.17417907714844	51.84149932861328	50.84455108642578
257.8805847167969	125.27339172363281	52.364532470703125	51.35752487182617
253.68406677246094	120.806884765625	54.29315948486328	54.53307342529297
250.0	116.0	61.0	64.0
298.0	77.0	87.0	87.0
294.0	80.0	87.0	87.0
286.0	75.0	91.0	91.0
283.0	84.0	85.0	86.0
277.0	84.0	86.0	88.0
275.0	87.0	83.0	87.0
273.0	87.0	84.0	87.0
272.0	82.0	85.0	89.0
272.0	82.0	85.0	88.0
271.0	85.0	86.0	88.0
268.0	87.0	89.0	88.0
266.0	89.0	89.0	90.0
262.0	94.0	86.0	89.0
251.0	90.0	93.0	92.0
242.0	104.0	85.0	78.0
295.0	68.0	62.0	69.0
295.0	69.0	66.0	65.0
301.0	72.0	65.0	60.0
307.0	67.0	65.0	63.0
309.0	64.0	70.0	64.0
319.0	63.0	67.0	63.0
324.0	61.0	67.0	63.0
330.0	58.0	68.0	63.0
334.0	56.0	69.0	63.0
339.0	52.0	69.0	65.0
343.0	51.0	68.0	65.0
347.0	48.0	68.0	67.0
347.0	47.0	69.0	66.0
351.0	47.0	68.0	65.0
354.0	46.0	68.0	67.0
349.0	100.0	75.0	68.0
351.0	100.0	75.0	66.0
354.0	101.0	74.0	64.0
356.0	98.0	76.0	64.0
357.0	99.0	76.0	62.0
357.0	96.0	78.0	65.0
382.0	47.0	69.0	66.0
383.0	45.0	70.0	68.0
357.0	88.0	84.0	75.0
357.0	87.0	85.0	76.0
390.0	47.0	70.0	66.0
359.0	88.0	85.0	74.0
359.0	87.0	85.0	75.0
393.0	45.0	71.0	68.0
395.0	46.0	70.0	67.0
396.0	45.0	70.0	68.0
360.0	87.0	85.0	75.0
398.0	45.0	69.0	67.0
398.0	45.0	69.0	67.0
400.0	46.0	69.0	66.0
361.0	86.0	85.0	75.0
362.0	86.0	85.0	74.0
362.0	85.0	84.0	74.0
401.0	46.0	69.0	66.0
363.0	83.0	83.0	78.0
402.0	46.0	68.0	66.0
361.0	86.0	86.0	75.0
360.0	86.0	86.0	75.0
402.0	46.0	68.0	66.0
403.0	46.0	68.0	66.0
359.0	86.0	86.0	76.0
357.0	87.0	86.0	77.0
357.0	87.0	86.0	78.0
357.0	89.0	85.0	77.0
401.0	45.0	70.0	68.0
401.0	47.0	70.0	69.0
400.0	49.0	71.0	69.0
353.0	91.0	88.0	81.0
400.0	56.0	71.0	70.0
399.0	61.0	71.0	68.0
397.0	65.0	71.0	69.0
395.0	66.0	70.0	70.0
392.0	71.0	70.0	68.0
387.0	73.0	71.0	70.0
383.0	78.0	71.0	70.0
378.0	81.0	73.0	70.0
373.0	85.0	73.0	70.0
362.0	86.0	77.0	72.0
351.0	85.0	78.0	74.0
345.0	88.0	77.0	73.0
333.0	85.0	82.0	77.0
325.0	86.0	82.0	77.0
312.0	89.0	86.0	78.0
302.0	93.0	86.0	78.0
303.0	96.0	74.0	74.0
303.0	97.0	73.0	72.0
300.0	99.0	75.0	72.0
288.0	105.0	79.0	80.0
278.0	112.0	80.0	75.0
277.0	117.0	75.0	78.0
278.0	118.0	75.0	78.0
278.0	120.0	75.0	79.0
279.0	122.0	74.0	76.0
277.0	125.0	76.0	71.0
280.0	129.0	75.0	71.0
279.0	130.0	78.0	70.0
283.0	134.0	78.0	69.0
290.0	136.0	75.0	71.0
297.0	142.0	73.0	68.0
303.0	145.0	73.0	69.0
308.0	145.0	74.0	69.0
313.0	145.0	71.0	68.0
311.0	141.0	72.0	69.0
309.0	140.0	70.0	69.0
302.0	132.0	72.0	72.0
297.0	136.0	70.0	67.0
214.0	82.0	77.0	81.0
280.0	131.0	74.0	66.0
272.0	131.0	76.0	66.0
274.0	131.0	75.0	67.0
272.0	126.0	80.0	70.0
