81.0	208.0	45.0	62.0
84.0	207.0	47.0	65.0
89.0	207.0	47.0	65.0
94.0	207.0	47.0	65.0
100.0	207.0	46.0	65.0
105.0	208.0	44.0	61.0
110.0	205.0	44.0	66.0
115.0	205.0	43.0	62.0
118.0	205.0	45.0	64.0
121.0	205.0	45.0	63.0
124.0	204.0	45.0	64.0
128.0	203.0	45.0	63.0
133.0	203.0	43.0	64.0
135.0	203.0	43.0	62.0
140.0	199.0	42.0	63.0
142.0	200.0	46.0	66.0
146.0	202.0	44.0	62.0
149.0	201.0	46.0	65.0
154.0	202.0	45.0	63.0
158.0	204.0	46.0	63.0
163.0	204.0	45.0	64.0
167.0	202.0	45.0	62.0
172.0	203.0	44.0	62.0
177.0	200.0	45.0	65.0
180.0	199.0	45.0	64.0
184.0	199.0	46.0	65.0
188.0	200.0	46.0	60.0
192.0	200.0	46.0	59.0
197.0	198.0	45.0	60.0
200.0	197.0	46.0	61.0
203.0	197.0	46.0	60.0
207.0	198.0	47.0	63.0
212.0	195.0	45.0	62.0
213.0	196.0	48.0	61.0
216.0	195.0	47.0	63.0
219.0	195.0	50.0	64.0
224.0	194.0	48.0	64.0
228.0	195.0	48.0	62.0
235.0	196.0	44.0	59.0
236.0	193.0	48.0	63.0
240.0	191.0	45.0	58.0
243.0	193.0	46.0	58.0
247.0	191.0	46.0	59.0
250.0	188.0	45.0	61.0
251.0	186.0	46.0	62.0
253.0	185.0	46.0	62.0
258.0	186.0	46.0	57.0
261.0	183.0	45.0	60.0
264.0	183.0	45.0	57.0
266.0	181.0	46.0	60.0
273.6785583496094	179.83966064453125	46.02756881713867	60.03595733642578
273.0	177.0	48.0	73.0
276.0	179.0	46.0	63.0
279.0	181.0	46.0	60.0
286.93414306640625	175.35183715820312	46.81523132324219	61.0633430480957
285.0	175.0	49.0	66.0
290.0	175.0	46.0	60.0
292.0	178.0	47.0	58.0
294.0	176.0	49.0	63.0
300.3781433105469	170.48526000976562	48.38645553588867	62.211158752441406
299.0	169.0	51.0	64.0
306.16717529296875	165.813720703125	50.71015548706055	63.63628005981445
307.7951354980469	166.0198211669922	51.274253845214844	64.34416198730469
309.010009765625	166.69297790527344	51.538330078125	64.67555236816406
308.5908203125	164.15773010253906	51.2063102722168	64.25890350341797
311.8280944824219	164.28897094726562	50.954132080078125	63.94244384765625
312.4369201660156	164.0822296142578	51.295806884765625	64.37120819091797
315.12261962890625	163.10818481445312	50.46823501586914	63.33269119262695
315.88800048828125	161.30874633789062	50.788543701171875	63.734657287597656
315.2055969238281	161.8026123046875	50.532142639160156	63.41290283203125
317.2248840332031	159.08717346191406	51.21470260620117	64.26945495605469
316.9813232421875	159.48544311523438	52.750755310058594	66.19705200195312
317.69952392578125	158.8018035888672	52.4920654296875	65.8724136352539
318.6476745605469	153.58517456054688	51.89072799682617	65.11779022216797
318.78521728515625	151.62147521972656	51.59794235229492	64.75038146972656
320.3886413574219	151.20016479492188	51.77862548828125	64.97711944580078
319.6817932128906	147.2079620361328	52.06047439575195	65.330810546875
320.0303039550781	146.9123992919922	52.34972381591797	65.69378662109375
319.74774169921875	145.48873901367188	51.67132568359375	64.84245300292969
319.9068298339844	144.29820251464844	51.39495086669922	64.4956283569336
321.159423828125	140.3380126953125	50.63421630859375	63.540985107421875
324.5110168457031	139.5385284423828	49.54289627075195	62.171485900878906
323.31317138671875	139.24560546875	49.5098876953125	62.13006591796875
324.423095703125	138.562255859375	49.783565521240234	62.47350311279297
322.8836975097656	138.2763671875	49.587860107421875	62.22791290283203
322.9460754394531	139.7283935546875	48.806541442871094	61.2474365234375
323.7198181152344	136.66815185546875	49.258567810058594	61.81467819213867
323.85723876953125	137.42776489257812	48.72631072998047	61.14674758911133
324.16790771484375	135.85092163085938	48.39800262451172	60.7347526550293
324.1630859375	133.27279663085938	47.94025421142578	60.16032791137695
325.3182678222656	132.84263610839844	48.1030387878418	60.36460494995117
325.0242919921875	129.5523223876953	48.15951156616211	60.43547439575195
324.2818908691406	128.39181518554688	48.41660690307617	60.75810623168945
325.77166748046875	130.42166137695312	47.307701110839844	59.366539001464844
323.80194091796875	123.32981872558594	47.984188079833984	60.2154655456543
322.2300720214844	123.84300231933594	48.348236083984375	60.67230987548828
323.328125	121.23458099365234	47.862648010253906	60.06294631958008
322.5075988769531	119.6706771850586	49.143836975097656	61.67070770263672
323.8262939453125	119.58702087402344	50.09785461425781	62.8679084777832
321.48211669921875	117.32151794433594	49.9998664855957	62.74494171142578
318.7098388671875	116.62382507324219	49.52162551879883	62.14479446411133
320.62603759765625	116.2791519165039	48.85202407836914	61.30451202392578
317.41607666015625	115.8489990234375	48.63649368286133	61.034034729003906
318.31878662109375	114.36971282958984	48.2499885559082	60.54900360107422
315.96649169921875	114.14811706542969	46.65589141845703	58.5485725402832
313.91143798828125	115.31721496582031	45.893226623535156	57.59149932861328
305.19244384765625	119.268310546875	46.29326248168945	58.09349822998047
303.2018127441406	112.93208312988281	46.527809143066406	58.38783645629883
295.8034362792969	120.0462417602539	47.438026428222656	59.53007125854492
296.57171630859375	117.04847717285156	47.21642303466797	59.251976013183594
294.2041015625	115.6928939819336	47.122955322265625	59.13468551635742
291.43756103515625	116.14186096191406	47.314022064208984	59.37445831298828
291.47515869140625	112.73282623291016	47.665771484375	59.81586837768555
288.7131652832031	113.23114013671875	47.522926330566406	59.6366081237793
287.9604187011719	112.82695007324219	47.110557556152344	59.11912155151367
286.8636474609375	110.29144287109375	47.479942321777344	59.58266067504883
285.0030822753906	110.724853515625	48.016239166259766	60.25565719604492
283.1240539550781	108.6703109741211	48.329505920410156	60.648773193359375
283.12908935546875	107.5841293334961	47.87666702270508	60.08049774169922
280.4552307128906	108.81607818603516	48.352760314941406	60.677947998046875
279.8115234375	107.54830169677734	47.976470947265625	60.20574188232422
277.4856262207031	106.32427978515625	46.99398422241211	58.972816467285156
274.56256103515625	104.08207702636719	47.61717987060547	59.754859924316406
274.51690673828125	103.01324462890625	47.47184371948242	59.572479248046875
273.41131591796875	103.20655822753906	47.05590057373047	59.050514221191406
272.1419372558594	99.3028564453125	46.686805725097656	58.58734130859375
271.0950622558594	102.1838607788086	46.47883987426758	58.32636642456055
271.2112121582031	98.13867950439453	45.93946075439453	57.64949417114258
268.5475158691406	100.84671020507812	45.953285217285156	57.666839599609375
267.2344665527344	99.99256896972656	44.995384216308594	56.46477127075195
266.52032470703125	100.3007583618164	44.847679138183594	56.27941131591797
267.5107116699219	98.67288970947266	44.59270477294922	55.959442138671875
267.13330078125	98.45689392089844	44.79863739013672	56.217872619628906
263.1188659667969	96.07136535644531	43.603614807128906	54.718231201171875
263.44134521484375	97.48658752441406	43.17988586425781	54.186485290527344
259.9280090332031	97.57832336425781	43.661685943603516	54.79109573364258
258.39776611328125	97.5853042602539	43.36323928833008	54.41657257080078
257.19732666015625	98.8404312133789	43.06949996948242	54.04795455932617
255.59555053710938	96.28935241699219	43.14414596557617	54.141639709472656
256.03118896484375	97.38135528564453	42.1399040222168	52.88141632080078
251.89169311523438	96.9030532836914	42.6174430847168	53.480682373046875
251.18661499023438	96.16766357421875	41.781219482421875	52.431312561035156
249.2278289794922	97.07294464111328	41.840003967285156	52.50507736206055
249.01931762695312	96.37403869628906	40.8678092956543	51.285072326660156
246.0137176513672	96.10124969482422	41.0640869140625	51.5313835144043
240.4626922607422	98.91039276123047	40.755699157714844	51.14439010620117
237.7229766845703	98.86004638671875	41.05481719970703	51.51975631713867
234.96621704101562	100.48487091064453	40.88750457763672	51.30979537963867
235.80966186523438	100.90812683105469	40.760009765625	51.149803161621094
234.7364959716797	101.51695251464844	41.39096450805664	51.94158935546875
231.0310516357422	99.99485778808594	41.366554260253906	51.91095733642578
234.040771484375	98.67781829833984	41.05299758911133	51.51747512817383
233.3624725341797	99.69815063476562	40.47534942626953	50.7925910949707
230.2096710205078	94.43421173095703	40.112342834472656	50.337059020996094
229.9032745361328	93.3929214477539	40.49038314819336	50.811466217041016
228.0819091796875	94.47740173339844	39.90559005737305	50.077613830566406
226.0354461669922	95.80723571777344	40.09142303466797	50.310813903808594
225.34506225585938	94.57179260253906	40.02226257324219	50.224029541015625
222.8672637939453	93.51274108886719	39.77772903442383	49.91716384887695
222.8546905517578	94.33509826660156	40.019508361816406	50.2205696105957
221.71652221679688	92.16472625732422	39.414329528808594	49.46112823486328
219.2450714111328	91.82384490966797	39.231956481933594	49.232269287109375
219.18478393554688	92.38771057128906	39.601993560791016	49.69662857055664
217.97262573242188	90.35667419433594	40.2446174621582	50.50305938720703
217.1289825439453	90.91227722167969	40.23695373535156	50.493446350097656
216.14041137695312	88.67572021484375	40.019935607910156	50.22110366821289
213.57754516601562	88.05811309814453	40.20578384399414	50.454322814941406
212.05715942382812	87.20947265625	41.030296325683594	51.4890022277832
212.5159912109375	87.1352310180664	41.30988311767578	51.8398551940918
209.3820343017578	86.52045440673828	41.882686614990234	52.55866622924805
211.88900756835938	86.24903106689453	42.28692626953125	53.065940856933594
210.5521697998047	86.5318832397461	42.716312408447266	53.60477828979492
207.97164916992188	86.9323501586914	42.63090133666992	53.497596740722656
208.27099609375	85.44343566894531	43.380558013916016	54.4383430480957
207.6929473876953	85.86210632324219	43.277183532714844	54.308624267578125
206.50717163085938	88.5676498413086	43.9432258605957	55.144439697265625
206.1752471923828	87.90875244140625	43.98114776611328	55.1920280456543
205.0104217529297	88.42019653320312	44.01400375366211	55.23325729370117
205.37255859375	88.002685546875	44.33434295654297	55.63525390625
204.75149536132812	87.08150482177734	44.68695831298828	56.0777473449707
206.193115234375	83.26067352294922	45.15700912475586	56.6676139831543
205.11666870117188	84.00930786132812	45.3227424621582	56.87559127807617
206.86996459960938	82.33543395996094	45.752410888671875	57.4147834777832
205.5930938720703	87.38970184326172	45.07485580444336	56.56452178955078
206.46630859375	85.33601379394531	44.83198928833008	56.25974655151367
205.86831665039062	84.53411102294922	45.83972930908203	57.52436065673828
206.55056762695312	84.19694519042969	46.174522399902344	57.944496154785156
207.61019897460938	85.1507797241211	46.10960388183594	57.86302947998047
208.79940795898438	85.05277252197266	46.84727478027344	58.788734436035156
210.20761108398438	83.464111328125	46.20853805541992	57.9871826171875
210.26864624023438	84.7050552368164	45.615455627441406	57.242919921875
210.0115509033203	80.98162841796875	45.61737060546875	57.245323181152344
209.8467559814453	81.69902038574219	46.52486038208008	58.384132385253906
210.44381713867188	84.74690246582031	47.1063117980957	59.113792419433594
210.49118041992188	82.88422393798828	47.5604362487793	59.683677673339844
211.4828643798828	81.781005859375	47.53668975830078	59.65388107299805
210.79763793945312	82.79185485839844	47.258949279785156	59.30533981323242
213.8505096435547	81.80126953125	47.53913879394531	59.656944274902344
214.88302612304688	80.73570251464844	47.10643768310547	59.11394500732422
217.45785522460938	80.59007263183594	47.0543327331543	59.048561096191406
218.3427276611328	79.14556884765625	47.625038146972656	59.764739990234375
217.7312469482422	78.45338439941406	47.04754638671875	59.0400505065918
220.796875	78.17308044433594	46.60908889770508	58.48982620239258
221.18310546875	80.2386703491211	46.84284210205078	58.78316116333008
223.7361602783203	79.22718048095703	46.74204635620117	58.65667724609375
224.97219848632812	77.03782653808594	46.56138610839844	58.429962158203125
224.9340057373047	77.68409729003906	45.875492095947266	57.56923294067383
227.97238159179688	77.79486083984375	45.21445846557617	56.73970413208008
228.18911743164062	79.13276672363281	44.94173049926758	56.3974609375
230.011474609375	77.953125	45.36261749267578	56.925636291503906
230.7650604248047	76.15535736083984	45.205326080322266	56.72825241088867
231.40615844726562	77.32743835449219	44.827850341796875	56.25455856323242
232.5969696044922	76.99473571777344	44.698974609375	56.09283447265625
232.58383178710938	76.6303482055664	44.922996520996094	56.37396240234375
233.1129150390625	78.08672332763672	44.85220718383789	56.285125732421875
233.79446411132812	79.14728546142578	44.93156051635742	56.38470458984375
232.473388671875	78.0597152709961	44.842445373535156	56.27287673950195
232.77914428710938	77.713134765625	45.00399398803711	56.475608825683594
230.0524444580078	78.78096008300781	45.53389358520508	57.14058303833008
229.47097778320312	76.87320709228516	46.127769470214844	57.885841369628906
229.953125	79.93894958496094	46.11744689941406	57.87288284301758
228.78701782226562	80.46771240234375	45.82605743408203	57.50720977783203
229.2994384765625	78.1324691772461	46.19657516479492	57.97217559814453
228.8546905517578	77.1673812866211	45.41918182373047	56.99662399291992
229.2378692626953	79.903076171875	45.45796203613281	57.0452880859375
229.6962127685547	81.66169738769531	45.246280670166016	56.7796516418457
229.6986083984375	79.9599609375	45.467098236083984	57.0567626953125
229.4854278564453	81.98470306396484	45.44062042236328	57.023536682128906
228.5661163330078	80.96192169189453	44.892005920410156	56.33507537841797
229.5353546142578	81.39739227294922	44.59529495239258	55.96272659301758
228.6632080078125	79.07392883300781	44.58378982543945	55.94829177856445
227.67196655273438	83.42719268798828	45.016685485839844	56.49153518676758
228.3263397216797	80.94941711425781	45.107215881347656	56.605140686035156
227.370361328125	83.42723083496094	45.09442901611328	56.58909225463867
226.83694458007812	81.71666717529297	45.78019332885742	57.44966506958008
226.0132598876953	82.03592681884766	45.43231201171875	57.01311111450195
227.6577606201172	83.37391662597656	45.44353485107422	57.027191162109375
226.2082977294922	84.61225891113281	44.58940887451172	55.955345153808594
227.52542114257812	85.1746597290039	44.39274978637695	55.70855712890625
226.9563446044922	84.4562759399414	44.62667465209961	56.002113342285156
226.97933959960938	85.27647399902344	44.954933166503906	56.4140510559082
225.3863525390625	85.38072204589844	44.74652099609375	56.15251541137695
226.2729034423828	85.56214904785156	44.5760612487793	55.93860626220703
226.4027099609375	82.88877868652344	44.84572219848633	56.277000427246094
225.5680389404297	84.58692932128906	45.02907180786133	56.507080078125
225.9033966064453	83.71862030029297	45.39202880859375	56.962562561035156
227.1153564453125	83.76996612548828	45.7109375	57.362762451171875
226.9440460205078	83.93262481689453	45.574302673339844	57.19130325317383
227.1742401123047	86.0600814819336	45.22796630859375	56.756683349609375
226.98574829101562	87.34907531738281	44.4437141418457	55.77252197265625
229.7843475341797	83.63046264648438	45.048133850097656	56.531005859375
230.54458618164062	83.54743194580078	45.93476104736328	57.64363479614258
230.2608184814453	85.73777770996094	46.51448059082031	58.371131896972656
230.7142333984375	86.78242492675781	46.26970291137695	58.06395721435547
231.66635131835938	87.05755615234375	45.294960021972656	56.84075164794922
231.73828125	85.9449234008789	45.20338821411133	56.72583770751953
231.7642059326172	90.20046997070312	45.33494186401367	56.89092254638672
234.69277954101562	87.73212432861328	44.74379348754883	56.149085998535156
234.40731811523438	89.4183349609375	45.50568771362305	57.105186462402344
235.4960479736328	88.6255874633789	45.920318603515625	57.62550735473633
237.3352508544922	88.05224609375	45.937843322753906	57.647499084472656
237.8246307373047	90.16279602050781	45.96263885498047	57.678611755371094
238.5190887451172	91.4609603881836	45.82147979736328	57.50146484375
240.0137176513672	92.15103912353516	45.751461029052734	57.413597106933594
239.88833618164062	90.4373779296875	45.532569885253906	57.138916015625
242.32467651367188	92.48875427246094	45.140769958496094	56.647247314453125
244.37496948242188	91.63652801513672	44.30815887451172	55.6024055480957
246.331787109375	91.80941009521484	44.229331970214844	55.50348663330078
247.81845092773438	92.00996398925781	43.98979187011719	55.20288848876953
248.4990234375	93.5440902709961	43.2960319519043	54.3322868347168
252.7561492919922	94.68370819091797	43.01551055908203	53.980262756347656
253.15670776367188	93.3575439453125	43.408164978027344	54.47300338745117
255.1363525390625	94.5442123413086	43.63660430908203	54.759681701660156
255.21426391601562	97.3305435180664	44.19196319580078	55.45660400390625
256.61077880859375	100.97382354736328	43.00016403198242	53.96100997924805
