108.0	124.0	19.0	17.0
108.0	123.0	19.0	19.0
108.18743896484375	122.72611999511719	18.615774154663086	18.615774154663086
108.0	123.0	19.0	19.0
108.2140884399414	122.7583236694336	18.697206497192383	18.697206497192383
108.0	123.0	20.0	19.0
108.0	123.0	19.0	19.0
109.0	123.0	18.0	19.0
106.0	123.0	21.0	20.0
106.7000503540039	121.33979797363281	20.979961395263672	19.98091697692871
112.13493347167969	116.5075912475586	21.017425537109375	20.0165958404541
115.64676666259766	113.92431640625	21.30240249633789	20.288000106811523
113.71540832519531	113.378173828125	21.16537857055664	20.15749740600586
113.1566390991211	106.03559875488281	21.552349090576172	20.52604103088379
114.0	91.0	22.0	22.0
104.34669494628906	86.99705505371094	21.997459411621094	21.997459411621094
96.27017211914062	86.78446960449219	21.847169876098633	21.847169876098633
86.41929626464844	89.82814025878906	21.629470825195312	21.629470825195312
96.7763671875	90.07330322265625	21.180744171142578	21.180744171142578
97.99662017822266	92.0615005493164	21.194469451904297	21.194469451904297
85.5732650756836	94.04451751708984	21.0400390625	21.0400390625
81.0	107.0	19.0	20.0
79.0	108.0	20.0	19.0
78.05558776855469	110.27095794677734	20.287893295288086	19.27349853515625
79.77251434326172	112.37017822265625	20.34300422668457	19.325855255126953
80.83130645751953	114.44283294677734	20.24593734741211	19.233642578125
79.0	116.0	19.0	15.0
82.50199127197266	117.95664978027344	19.116424560546875	15.091914176940918
82.0	117.0	18.0	15.0
83.52961730957031	117.28299713134766	18.251604080200195	15.209671020507812
84.56952667236328	116.8770980834961	18.329357147216797	15.274465560913086
83.0	116.0	20.0	17.0
83.0	116.0	19.0	17.0
84.0	116.0	18.0	16.0
83.0	117.0	20.0	19.0
82.0	117.0	22.0	21.0
83.0	116.0	19.0	15.0
83.0	116.0	20.0	17.0
82.0	115.0	21.0	18.0
83.0	116.0	20.0	18.0
80.0724105834961	116.72093200683594	20.08684730529785	18.078163146972656
79.0	117.0	26.0	24.0
80.0	117.0	25.0	24.0
80.705810546875	117.46031188964844	24.641891479492188	23.65621566772461
93.0	101.0	25.0	29.0
93.25399017333984	99.48273468017578	25.057729721069336	29.066967010498047
94.088623046875	99.61279296875	24.6618709564209	28.607772827148438
94.42676544189453	99.4786605834961	24.572460174560547	28.50405502319336
82.0	115.0	22.0	22.0
84.0	113.0	21.0	20.0
86.0	114.0	20.0	20.0
86.67837524414062	115.8720703125	19.940082550048828	19.940082550048828
79.3601303100586	118.34770202636719	19.841352462768555	19.841352462768555
71.49943542480469	114.42899322509766	19.885042190551758	19.885042190551758
102.0	116.0	15.0	16.0
104.4653091430664	119.02325439453125	15.062080383300781	16.066219329833984
107.0	121.0	15.0	12.0
110.73188781738281	120.2909164428711	15.233235359191895	12.186589241027832
112.656005859375	118.9808578491211	15.293339729309082	12.234672546386719
115.675048828125	127.87313079833984	15.412101745605469	12.329682350158691
111.37731170654297	124.8013687133789	17.24903678894043	14.30606460571289
125.0	126.0	23.0	21.0
131.0	128.0	19.0	17.0
135.0	131.0	21.0	18.0
139.0	131.0	22.0	21.0
143.0	131.0	22.0	22.0
147.0	132.0	21.0	19.0
149.0	134.0	24.0	26.0
153.0	135.0	21.0	20.0
152.0	139.0	25.0	24.0
156.0	138.0	22.0	20.0
158.0	139.0	22.0	21.0
159.0	142.0	23.0	25.0
164.0	144.0	22.0	24.0
165.0	146.0	22.0	21.0
168.0	147.0	23.0	24.0
171.0	149.0	22.0	23.0
174.0	150.0	23.0	22.0
178.0	152.0	20.0	19.0
182.0	155.0	22.0	21.0
188.0	151.0	21.0	21.0
191.0	152.0	22.0	22.0
197.0	157.0	21.0	19.0
201.0246124267578	159.41171264648438	20.961559295654297	18.965219497680664
205.25485229492188	159.90090942382812	21.123126983642578	19.111400604248047
208.8429718017578	162.66571044921875	20.998401641845703	18.998554229736328
184.0	157.0	19.0	18.0
186.15872192382812	158.39883422851562	19.15004539489746	18.142147064208984
191.0	160.0	18.0	18.0
195.02011108398438	161.1727752685547	17.97707748413086	17.97707748413086
201.0211639404297	161.42767333984375	18.25107765197754	18.25107765197754
204.0	162.0	19.0	17.0
205.0	162.0	20.0	18.0
207.0	161.0	19.0	17.0
209.0	159.0	20.0	19.0
209.0	158.0	21.0	20.0
210.0	156.0	21.0	22.0
207.0950927734375	160.1876220703125	21.445281982421875	22.466487884521484
206.77499389648438	160.85362243652344	21.748876571655273	22.7845401763916
206.57275390625	160.82989501953125	21.705778121948242	22.739391326904297
207.31201171875	160.98550415039062	21.71451187133789	22.748538970947266
207.97750854492188	161.22708129882812	21.654268264770508	22.685426712036133
207.51730346679688	160.44302368164062	21.66626739501953	22.697998046875
209.0	162.0	21.0	19.0
208.8324432373047	161.68307495117188	21.124290466308594	19.11245346069336
209.8372039794922	162.40032958984375	21.275497436523438	19.24925994873047
209.91439819335938	162.35948181152344	21.104902267456055	19.094911575317383
209.06338500976562	162.07528686523438	21.09914207458496	19.089702606201172
209.89212036132812	162.3192901611328	20.86623191833496	18.87897491455078
209.0	163.0	21.0	19.0
209.3914794921875	162.2119903564453	20.725257873535156	18.75142478942871
209.54061889648438	161.95387268066406	20.68301773071289	18.713207244873047
210.2012939453125	162.12277221679688	20.559261322021484	18.601238250732422
210.2825927734375	161.97154235839844	20.69394874572754	18.723098754882812
209.15597534179688	162.1012420654297	20.696826934814453	18.725704193115234
209.37619018554688	161.9350128173828	20.743000030517578	18.767480850219727
208.71328735351562	162.51568603515625	21.20079803466797	19.181678771972656
206.20523071289062	163.41941833496094	21.47804832458496	19.432527542114258
206.57846069335938	163.55758666992188	21.65679359436035	19.594249725341797
251.0	169.0	24.0	25.0
251.0	169.0	24.0	23.0
250.0	170.0	25.0	26.0
251.0	170.0	24.0	23.0
251.0	169.0	24.0	23.0
249.0	170.0	26.0	27.0
249.0	170.0	27.0	27.0
250.0	169.0	25.0	26.0
250.0	169.0	25.0	26.0
250.0	169.0	25.0	22.0
251.0	169.0	25.0	24.0
251.0	169.0	24.0	23.0
251.0	169.0	24.0	23.0
251.0	170.0	25.0	24.0
248.21044921875	169.9264678955078	25.092016220092773	24.088336944580078
251.0	169.0	23.0	20.0
249.0	170.0	26.0	26.0
249.0	172.0	24.0	22.0
250.6482391357422	170.81333923339844	23.948490142822266	21.952783584594727
252.0	170.0	22.0	20.0
250.0	170.0	25.0	23.0
251.0	169.0	23.0	22.0
249.0	170.0	27.0	28.0
249.0	169.0	27.0	28.0
250.0	169.0	25.0	27.0
249.0	170.0	27.0	26.0
248.0	169.0	27.0	28.0
249.0	170.0	26.0	27.0
249.0	170.0	27.0	28.0
249.0	170.0	26.0	25.0
249.0	170.0	27.0	27.0
249.0	170.0	27.0	27.0
249.0	170.0	27.0	28.0
250.0	170.0	25.0	24.0
250.0	170.0	25.0	24.0
250.0	170.0	25.0	24.0
250.0	170.0	25.0	25.0
250.0	170.0	25.0	24.0
250.0	170.0	25.0	24.0
249.0	169.0	27.0	27.0
249.0	168.0	28.0	29.0
247.1868133544922	168.65188598632812	28.258188247680664	29.267410278320312
249.0	168.0	26.0	28.0
249.32327270507812	167.79067993164062	25.51643943786621	27.4792423248291
250.0	169.0	26.0	26.0
250.16000366210938	168.30154418945312	25.872905731201172	25.872905731201172
248.4611053466797	168.72064208984375	25.88226890563965	25.88226890563965
248.6263427734375	169.38133239746094	25.628070831298828	25.628070831298828
248.9987335205078	170.76980590820312	25.26996421813965	25.26996421813965
249.6978759765625	169.78736877441406	25.515697479248047	25.515697479248047
248.78457641601562	169.93385314941406	25.585927963256836	25.585927963256836
248.8047332763672	169.8193817138672	25.257442474365234	25.257442474365234
248.04818725585938	170.34934997558594	25.028865814208984	25.028865814208984
249.3374786376953	169.36911010742188	25.55973243713379	25.55973243713379
249.6581573486328	169.8766632080078	25.641437530517578	25.641437530517578
250.0	170.0	26.0	25.0
248.728271484375	169.95809936523438	26.125152587890625	25.120338439941406
247.5418701171875	169.8811798095703	26.17171859741211	25.165115356445312
248.7198028564453	170.27816772460938	25.974477767944336	24.975461959838867
247.512939453125	170.20755004882812	25.926401138305664	24.929235458374023
247.8960418701172	169.98800659179688	26.332910537719727	25.320110321044922
247.24765014648438	169.94369506835938	26.455114364624023	25.4376163482666
249.1480712890625	170.1623992919922	26.130420684814453	25.125411987304688
248.78018188476562	170.11119079589844	26.11992835998535	25.115325927734375
248.0921630859375	171.15963745117188	25.698827743530273	24.710420608520508
248.93209838867188	170.20318603515625	25.693029403686523	24.704845428466797
248.1650390625	170.73239135742188	25.688297271728516	24.700294494628906
248.020263671875	170.7263641357422	26.1431884765625	25.137691497802734
247.6964569091797	169.8174591064453	26.279098510742188	25.268375396728516
248.581298828125	169.5352783203125	26.17891502380371	25.172042846679688
247.9035186767578	171.34658813476562	26.244991302490234	25.235580444335938
248.0877227783203	170.58981323242188	26.518301010131836	25.49837875366211
248.60641479492188	169.87142944335938	26.41937255859375	25.403255462646484
247.9996795654297	169.39028930664062	26.260982513427734	25.250957489013672
249.72744750976562	169.64474487304688	26.4604549407959	25.442758560180664
247.7634735107422	170.67507934570312	26.497295379638672	25.47818374633789
249.4971160888672	168.651123046875	26.355152130126953	25.341508865356445
249.82455444335938	168.76055908203125	26.610431671142578	25.586965560913086
248.01486206054688	171.01934814453125	26.3482666015625	25.334882736206055
247.40835571289062	170.6902618408203	26.165878295898438	25.15951156616211
247.7582550048828	170.23951721191406	26.434986114501953	25.418270111083984
248.4649658203125	170.8541259765625	26.182453155517578	25.17544937133789
248.74844360351562	169.8303985595703	25.966411590576172	24.96771812438965
247.1666717529297	171.36032104492188	26.15313720703125	25.147258758544922
247.0149688720703	170.44900512695312	26.112323760986328	25.10801124572754
246.96414184570312	169.29791259765625	26.9537296295166	25.917057037353516
247.65786743164062	169.11611938476562	26.60272216796875	25.579547882080078
248.127685546875	169.91322326660156	26.81308364868164	25.781818389892578
246.78146362304688	169.43191528320312	27.12711524963379	26.083770751953125
247.26791381835938	170.3997802734375	26.77667808532715	25.746814727783203
248.4269561767578	170.01531982421875	27.067852020263672	26.02679443359375
248.14151000976562	168.73460388183594	26.947772979736328	25.911331176757812
249.6582794189453	169.3592071533203	27.400379180908203	26.346527099609375
247.5647735595703	169.93515014648438	27.45249366760254	26.396636962890625
246.60763549804688	169.77256774902344	27.398174285888672	26.344406127929688
249.2416229248047	169.33682250976562	27.2994441986084	26.24947166442871
248.31600952148438	170.00875854492188	27.057498931884766	26.016830444335938
247.9273223876953	168.95486450195312	27.210071563720703	26.16353416442871
248.1147918701172	169.37384033203125	27.522043228149414	26.463510513305664
248.001953125	169.84548950195312	27.799102783203125	26.72991371154785
247.5635223388672	169.5892791748047	27.796756744384766	26.727657318115234
247.375244140625	168.982421875	27.830957412719727	26.760540008544922
247.68099975585938	169.6559600830078	27.789875030517578	26.72103500366211
247.1210479736328	169.01730346679688	28.004384994506836	26.927295684814453
250.0	170.0	26.0	25.0
249.3925323486328	170.07154846191406	25.933765411376953	24.93631362915039
247.91903686523438	171.2296600341797	25.770275115966797	24.779109954833984
250.4874267578125	169.84771728515625	26.074365615844727	25.07150650024414
247.1908416748047	171.47122192382812	25.614206314086914	24.629043579101562
211.0	158.0	20.0	20.0
211.12905883789062	157.65750122070312	19.996471405029297	19.996471405029297
211.0	158.0	19.0	20.0
212.0	158.0	19.0	21.0
249.0	169.0	27.0	27.0
247.7404022216797	168.43612670898438	27.136035919189453	27.136035919189453
247.26931762695312	168.1043243408203	26.93729019165039	26.93729019165039
211.0	158.0	20.0	20.0
211.6659393310547	157.81863403320312	20.201065063476562	20.201065063476562
211.0	158.0	20.0	20.0
212.76956176757812	161.689453125	20.135000228881836	20.135000228881836
210.15557861328125	159.43899536132812	20.04392433166504	19.82996940612793
229.0	165.0	25.0	26.0
249.0	170.0	27.0	25.0
249.0	169.0	27.0	26.0
250.0	169.0	27.0	26.0
249.0	167.0	28.0	32.0
250.0	166.0	27.0	31.0
250.0	166.0	27.0	34.0
251.0	169.0	26.0	27.0
251.0	169.0	26.0	27.0
250.0	168.0	27.0	29.0
250.0	169.0	27.0	30.0
249.0	167.0	28.0	36.0
249.0	168.0	29.0	31.0
250.0	168.0	28.0	31.0
248.0	163.0	30.0	40.0
250.0	167.0	29.0	31.0
250.0	154.0	24.0	26.0
248.0	166.0	30.0	36.0
250.0	168.0	27.0	30.0
252.0	167.0	23.0	25.0
250.0	151.0	20.0	19.0
250.0	170.0	26.0	26.0
251.0	169.0	25.0	25.0
250.0	171.0	26.0	29.0
250.0	169.0	26.0	26.0
251.0	170.0	24.0	26.0
251.0	169.0	25.0	25.0
252.0	169.0	23.0	22.0
249.0	170.0	27.0	28.0
249.0	170.0	27.0	27.0
250.58621215820312	168.5387725830078	26.988353729248047	26.988353729248047
249.0	169.0	27.0	27.0
249.0	170.0	26.0	29.0
250.5162811279297	166.8662872314453	26.726125717163086	29.809906005859375
249.8640899658203	167.0443572998047	26.789325714111328	29.880395889282227
250.3251953125	168.6433868408203	26.915603637695312	30.0212459564209
249.52294921875	167.97817993164062	27.441375732421875	30.607685089111328
250.17208862304688	167.79983520507812	27.31509017944336	30.46683120727539
251.0	170.0	23.0	21.0
250.0	171.0	25.0	26.0
255.0	151.0	19.0	19.0
250.0	174.0	22.0	22.0
252.8605499267578	166.98434448242188	22.23970603942871	22.23970603942871
251.0	170.0	25.0	26.0
248.0	176.0	24.0	25.0
246.8613739013672	175.63839721679688	24.88237190246582	25.001558303833008
250.39425659179688	164.25157165527344	24.715564727783203	24.833953857421875
257.0	168.0	19.0	20.0
256.0	169.0	20.0	21.0
256.48492431640625	169.48013305664062	20.091224670410156	21.09578514099121
255.12060546875	168.04150390625	19.959566116333008	20.95754623413086
255.20516967773438	167.5039825439453	20.16373062133789	21.171918869018555
252.0	151.0	21.0	21.0
254.0	152.0	18.0	17.0
253.968017578125	151.72512817382812	18.301605224609375	17.284849166870117
254.51846313476562	151.0859375	18.547433853149414	17.51702117919922
255.650390625	150.35934448242188	18.36795425415039	17.347515106201172
256.11138916015625	150.88351440429688	18.35344886779785	17.333812713623047
257.0	151.0	17.0	17.0
258.88299560546875	151.0204315185547	16.91311264038086	16.91311264038086
260.75616455078125	151.3066864013672	16.521574020385742	16.521574020385742
261.81878662109375	151.53164672851562	16.52644157409668	16.52644157409668
261.74310302734375	152.4352264404297	16.513933181762695	16.513933181762695
261.0	151.0	18.0	18.0
259.87567138671875	149.6324920654297	18.11285400390625	18.11285400390625
260.0	151.0	19.0	20.0
260.0	151.0	20.0	19.0
259.91009521484375	150.47616577148438	20.141263961791992	19.13420295715332
260.50762939453125	149.57589721679688	20.173431396484375	19.164762496948242
261.0968017578125	150.34609985351562	20.234941482543945	19.223196029663086
262.1620788574219	150.21365356445312	20.085697174072266	19.0814151763916
261.77105712890625	150.4708709716797	20.29473304748535	19.279998779296875
261.581787109375	150.79771423339844	20.744600296020508	19.707372665405273
257.0	169.0	19.0	20.0
256.76922607421875	172.93238830566406	18.89411735534668	19.888545989990234
256.19000244140625	171.7473602294922	18.881298065185547	19.875049591064453
256.0	170.0	21.0	21.0
256.0	169.0	21.0	23.0
256.0	169.0	21.0	23.0
255.73434448242188	170.547607421875	20.851511001586914	22.83736801147461
255.952880859375	169.72254943847656	20.851848602294922	22.837736129760742
257.035400390625	170.14515686035156	20.328161239624023	22.264171600341797
261.0	151.0	20.0	19.0
261.25244140625	150.57705688476562	19.84130096435547	18.84923553466797
262.27777099609375	151.23731994628906	19.66976547241211	18.686275482177734
262.8377990722656	150.7554931640625	19.84328842163086	18.851123809814453
263.68389892578125	148.48080444335938	19.84227180480957	18.850156784057617
265.14337158203125	150.82211303710938	20.192441940307617	19.182819366455078
265.43292236328125	147.27581787109375	20.666004180908203	19.632701873779297
265.9545593261719	148.72103881835938	20.665491104125977	19.632213592529297
267.0092468261719	148.730224609375	20.800100326538086	19.76009178161621
267.77587890625	149.1211700439453	20.844736099243164	19.802494049072266
268.05377197265625	148.6097412109375	20.880416870117188	19.83639144897461
268.49969482421875	149.0631561279297	20.523757934570312	19.4975643157959
269.1376953125	149.4655303955078	20.480365753173828	19.456340789794922
251.0	154.0	21.0	21.0
250.68826293945312	152.12612915039062	20.851852416992188	20.851852416992188
268.0	150.0	22.0	21.0
269.07476806640625	148.79586791992188	22.371356964111328	21.354475021362305
269.0927734375	148.25582885742188	22.613370895385742	21.58548927307129
268.837890625	147.95535278320312	22.5703067779541	21.544384002685547
268.6019592285156	146.8054656982422	22.665485382080078	21.635234832763672
269.2543029785156	147.51235961914062	23.046340942382812	21.998777389526367
257.0	169.0	19.0	19.0
256.0	169.0	20.0	21.0
256.22369384765625	171.815185546875	20.125141143798828	21.131397247314453
255.9434051513672	172.41702270507812	19.885967254638672	20.880266189575195
255.21627807617188	172.2934112548828	19.81644058227539	20.807262420654297
254.67550659179688	173.00100708007812	20.289852142333984	21.304346084594727
253.9409942626953	172.32681274414062	20.506486892700195	21.53181266784668
253.29727172851562	173.14683532714844	20.746631622314453	21.78396224975586
253.408935546875	172.74118041992188	20.918201446533203	21.964107513427734
253.9658203125	172.0998992919922	20.910945892333984	21.956491470336914
254.1042938232422	171.73110961914062	21.238473892211914	22.300395965576172
253.9418182373047	170.4155731201172	21.47146224975586	22.545034408569336
253.5411376953125	170.6820831298828	21.72028350830078	22.80629539489746
254.1928253173828	171.51339721679688	21.546463012695312	22.623783111572266
254.0845947265625	171.80770874023438	21.489612579345703	22.564088821411133
253.8712158203125	170.7841796875	21.366867065429688	22.43520736694336
254.90011596679688	172.11764526367188	21.132183074951172	22.188791275024414
254.44760131835938	172.55459594726562	20.861431121826172	21.90450096130371
254.0	169.0	22.0	23.0
254.1426239013672	171.7907257080078	21.78026580810547	22.770278930664062
254.1702423095703	172.3433837890625	21.649303436279297	22.633359909057617
253.2869415283203	172.07919311523438	21.403230667114258	22.376100540161133
254.0	169.0	22.0	22.0
254.0	169.0	22.0	22.0
252.95901489257812	172.74069213867188	21.933624267578125	21.933624267578125
253.3984832763672	172.46096801757812	22.009328842163086	22.009328842163086
253.0	169.0	23.0	23.0
252.0012969970703	171.70220947265625	22.730649948120117	22.730649948120117
252.50509643554688	171.5694122314453	22.943153381347656	22.943153381347656
252.3302459716797	171.87258911132812	22.812360763549805	22.812360763549805
252.62387084960938	171.69956970214844	22.881118774414062	22.881118774414062
252.4134979248047	172.7537384033203	22.93296241760254	22.93296241760254
252.3544921875	172.23391723632812	22.6219539642334	22.6219539642334
252.08853149414062	171.57040405273438	22.995895385742188	22.995895385742188
252.0	169.0	24.0	25.0
252.0	169.0	24.0	24.0
252.16513061523438	171.4712371826172	23.66411590576172	23.66411590576172
251.5680389404297	172.38504028320312	23.497356414794922	23.497356414794922
252.6428985595703	171.95079040527344	23.23336410522461	23.23336410522461
251.1464080810547	171.9512481689453	22.993499755859375	22.993499755859375
251.9263916015625	172.18417358398438	23.066932678222656	23.066932678222656
252.0	169.0	24.0	24.0
251.76577758789062	171.24966430664062	23.77387046813965	23.77387046813965
252.0	170.0	25.0	24.0
253.0	170.0	23.0	23.0
252.53366088867188	171.82833862304688	23.16629981994629	23.16629981994629
252.0	170.0	25.0	24.0
252.0	170.0	25.0	24.0
251.413330078125	171.7698974609375	24.887271881103516	23.891780853271484
251.0	170.0	25.0	23.0
251.0	170.0	25.0	24.0
250.99551391601562	171.90647888183594	24.701221466064453	23.713171005249023
250.3731689453125	172.50473022460938	25.01214027404785	24.011653900146484
251.1667938232422	172.1278533935547	24.966487884521484	23.96782875061035
249.37954711914062	172.91737365722656	24.68865203857422	23.701107025146484
249.9755859375	172.5600128173828	24.37570571899414	23.400676727294922
251.0944366455078	172.06063842773438	24.12480926513672	23.15981674194336
252.15322875976562	171.3576202392578	23.95707130432129	22.998788833618164
252.31515502929688	170.00460815429688	24.378416061401367	23.403278350830078
253.0059051513672	165.92922973632812	24.113506317138672	23.14896583557129
270.0	149.0	22.0	22.0
270.0	150.0	22.0	22.0
271.8257751464844	148.66964721679688	22.25107192993164	22.25107192993164
267.40179443359375	149.42474365234375	22.542882919311523	22.542882919311523
269.34564208984375	152.0453338623047	22.614696502685547	22.614696502685547
249.0	169.0	27.0	29.0
249.9444580078125	170.66262817382812	26.30864906311035	28.257436752319336
249.75686645507812	169.02523803710938	26.620426177978516	28.592309951782227
249.4345703125	169.97039794921875	26.302515029907227	28.2508487701416
248.714599609375	170.25604248046875	26.111398696899414	28.045574188232422
249.83145141601562	170.35963439941406	26.11017417907715	28.04425621032715
250.0	170.0	25.0	25.0
249.8041229248047	169.3025360107422	25.212514877319336	25.212514877319336
249.97647094726562	170.2181854248047	24.824155807495117	24.824155807495117
251.5248260498047	169.02928161621094	23.937257766723633	23.937257766723633
249.0	171.0	22.0	20.0
250.18472290039062	171.62152099609375	22.043075561523438	20.039159774780273
252.6453399658203	171.8465118408203	22.328685760498047	20.298803329467773
252.38565063476562	171.27627563476562	22.06739616394043	20.061267852783203
252.86459350585938	172.18191528320312	21.99129867553711	19.992088317871094
253.1547393798828	171.7525634765625	21.893714904785156	19.90337562561035
253.42813110351562	172.61532592773438	22.007986068725586	20.007259368896484
253.6506805419922	172.4758758544922	22.11555290222168	20.10504913330078
253.38992309570312	171.0605010986328	21.93527603149414	19.941160202026367
253.29403686523438	172.3404998779297	22.041786193847656	20.037986755371094
253.53353881835938	172.03807067871094	22.539613723754883	20.490558624267578
253.40817260742188	171.93197631835938	22.844377517700195	20.767616271972656
253.184326171875	171.74404907226562	23.21915626525879	21.10832405090332
252.824951171875	171.1824951171875	23.549213409423828	21.408374786376953
252.6505584716797	172.49241638183594	23.677349090576172	21.524860382080078
251.90591430664062	171.17633056640625	23.954111099243164	21.77646255493164
248.9192352294922	173.83633422851562	23.607690811157227	21.461532592773438
248.0	173.0	24.0	27.0
249.0	173.0	19.0	19.0
248.2897186279297	173.10186767578125	19.054080963134766	19.054080963134766
236.33688354492188	165.64779663085938	19.245162963867188	19.245162963867188
233.5356903076172	167.14041137695312	19.4804744720459	19.4804744720459
226.7726287841797	168.4135284423828	19.388370513916016	19.388370513916016
228.33126831054688	172.07388305664062	19.598722457885742	19.598722457885742
225.2669677734375	173.31227111816406	19.522062301635742	19.522062301635742
200.0	158.0	23.0	21.0
186.0	157.0	19.0	18.0
185.82736206054688	155.89511108398438	19.03558921813965	18.033716201782227
185.02940368652344	156.42318725585938	19.241104125976562	18.228412628173828
185.27633666992188	156.62379455566406	19.494312286376953	18.468292236328125
185.28009033203125	156.10780334472656	19.358203887939453	18.33934783935547
184.72323608398438	157.30633544921875	19.388410568237305	18.367961883544922
184.0	156.0	18.0	18.0
183.0	157.0	19.0	18.0
183.0	157.0	19.0	18.0
184.02781677246094	156.9634246826172	19.291584014892578	18.2762393951416
184.0	158.0	17.0	16.0
185.36953735351562	158.06260681152344	17.39724349975586	16.373876571655273
184.73501586914062	158.406005859375	17.63099479675293	16.5938777923584
184.41622924804688	157.88900756835938	17.859960556030273	16.809375762939453
184.0	158.0	17.0	16.0
183.0	158.0	19.0	16.0
183.37017822265625	158.12388610839844	18.811548233032227	15.841302871704102
183.18910217285156	158.4589080810547	18.705501556396484	15.75200080871582
183.0	158.0	19.0	17.0
183.3533172607422	157.7720489501953	18.943782806396484	16.94969940185547
182.6985626220703	157.78231811523438	18.825599670410156	16.843955993652344
182.0	158.0	20.0	17.0
183.0	158.0	18.0	16.0
182.0	158.0	19.0	17.0
183.0	158.0	19.0	16.0
182.0	157.0	19.0	18.0
183.0	157.0	18.0	19.0
183.0	158.0	18.0	16.0
183.65231323242188	157.7440643310547	18.486064910888672	16.432058334350586
183.29795837402344	157.0828094482422	18.388187408447266	16.345056533813477
183.89527893066406	157.77906799316406	18.817541122436523	16.726703643798828
184.2658233642578	157.611328125	18.860301971435547	16.764713287353516
183.4070587158203	157.84951782226562	18.843334197998047	16.749631881713867
183.64346313476562	157.58168029785156	18.992250442504883	16.882001876831055
183.58804321289062	157.35630798339844	19.238750457763672	17.10111427307129
183.81898498535156	157.67202758789062	19.35770606994629	17.20685386657715
183.13143920898438	157.78341674804688	19.324703216552734	17.17751693725586
183.04525756835938	157.97862243652344	19.605213165283203	17.426860809326172
182.59059143066406	158.21951293945312	19.298343658447266	17.154088973999023
183.0	158.0	19.0	18.0
184.0	158.0	17.0	16.0
182.0	157.0	20.0	18.0
183.0	158.0	18.0	17.0
183.0	158.0	18.0	16.0
183.4290313720703	158.86940002441406	17.976329803466797	15.978962898254395
182.92080688476562	158.92318725585938	18.011974334716797	16.01064682006836
182.89303588867188	159.03671264648438	18.044601440429688	16.039648056030273
184.0	158.0	18.0	18.0
183.0	158.0	18.0	16.0
183.0	158.0	19.0	17.0
183.1092529296875	158.0217742919922	19.011449813842773	17.01024627685547
182.59866333007812	158.70761108398438	18.855724334716797	16.870912551879883
181.85366821289062	158.71737670898438	18.977724075317383	16.980070114135742
181.90408325195312	158.86697387695312	18.912723541259766	16.92190933227539
181.61123657226562	159.1029815673828	18.89402961730957	16.905183792114258
181.2386932373047	159.5967254638672	18.83806610107422	16.855112075805664
180.74081420898438	159.988037109375	18.557153701782227	16.60376739501953
180.22683715820312	159.87570190429688	18.621978759765625	16.66176986694336
179.89044189453125	159.0494384765625	18.496538162231445	16.549531936645508
179.80287170410156	159.604248046875	18.65970230102539	16.69552230834961
179.88064575195312	159.90818786621094	18.5180606842041	16.568790435791016
178.98199462890625	160.00100708007812	18.513370513916016	16.564592361450195
178.58432006835938	159.7586212158203	18.4418888092041	16.500635147094727
181.6260986328125	159.46902465820312	18.375255584716797	16.441015243530273
187.16183471679688	156.2383575439453	18.31928253173828	16.390933990478516
188.32037353515625	155.62820434570312	15.189224243164062	13.672579765319824
188.65802001953125	155.26394653320312	13.20307731628418	11.825160026550293
188.837890625	154.95489501953125	10.88129997253418	9.881787300109863
188.40188598632812	155.59634399414062	7.413032531738281	6.944622993469238
182.375244140625	159.53128051757812	5.957027435302734	3.9949982166290283
172.64431762695312	164.02230834960938	3.979175567626953	1.3271610736846924
164.1620635986328	168.65975952148438	2.4759788513183594	-0.6956202983856201
178.11814880371094	174.64044189453125	9.896246910095215	2.892686128616333
189.048583984375	177.8250732421875	13.013581275939941	4.474686622619629
182.28009033203125	179.80328369140625	7.892629623413086	3.0315372943878174
171.96620178222656	184.9604034423828	6.677438735961914	1.9295399188995361
164.38848876953125	188.2034149169922	7.197288513183594	2.2380917072296143
171.36709594726562	192.16012573242188	13.859895706176758	6.4560651779174805
168.39468383789062	193.38150024414062	12.707107543945312	7.811091423034668
160.41647338867188	196.50732421875	11.191495895385742	8.927969932556152
154.7026824951172	199.14678955078125	10.909491539001465	9.952885627746582
151.0118408203125	200.53262329101562	10.549100875854492	11.402287483215332
148.3722381591797	201.31259155273438	10.101572036743164	12.960877418518066
146.504150390625	201.80963134765625	9.667637825012207	14.438969612121582
145.1173858642578	202.04212951660156	9.366104125976562	15.866543769836426
143.932373046875	201.98117065429688	9.242542266845703	17.316755294799805
142.76834106445312	201.6561737060547	9.215498924255371	18.792762756347656
141.51400756835938	201.18194580078125	9.069297790527344	20.202468872070312
183.0	159.0	18.0	16.0
183.0	159.0	18.0	16.0
183.0	159.0	18.0	17.0
183.0	159.0	18.0	16.0
183.0	159.0	18.0	15.0
182.1317138671875	159.5314178466797	18.087026596069336	15.07252311706543
182.806884765625	159.3617706298828	17.950550079345703	14.958795547485352
182.0	159.0	19.0	16.0
182.0	159.0	19.0	16.0
183.0	159.0	17.0	16.0
183.3987274169922	159.32797241210938	17.04254722595215	16.0400447845459
183.0	159.0	18.0	16.0
184.17416381835938	159.27774047851562	18.127443313598633	16.113283157348633
184.9237518310547	159.3046417236328	18.0769100189209	16.0683650970459
269.0	151.0	20.0	21.0
184.0	159.0	17.0	14.0
185.60946655273438	159.07167053222656	17.255268096923828	14.210222244262695
183.0	158.0	20.0	18.0
182.3165283203125	158.01644897460938	20.207592010498047	18.18683433532715
183.99490356445312	158.3709716796875	20.275714874267578	18.248144149780273
183.39361572265625	159.1239471435547	20.11770248413086	18.105934143066406
184.89234924316406	158.90650939941406	20.097061157226562	18.087356567382812
186.04714965820312	159.54043579101562	20.26097869873047	18.234882354736328
187.6845245361328	159.2678985595703	20.22321128845215	18.20089340209961
207.0	161.0	18.0	17.0
211.0	159.0	19.0	19.0
213.0	158.0	21.0	20.0
216.33657836914062	160.97500610351562	20.957666397094727	19.95968246459961
202.0	161.0	17.0	14.0
205.0	161.0	18.0	15.0
209.37435913085938	160.6953582763672	17.879098892211914	14.899249076843262
214.3213653564453	160.7191619873047	17.48280143737793	14.569002151489258
216.72518920898438	161.87368774414062	17.442916870117188	14.53576374053955
221.66311645507812	161.57936096191406	17.10330581665039	14.252752304077148
228.03543090820312	161.7253875732422	17.03660774230957	14.197169303894043
232.781982421875	161.2852325439453	17.170116424560547	14.308425903320312
240.6760711669922	161.00997924804688	17.055994033813477	14.213325500488281
246.4521026611328	161.68873596191406	17.04801368713379	14.20667552947998
252.69973754882812	161.46847534179688	17.094757080078125	14.245626449584961
258.37518310546875	160.53916931152344	17.254398345947266	14.378660202026367
263.3600158691406	160.8166046142578	17.318021774291992	14.431678771972656
269.79156494140625	160.19790649414062	17.464427947998047	14.553685188293457
276.04180908203125	160.10679626464844	17.49236297607422	14.57696533203125
281.698974609375	158.0355224609375	17.676010131835938	14.730005264282227
287.22955322265625	159.13999938964844	17.713014602661133	14.760843276977539
292.7962951660156	158.41665649414062	17.132516860961914	14.27709674835205
299.7041931152344	157.92959594726562	16.950307846069336	14.12525749206543
305.44921875	158.65762329101562	16.43349838256836	13.694581985473633
309.6654968261719	157.5177459716797	16.09647560119629	13.413729667663574
313.45428466796875	157.54115295410156	16.0024471282959	13.335372924804688
315.5657043457031	156.74342346191406	16.239730834960938	13.533109664916992
319.4866027832031	156.0874481201172	15.829327583312988	13.191106796264648
322.18072509765625	155.67591857910156	15.53454875946045	12.945457458496094
325.0108642578125	155.13571166992188	15.390301704406738	12.825250625610352
325.2115478515625	156.5201873779297	15.402900695800781	12.835748672485352
327.6772766113281	156.9219207763672	15.348360061645508	12.790297508239746
327.5159606933594	157.20562744140625	14.28628158569336	12.128209114074707
332.92547607421875	154.49957275390625	14.23298454284668	12.082963943481445
332.8324890136719	154.7726593017578	12.805099487304688	11.499611854553223
334.5749206542969	155.9183349609375	11.744813919067383	10.907742500305176
336.3106384277344	157.01925659179688	10.542341232299805	9.977204322814941
339.2693786621094	159.20858764648438	9.243915557861328	8.675187110900879
343.4820251464844	162.07369995117188	8.163436889648438	7.159920692443848
347.82989501953125	164.90426635742188	7.578073501586914	6.090867042541504
351.9079895019531	167.43426513671875	7.434061050415039	5.731320381164551
355.8068542480469	169.58663940429688	7.49798583984375	5.895276069641113
359.65472412109375	171.35903930664062	7.55738639831543	6.347638130187988
363.53570556640625	172.76034545898438	7.494873046875	6.926667213439941
