408.0	133.0	16.0	46.0
407.0	135.0	15.0	41.0
405.0	134.0	15.0	43.0
404.0	133.0	15.0	40.0
402.0	135.0	17.0	41.0
401.0	136.0	17.0	40.0
403.0	136.0	17.0	41.0
408.0	134.0	16.0	43.0
408.0	138.0	15.0	39.0
405.0	135.0	15.0	40.0
399.0	134.0	16.0	42.0
399.0	134.0	16.0	42.0
402.0	134.0	16.0	42.0
401.0	134.0	16.0	41.0
399.0	130.0	14.0	46.0
398.0	129.0	16.0	46.0
395.95849609375	129.16946411132812	15.497044563293457	44.55400085449219
394.49658203125	129.60964965820312	15.4134521484375	44.31367492675781
390.38458251953125	128.38540649414062	15.326777458190918	44.064483642578125
392.11090087890625	129.88357543945312	15.238612174987793	43.811012268066406
391.0	131.0	16.0	44.0
388.7052001953125	128.65982055664062	15.870834350585938	43.64479446411133
387.0838317871094	128.07498168945312	15.995550155639648	43.987762451171875
384.5071716308594	127.44270324707031	15.71699333190918	43.22172927856445
383.731201171875	128.09194946289062	15.605562210083008	42.91529083251953
382.2999572753906	127.83349609375	15.75092601776123	43.315040588378906
380.3400573730469	127.84553527832031	15.5448637008667	42.748374938964844
378.8377685546875	128.1016082763672	15.312128067016602	42.10835266113281
377.32135009765625	128.54409790039062	15.18963623046875	41.77150344848633
373.91082763671875	128.91879272460938	15.152259826660156	41.66872024536133
373.7351989746094	128.52987670898438	15.011083602905273	41.280487060546875
360.0	135.0	18.0	44.0
367.3563537597656	127.7227783203125	18.108173370361328	44.26441955566406
366.55792236328125	127.20588684082031	18.08490562438965	44.207542419433594
354.0	135.0	18.0	44.0
362.9623718261719	129.90878295898438	17.805965423583984	43.52569580078125
351.0	135.0	17.0	43.0
360.2699279785156	129.09849548339844	16.907228469848633	42.765342712402344
359.0227355957031	128.20101928710938	16.96160316467285	42.90287780761719
358.6138916015625	128.77981567382812	16.895633697509766	42.73601150512695
356.4737854003906	128.80990600585938	17.027759552001953	43.07020568847656
342.0	136.0	18.0	43.0
343.0	136.0	16.0	42.0
340.0	136.0	16.0	41.0
333.0	136.0	19.0	39.0
332.0	137.0	19.0	41.0
332.0	138.0	18.0	39.0
331.0	138.0	17.0	40.0
329.0	140.0	18.0	37.0
330.0	137.0	16.0	42.0
329.0	137.0	16.0	42.0
329.0	138.0	15.0	41.0
328.0	137.0	14.0	40.0
328.0	137.0	15.0	42.0
325.0	135.0	17.0	45.0
325.0	137.0	15.0	41.0
324.0	137.0	15.0	41.0
321.0	136.0	17.0	47.0
318.0	136.0	20.0	47.0
316.0	136.0	21.0	46.0
316.2945861816406	135.41275024414062	20.805809020996094	45.57462692260742
314.0	137.0	21.0	46.0
313.28912353515625	136.45233154296875	20.760961532592773	45.47638702392578
311.028564453125	135.17855834960938	20.97658348083496	45.94870376586914
318.0	138.0	19.0	44.0
315.75067138671875	135.65206909179688	19.25084686279297	44.580909729003906
314.0	136.0	21.0	47.0
311.88165283203125	137.112060546875	20.570926666259766	46.03969192504883
304.2234802246094	136.1543731689453	20.147151947021484	45.091243743896484
303.0	137.0	16.0	49.0
315.6607971191406	133.55450439453125	16.010055541992188	49.030799865722656
315.23663330078125	133.68565368652344	16.078449249267578	49.24025344848633
315.05694580078125	130.84060668945312	15.741230964660645	48.20751953125
313.0	135.0	20.0	46.0
313.0	137.0	19.0	43.0
309.0523376464844	135.08937072753906	19.482013702392578	44.09086990356445
308.1840515136719	136.43505859375	19.800378799438477	44.81138229370117
305.2784118652344	137.30844116210938	19.903738021850586	45.0452995300293
299.6111145019531	137.6488494873047	20.02039337158203	45.309303283691406
290.0	139.0	24.0	48.0
287.0	141.0	18.0	44.0
285.60467529296875	139.6422576904297	18.168907165527344	44.41288375854492
284.0	138.0	16.0	47.0
283.0	137.0	16.0	50.0
280.94512939453125	137.35044860839844	16.024333953857422	50.076045989990234
278.50390625	137.6633758544922	16.023868560791016	50.07459259033203
277.21246337890625	140.03158569335938	15.75187873840332	49.2246208190918
270.0	141.0	27.0	45.0
272.0	140.0	20.0	45.0
270.77386474609375	141.90371704101562	20.126108169555664	45.28374099731445
269.9266052246094	140.52716064453125	20.009370803833008	45.021080017089844
268.8030700683594	139.7162322998047	20.06147003173828	45.13829803466797
268.96868896484375	139.0235137939453	20.134334564208984	45.302242279052734
268.1777038574219	139.8079071044922	19.92293357849121	44.82658767700195
268.16986083984375	139.080078125	19.792369842529297	44.53281784057617
265.3612060546875	138.7961883544922	19.911060333251953	44.799869537353516
262.99456787109375	139.5685577392578	20.223434448242188	45.502708435058594
260.31488037109375	138.9441375732422	20.06345558166504	45.142757415771484
259.0	139.0	18.0	50.0
258.0	140.0	19.0	49.0
255.0	141.0	22.0	51.0
256.0	141.0	19.0	49.0
252.0	142.0	21.0	49.0
271.0	138.0	21.0	42.0
250.0	140.0	22.0	52.0
249.0	143.0	21.0	47.0
248.0	139.0	19.0	49.0
248.0	136.0	18.0	52.0
246.0	140.0	17.0	48.0
244.0	139.0	19.0	52.0
243.19644165039062	139.14944458007812	19.088605880737305	52.24250030517578
243.0	139.0	17.0	50.0
242.0	141.0	17.0	45.0
241.0	140.0	18.0	48.0
239.0	140.0	19.0	47.0
238.0	140.0	19.0	49.0
236.0	141.0	19.0	49.0
233.8096923828125	140.01223754882812	19.142290115356445	49.36695861816406
232.0	141.0	18.0	46.0
231.0	140.0	17.0	44.0
230.0	140.0	18.0	46.0
228.0	140.0	17.0	46.0
226.0	143.0	16.0	44.0
224.0	142.0	17.0	46.0
223.0	143.0	17.0	44.0
224.0	143.0	16.0	44.0
222.0	143.0	17.0	44.0
220.0	144.0	17.0	43.0
221.0	144.0	15.0	41.0
217.0	144.0	18.0	42.0
218.0	144.0	15.0	41.0
213.2404022216797	142.577880859375	15.158846855163574	41.434181213378906
212.3567352294922	142.16232299804688	15.1202974319458	41.32881164550781
211.4993438720703	141.95840454101562	15.095808029174805	41.261878967285156
210.0095977783203	142.3308563232422	15.083020210266113	41.226924896240234
224.0	141.0	15.0	44.0
210.0	143.0	14.0	37.0
222.0	141.0	13.0	43.0
205.95779418945312	139.1062469482422	13.275873184204102	43.912498474121094
205.0	140.0	14.0	43.0
203.55410766601562	141.6088409423828	13.860400199890137	42.57122802734375
202.0	143.0	14.0	38.0
201.2545623779297	141.71939086914062	14.289894104003906	38.78685760498047
199.1216583251953	141.79818725585938	14.437261581420898	39.186859130859375
198.22596740722656	142.37979125976562	14.433706283569336	39.177207946777344
196.23997497558594	142.47802734375	14.367670059204102	38.99796676635742
194.7657012939453	143.3685302734375	14.539072036743164	39.463199615478516
193.0	141.0	17.0	43.0
191.60934448242188	140.88368225097656	16.750064849853516	42.36781692504883
189.80003356933594	142.6623992919922	16.66229248046875	42.14580535888672
188.706787109375	141.41294860839844	16.627300262451172	42.05729293823242
185.0	143.0	20.0	45.0
184.27467346191406	141.08132934570312	19.951004028320312	44.88975524902344
183.04385375976562	141.49624633789062	19.97092628479004	44.93457794189453
181.49462890625	142.68751525878906	19.75678062438965	44.45275115966797
178.76492309570312	141.88148498535156	19.529224395751953	43.94075012207031
177.8828125	143.68923950195312	19.453144073486328	43.76957321166992
176.74258422851562	142.57444763183594	19.642982482910156	44.19670867919922
173.88467407226562	143.31556701660156	19.644277572631836	44.199623107910156
172.9715118408203	143.04415893554688	19.554412841796875	43.99742889404297
172.0	147.0	17.0	41.0
170.95541381835938	143.92666625976562	17.30158042907715	41.72733688354492
170.4369354248047	143.2753143310547	17.167509078979492	41.40398406982422
169.42376708984375	142.7600555419922	17.29561424255371	41.71294403076172
168.55294799804688	142.64340209960938	17.692424774169922	42.669960021972656
167.51683044433594	143.2270050048828	17.34501075744629	41.83208084106445
165.2604522705078	143.61019897460938	17.23270034790039	41.561214447021484
164.65542602539062	144.4539031982422	16.79556655883789	40.50695037841797
162.8345489501953	144.83694458007812	16.774953842163086	40.457237243652344
161.47927856445312	144.63726806640625	16.767093658447266	40.43827819824219
159.60369873046875	144.385009765625	17.200517654418945	41.48359680175781
158.40151977539062	144.78591918945312	17.136919021606445	41.33021545410156
159.0	147.0	13.0	34.0
158.00491333007812	146.63754272460938	13.259262084960938	34.678070068359375
156.61141967773438	146.60731506347656	13.130716323852539	34.34186935424805
154.5027313232422	147.65951538085938	13.350346565246582	34.916290283203125
154.0	148.0	15.0	36.0
151.81271362304688	145.26498413085938	15.08715534210205	36.20917510986328
149.0	149.0	17.0	41.0
146.0	150.0	18.0	39.0
145.0	149.0	17.0	41.0
143.0	149.0	18.0	42.0
144.0	150.0	16.0	38.0
141.0	148.0	16.0	40.0
141.0	149.0	16.0	40.0
139.0	150.0	18.0	40.0
142.0	149.0	14.0	39.0
140.0	148.0	15.0	41.0
139.0	149.0	14.0	39.0
136.2948760986328	148.1746826171875	13.906333923339844	38.73906707763672
136.0	148.0	15.0	40.0
133.1334991455078	146.81700134277344	15.141210556030273	40.376564025878906
134.0	148.0	15.0	43.0
131.0	148.0	15.0	44.0
128.0	147.0	18.0	47.0
127.1738052368164	148.74966430664062	15.87927532196045	44.486995697021484
125.4762954711914	148.74571228027344	16.066303253173828	45.0109748840332
123.0	146.0	21.0	49.0
121.0	150.0	19.0	44.0
120.18379974365234	149.51608276367188	19.2291316986084	44.53062057495117
120.0	151.0	16.0	43.0
119.0	150.0	16.0	43.0
117.48234558105469	148.9104766845703	15.617471694946289	41.971954345703125
116.0	150.0	18.0	44.0
112.20267486572266	150.7467803955078	17.960529327392578	43.90351867675781
114.0	152.0	17.0	40.0
113.0	152.0	17.0	41.0
112.0	150.0	16.0	45.0
108.88133239746094	150.06478881835938	15.997945785522461	44.994224548339844
108.08824157714844	148.8175048828125	16.02884292602539	45.081119537353516
107.995361328125	150.83120727539062	16.013559341430664	45.03813171386719
108.44096374511719	148.46206665039062	15.985467910766602	44.95912551879883
118.0	150.0	22.0	40.0
115.0	150.0	22.0	40.0
115.0	152.0	19.0	35.0
114.0	148.0	23.0	39.0
110.0	142.0	23.0	44.0
110.0	144.0	22.0	42.0
110.77349853515625	145.0438995361328	21.968326568603516	41.93953323364258
109.0	146.0	18.0	43.0
108.0	147.0	17.0	43.0
108.0	147.0	15.0	43.0
107.0	146.0	15.0	43.0
100.0	142.0	19.0	44.0
102.8409194946289	144.02037048339844	18.721351623535156	43.354705810546875
105.97621154785156	140.70431518554688	18.738813400268555	43.3951416015625
113.15309143066406	145.30357360839844	18.668970108032227	43.233402252197266
113.38326263427734	146.02427673339844	18.538976669311523	42.932369232177734
112.64927673339844	145.95956420898438	18.487794876098633	42.8138427734375
111.6656494140625	142.17495727539062	18.232275009155273	42.22211456298828
110.0753173828125	132.6904296875	18.153043746948242	42.038631439208984
99.39675903320312	110.9548110961914	18.185009002685547	42.11265182495117
85.64178466796875	103.86241149902344	18.061214447021484	41.825965881347656
81.47264099121094	103.18570709228516	17.99321937561035	41.66850280761719
67.0	149.0	21.0	46.0
68.0	150.0	20.0	47.0
67.0	156.0	22.0	41.0
68.0	156.0	19.0	40.0
66.0	146.0	21.0	50.0
70.0	155.0	20.0	44.0
63.621681213378906	153.3259735107422	19.880413055419922	43.736915588378906
61.693695068359375	152.2085418701172	20.181604385375977	44.3995361328125
64.0	153.0	17.0	44.0
62.0	150.0	17.0	47.0
61.0	152.0	18.0	46.0
66.0	154.0	22.0	43.0
54.6945915222168	153.1608123779297	21.82652473449707	42.66093444824219
51.9632682800293	154.16261291503906	21.735740661621094	42.483497619628906
50.7383918762207	154.12353515625	22.110023498535156	43.215049743652344
49.1563720703125	154.834228515625	22.29385757446289	43.57435989379883
49.18745803833008	155.1450653076172	22.323299407958984	43.63190460205078
47.62308120727539	154.7138214111328	22.338703155517578	43.662010192871094
48.0	155.0	15.0	43.0
47.12525177001953	155.12057495117188	15.141011238098145	43.404232025146484
46.35321807861328	154.20065307617188	15.347505569458008	43.996185302734375
45.624847412109375	154.01181030273438	15.3118896484375	43.89408493041992
42.725563049316406	153.97384643554688	15.466772079467773	44.33808517456055
51.0	153.0	26.0	43.0
40.0	154.0	16.0	44.0
38.0823860168457	153.62680053710938	16.12761878967285	44.3509521484375
36.244384765625	152.707763671875	16.267440795898438	44.73546600341797
33.0	156.0	22.0	41.0
32.76820373535156	156.5478057861328	21.97428321838379	40.95207595825195
31.0	156.0	23.0	42.0
31.011478424072266	156.17935180664062	23.08962059020996	42.163658142089844
28.91579246520996	156.01625061035156	22.897506713867188	41.81283950805664
29.0	155.0	17.0	42.0
30.304834365844727	155.46713256835938	16.658897399902344	41.15727615356445
29.0	155.0	16.0	43.0
27.0	154.0	17.0	40.0
26.30398941040039	153.8166046142578	16.910707473754883	39.78989791870117
25.432788848876953	155.56094360351562	17.029937744140625	40.070438385009766
23.0	153.0	16.0	43.0
20.611780166625977	153.27142333984375	16.113872528076172	43.30603790283203
19.34674072265625	154.52194213867188	16.130783081054688	43.35148239135742
17.355878829956055	153.99374389648438	16.204883575439453	43.550621032714844
17.082767486572266	154.55990600585938	16.159481048583984	43.4286003112793
15.0	155.0	18.0	43.0
13.652519226074219	155.5806884765625	17.921072006225586	42.81144714355469
11.975915908813477	156.04275512695312	18.034452438354492	43.082305908203125
13.0	154.0	15.0	44.0
12.113046646118164	154.84762573242188	15.207796096801758	44.609535217285156
11.047330856323242	154.05899047851562	15.345149040222168	45.0124397277832
8.488458633422852	154.18820190429688	15.371315002441406	45.089195251464844
7.0	154.0	16.0	45.0
4.0	154.0	17.0	45.0
3.0	154.0	17.0	44.0
2.0	154.0	17.0	45.0
1.0	156.0	18.0	43.0
1.0	155.0	18.0	44.0
1.0	154.0	19.0	46.0
0.0	155.0	23.0	45.0
0.0	155.0	19.0	45.0
6.0	151.0	20.0	46.0
5.0	150.0	20.0	46.0
3.2249367237091064	150.23992919921875	20.316837310791016	46.728729248046875
3.0	152.0	22.0	41.0
0.8926118612289429	152.62844848632812	22.277446746826172	41.51706314086914
3.0	155.0	22.0	37.0
2.0	153.0	23.0	40.0
