210.0	32.0	99.0	134.0
210.0	32.0	99.0	132.0
211.0	31.0	98.0	134.0
208.0	27.0	99.0	135.0
205.0	22.0	99.0	136.0
204.0	20.0	99.0	133.0
202.0	19.0	99.0	133.0
201.0	11.0	98.0	138.0
201.0	6.0	95.0	143.0
200.0	3.0	97.0	136.0
192.0	3.0	103.0	142.0
190.0	11.0	96.0	143.0
191.0	8.0	93.0	142.0
197.0	6.0	102.0	145.0
191.0	5.0	130.0	159.0
189.0	9.0	127.0	158.0
200.0	15.0	128.0	171.0
206.0	18.0	132.0	152.0
181.0	25.0	159.0	165.0
178.0	41.0	164.0	157.0
186.0	60.0	164.0	140.0
188.0	86.0	159.0	114.0
188.0	92.0	163.0	114.0
184.0	97.0	172.0	130.0
187.0	101.0	166.0	127.0
179.0	110.0	174.0	133.0
178.0	110.0	171.0	141.0
180.0	110.0	173.0	149.0
188.0	114.0	162.0	149.0
184.0	117.0	171.0	151.0
184.0	114.0	173.0	155.0
190.0	118.0	168.0	152.0
192.0	123.0	167.0	149.0
192.0	130.0	168.0	142.0
192.0	127.0	170.0	145.0
190.0	134.0	173.0	137.0
203.0	136.0	147.0	136.0
192.0	137.0	166.0	133.0
203.0	139.0	154.0	132.0
203.0	139.0	153.0	133.0
202.0	142.0	160.0	130.0
206.0	138.0	173.0	133.0
210.0	144.0	175.0	126.0
209.0	145.0	181.0	125.0
206.0	143.0	168.0	127.0
195.0	142.0	173.0	128.0
193.0	139.0	158.0	131.0
192.0	137.0	167.0	134.0
190.0	136.0	172.0	135.0
187.0	137.0	167.0	133.0
182.0	136.0	171.0	135.0
176.0	137.0	170.0	135.0
170.0	141.0	171.0	131.0
192.0	143.0	136.0	128.0
175.0	141.0	162.0	130.0
180.0	138.0	159.0	132.0
185.0	135.0	156.0	134.0
188.0	129.0	155.0	141.0
195.0	124.0	149.0	141.0
189.0	122.0	157.0	146.0
189.0	120.0	156.0	146.0
191.0	113.0	157.0	152.0
192.0	113.0	154.0	148.0
194.0	112.0	155.0	156.0
196.0	112.0	156.0	154.0
198.0	111.0	156.0	155.0
199.0	110.0	157.0	154.0
200.0	110.0	158.0	158.0
202.0	110.0	157.0	158.0
206.0	107.0	157.0	156.0
205.0	105.0	160.0	158.0
209.0	105.0	157.0	158.0
207.0	104.0	160.0	163.0
210.0	104.0	157.0	161.0
213.0	104.0	154.0	161.0
216.0	104.0	152.0	161.0
213.0	106.0	153.0	158.0
218.0	103.0	151.0	160.0
218.0	103.0	153.0	161.0
220.0	102.0	150.0	162.0
222.0	102.0	148.0	160.0
246.0	103.0	109.0	131.0
247.0	103.0	107.0	132.0
244.0	102.0	111.0	134.0
225.0	103.0	141.0	157.0
222.0	103.0	143.0	158.0
220.0	101.0	147.0	160.0
239.0	102.0	120.0	135.0
232.0	96.0	135.0	144.0
232.0	99.0	134.0	143.0
228.0	106.0	139.0	157.0
231.0	107.0	135.0	155.0
233.0	105.0	125.0	154.0
234.0	106.0	118.0	152.0
236.0	106.0	124.0	153.0
237.0	106.0	127.0	153.0
238.0	108.0	124.0	151.0
234.0	107.0	127.0	151.0
228.0	103.0	132.0	156.0
220.0	103.0	141.0	157.0
219.0	103.0	139.0	157.0
227.0	109.0	111.0	146.0
221.0	103.0	130.0	155.0
220.0	105.0	125.0	153.0
228.0	108.0	109.0	145.0
228.0	109.0	108.0	144.0
227.0	110.0	106.0	142.0
227.0	111.0	103.0	141.0
226.0	110.0	105.0	142.0
226.0	109.0	105.0	142.0
226.0	110.0	105.0	141.0
227.0	110.0	104.0	141.0
225.0	110.0	103.0	140.0
227.0	111.0	103.0	140.0
227.0	112.0	102.0	140.0
226.0	114.0	104.0	143.0
224.0	116.0	103.0	141.0
225.0	117.0	105.0	139.0
220.0	118.0	109.0	142.0
221.0	120.0	106.0	140.0
221.0	121.0	102.0	139.0
220.0	120.0	105.0	139.0
220.0	122.0	102.0	138.0
220.0	123.0	104.0	136.0
219.0	123.0	107.0	135.0
218.0	124.0	105.0	137.0
219.0	125.0	102.0	136.0
207.0	122.0	133.0	143.0
219.0	125.0	100.0	135.0
218.0	125.0	101.0	136.0
216.0	124.0	106.0	137.0
218.0	124.0	101.0	135.0
217.0	124.0	104.0	135.0
214.0	124.0	107.0	138.0
207.0	126.0	114.0	140.0
214.0	127.0	105.0	129.0
212.0	126.0	111.0	126.0
218.0	124.0	109.0	120.0
212.14990234375	160.772705078125	107.8446044921875	118.72801208496094
228.7841033935547	126.88426208496094	107.44255065917969	118.2853775024414
231.3797607421875	117.18994140625	106.6285400390625	117.38920593261719
237.4832305908203	114.34855651855469	104.76436614990234	115.3369140625
245.02700805664062	109.8093490600586	104.7140884399414	115.28155517578125
249.8040008544922	164.4805908203125	104.41194152832031	114.94891357421875
289.8699951171875	168.29832458496094	103.1905288696289	113.604248046875
280.9949035644531	159.83169555664062	102.75386810302734	113.1235122680664
264.99517822265625	141.5573272705078	101.93376159667969	112.22062683105469
222.3126678466797	156.5013885498047	101.6244125366211	111.88006591796875
232.41036987304688	165.97842407226562	100.47362518310547	110.6131362915039
235.7271270751953	159.95419311523438	100.13016510009766	110.2350082397461
247.7754669189453	158.8413848876953	101.46282958984375	111.70216369628906
210.23403930664062	167.29779052734375	101.29469299316406	111.51705169677734
206.0456085205078	164.9702911376953	101.3447036743164	111.57210540771484
227.3479766845703	150.12030029296875	100.80522918701172	110.97818756103516
185.2459259033203	160.4644317626953	99.63352966308594	109.688232421875
251.82333374023438	134.95034790039062	99.24578857421875	109.26136779785156
250.348388671875	122.43620300292969	98.49723052978516	108.43727111816406
248.9974365234375	109.43208312988281	97.23194885253906	107.04429626464844
261.9696350097656	119.85188293457031	95.78446960449219	105.45074462890625
268.00103759765625	116.02592468261719	93.73728942871094	103.19697570800781
253.03512573242188	111.90888977050781	92.82039642333984	102.18756103515625
263.641357421875	119.29475402832031	92.39644622802734	101.72084045410156
280.9320068359375	127.72755432128906	90.73870849609375	99.89581298828125
278.9422912597656	132.00357055664062	90.33937072753906	99.4561767578125
282.16571044921875	123.15415954589844	90.29460144042969	99.40689086914062
280.2005615234375	107.85676574707031	90.65573120117188	99.80445861816406
327.50616455078125	113.87037658691406	91.45088958740234	100.67986297607422
339.83380126953125	126.85079193115234	90.32896423339844	99.44471740722656
259.54315185546875	126.655029296875	90.23868560791016	99.34532928466797
270.9740905761719	126.86845397949219	90.16030883789062	99.25904846191406
246.4027099609375	106.8814926147461	89.08881378173828	98.07942199707031
260.6044006347656	112.30615234375	88.7123794555664	97.66499328613281
279.8092041015625	111.9731216430664	87.41438293457031	96.23600769042969
299.40533447265625	43.89577865600586	87.42610168457031	96.24891662597656
191.0	0.0	57.0	59.0
192.0	0.0	51.0	61.0
191.83059692382812	2.0377261638641357	51.30617141723633	61.3661994934082
193.4781951904297	0.7687419652938843	50.256134033203125	60.11027145385742
193.0081329345703	0.8272300958633423	50.279815673828125	60.13859939575195
193.0	0.0	51.0	61.0
191.9497528076172	0.4463157653808594	51.0650749206543	61.07783889770508
192.93960571289062	2.7852330207824707	51.01761245727539	61.02106857299805
192.88314819335938	3.1528148651123047	50.438255310058594	60.3281135559082
193.0	0.0	47.0	60.0
196.08709716796875	2.1989455223083496	47.01591110229492	60.02031707763672
195.23843383789062	1.9197849035263062	47.804931640625	61.02758026123047
234.0	0.0	104.0	60.0
192.0	0.0	147.0	62.0
207.59848022460938	16.410350799560547	149.21127319335938	51.50621032714844
191.0	0.0	147.0	62.0
201.18191528320312	2.8461360931396484	147.58865356445312	62.248268127441406
205.77273559570312	6.080852508544922	147.55059814453125	62.232215881347656
209.38943481445312	13.941679000854492	165.59814453125	65.99349212646484
197.5902557373047	7.180950164794922	162.537353515625	64.77371978759766
201.83694458007812	6.026598930358887	163.09141540527344	64.99452209472656
203.96778869628906	8.722697257995605	164.45999145507812	65.53990936279297
208.4556427001953	5.6297407150268555	166.5987091064453	66.3922119140625
207.56784057617188	4.279112815856934	169.2857208251953	67.46302795410156
201.9426727294922	5.999945640563965	170.44729614257812	67.92593383789062
203.15249633789062	5.694514274597168	170.67977905273438	68.01859283447266
205.5376434326172	5.2523512840271	171.33328247070312	68.2790298461914
198.92233276367188	5.937613487243652	170.78500366210938	68.06053161621094
204.43887329101562	5.087917327880859	169.84616088867188	67.68638610839844
205.1682891845703	4.949835300445557	172.64279174804688	68.80088806152344
195.9000701904297	6.393128395080566	175.503173828125	69.9407958984375
203.28549194335938	0.4274482727050781	174.32894897460938	69.47285461425781
194.4189910888672	4.421895503997803	176.3249969482422	70.268310546875
205.2744903564453	0.47381478548049927	175.52061462402344	69.94775390625
201.1907958984375	3.4839203357696533	179.91574096679688	71.69927978515625
199.40359497070312	0.10588455200195312	178.43405151367188	71.10879516601562
194.5994873046875	5.307656764984131	180.0620574951172	71.75758361816406
193.68576049804688	2.4713730812072754	180.39280700683594	71.88938903808594
216.96588134765625	9.000539779663086	179.545654296875	79.35001373291016
200.16793823242188	2.805464267730713	176.61973571777344	78.0569076538086
192.9896240234375	1.6100425720214844	177.86131286621094	78.6056137084961
195.55911254882812	0.4278709292411804	180.70504760742188	79.8624038696289
198.60662841796875	1.9680595397949219	181.00013732910156	79.99281311035156
201.13519287109375	1.7062400579452515	178.3987274169922	78.84312438964844
199.2301788330078	4.123995780944824	179.33860778808594	79.25849914550781
201.8487548828125	3.6499228477478027	176.32034301757812	77.92457580566406
203.76171875	7.948383331298828	175.53848266601562	77.57903289794922
202.767578125	3.0744354724884033	177.34756469726562	78.37854766845703
199.68350219726562	4.4986748695373535	176.30563354492188	77.91807556152344
200.6200408935547	6.665982723236084	177.5552215576172	78.47032165527344
201.4976348876953	5.315133571624756	175.43235778808594	77.5321273803711
204.8962860107422	5.4906439781188965	177.4619140625	78.42909240722656
202.12600708007812	3.903700351715088	173.45188903808594	76.65686798095703
206.130615234375	6.553487300872803	174.4358367919922	77.09172058105469
202.5408935546875	6.732621669769287	172.3690948486328	76.17832946777344
208.30776977539062	7.207431793212891	170.1658172607422	75.20460510253906
208.32315063476562	6.312878608703613	171.40518188476562	75.75233459472656
212.26583862304688	7.726710319519043	168.77114868164062	74.58821868896484
208.17782592773438	6.748316764831543	166.63418579101562	73.643798828125
205.4655303955078	6.699869632720947	168.98666381835938	74.6834716796875
206.4849395751953	7.556984901428223	168.71656799316406	74.56410217285156
205.07199096679688	6.848946571350098	167.68826293945312	74.1096420288086
200.84060668945312	8.841426849365234	167.86660766601562	74.1884536743164
203.93820190429688	5.4022064208984375	169.01612854003906	74.69647979736328
204.7059326171875	4.764082908630371	169.29067993164062	74.81782531738281
205.7926788330078	4.062838077545166	167.7841339111328	74.15200805664062
202.1230926513672	4.660799980163574	170.16171264648438	75.2027816772461
204.9893798828125	5.051795959472656	170.8677520751953	75.51481628417969
200.72911071777344	6.1647844314575195	171.04086303710938	75.59132385253906
201.05633544921875	2.861518144607544	171.61416625976562	75.84468841552734
197.2673797607422	3.642772674560547	172.7222442626953	76.33439636230469
197.99742126464844	1.5151588916778564	175.25350952148438	77.45307922363281
37.0	0.0	97.0	82.0
234.0	0.0	104.0	62.0
193.0	0.0	49.0	61.0
193.0	0.0	51.0	62.0
189.3946990966797	0.8359336853027344	50.57976150512695	61.48911666870117
192.18138122558594	1.161434531211853	51.4498291015625	62.546844482421875
473.0	0.0	38.0	171.0
281.5138244628906	16.362884521484375	40.23102569580078	120.04497528076172
245.0	197.0	51.0	68.0
247.10238647460938	194.76817321777344	51.07321548461914	68.09761047363281
247.02444458007812	193.29104614257812	51.1852912902832	68.24703216552734
248.5063934326172	197.9005889892578	51.516700744628906	68.68890380859375
243.0	194.0	55.0	73.0
245.7849578857422	195.61001586914062	55.22832107543945	73.30304718017578
243.66702270507812	192.7216796875	56.239158630371094	74.64471435546875
243.81192016601562	193.0111846923828	56.15716552734375	74.53589630126953
242.9240264892578	194.8276824951172	56.5135498046875	75.00891876220703
244.1239776611328	193.06820678710938	56.532981872558594	75.03471374511719
241.038330078125	193.9104766845703	57.521705627441406	76.3470230102539
246.0	196.0	52.0	73.0
248.44906616210938	196.28353881835938	51.69103240966797	72.56625366210938
249.0624542236328	196.50845336914062	51.673187255859375	72.54120635986328
246.0	197.0	52.0	74.0
248.1956329345703	195.63140869140625	52.282623291015625	74.4021987915039
248.07418823242188	197.2176055908203	52.00292205810547	74.00416564941406
243.0	194.0	56.0	71.0
242.89303588867188	195.38523864746094	56.747840881347656	71.94815826416016
244.46389770507812	195.9829559326172	56.46152877807617	71.58515930175781
244.13558959960938	196.40869140625	55.413848876953125	70.25685119628906
244.0973663330078	198.22842407226562	55.4588508605957	70.31391143798828
245.0	195.0	53.0	75.0
246.0756378173828	195.2967529296875	52.56016159057617	74.3775863647461
193.0	0.0	50.0	61.0
193.0	0.0	50.0	62.0
191.47378540039062	0.11326789855957031	50.24454879760742	62.3032341003418
245.0	196.0	53.0	75.0
244.49853515625	194.87448120117188	53.11119842529297	75.15736389160156
245.0	197.0	52.0	68.0
246.0	197.0	51.0	67.0
245.0	196.0	53.0	71.0
245.6193389892578	196.61825561523438	53.92814254760742	72.24336242675781
245.0	197.0	54.0	70.0
245.0	198.0	53.0	69.0
246.7155303955078	201.47378540039062	53.7844352722168	70.02124786376953
246.45193481445312	199.28041076660156	53.226539611816406	69.29493713378906
245.96969604492188	199.2696533203125	52.995758056640625	68.99449157714844
246.72012329101562	200.93263244628906	52.61906051635742	68.50407409667969
245.9661407470703	197.82687377929688	53.4743766784668	69.61759948730469
246.3394012451172	199.2301483154297	53.957672119140625	70.2468032836914
246.2212677001953	199.9310302734375	53.814910888671875	70.06095123291016
245.80441284179688	200.0886688232422	52.88995361328125	68.85676574707031
246.21316528320312	199.859375	53.579811096191406	69.7548828125
246.96279907226562	198.50152587890625	53.296600341796875	69.38618469238281
246.4081573486328	200.28521728515625	54.20958709716797	70.57479858398438
245.9672393798828	200.1621856689453	53.68956756591797	69.8978042602539
246.2506866455078	200.51869201660156	52.796844482421875	68.73558044433594
248.0	198.0	50.0	68.0
246.0	197.0	53.0	68.0
247.0	198.0	52.0	68.0
248.5103302001953	199.73098754882812	52.16497039794922	68.21573638916016
247.20181274414062	196.5478973388672	52.419212341308594	68.54820251464844
248.0308074951172	199.12661743164062	52.870582580566406	69.13845825195312
247.4629669189453	198.66091918945312	52.548377990722656	68.71711730957031
246.33203125	202.10447692871094	53.1312141418457	69.47928619384766
244.288818359375	198.24819946289062	52.78783416748047	69.03025817871094
246.1663055419922	197.355224609375	54.3272590637207	71.0433578491211
245.23056030273438	194.9639892578125	54.35966873168945	71.08573913574219
247.0	196.0	52.0	72.0
246.63021850585938	197.08798217773438	53.30467987060547	73.80648040771484
246.2530517578125	195.0185546875	52.787025451660156	73.08973693847656
247.22317504882812	195.94699096679688	53.106239318847656	73.53172302246094
246.01217651367188	194.65011596679688	52.82847213745117	73.14713287353516
247.0	198.0	52.0	68.0
245.89291381835938	198.95358276367188	52.73637008666992	68.96293640136719
245.295166015625	198.40682983398438	53.1966667175293	69.56486511230469
245.88461303710938	196.95919799804688	53.826416015625	70.38838195800781
244.64364624023438	195.58352661132812	55.07866287231445	72.02593994140625
247.0	196.0	52.0	73.0
245.48648071289062	195.89016723632812	52.889976501464844	74.2493896484375
243.7767791748047	195.6669921875	52.05467987060547	73.07676696777344
240.6122283935547	195.4343719482422	52.13543701171875	73.19014739990234
242.21212768554688	195.99195861816406	51.6430778503418	72.49895477294922
243.55960083007812	194.7293701171875	51.417335510253906	72.18205261230469
242.5607147216797	195.4738311767578	51.42256546020508	72.18939971923828
244.2050323486328	195.534423828125	50.7508544921875	71.24642181396484
242.75582885742188	195.10818481445312	51.016990661621094	71.62004089355469
241.65003967285156	192.43142700195312	48.620079040527344	69.70101165771484
243.6280517578125	196.5509033203125	49.10332107543945	70.39378356933594
245.51034545898438	199.25552368164062	48.64459991455078	69.73616027832031
247.99514770507812	198.14144897460938	49.12069320678711	70.41868591308594
250.6663818359375	202.13363647460938	48.4537239074707	69.4625244140625
249.6741485595703	200.5723419189453	48.83701705932617	70.01200866699219
248.95022583007812	198.2666778564453	49.113983154296875	70.4090576171875
249.00607299804688	199.4469451904297	48.97388458251953	70.20821380615234
249.6241912841797	199.78573608398438	48.540977478027344	69.58760070800781
249.25228881835938	202.71185302734375	48.04157257080078	68.87165832519531
246.7576446533203	200.36459350585938	48.31177520751953	69.25901794433594
245.86233520507812	201.0081329345703	47.748451232910156	68.4514389038086
245.7051239013672	198.1279296875	47.854759216308594	68.60384368896484
245.98318481445312	198.59732055664062	48.0827751159668	68.93072509765625
244.0908660888672	197.47389221191406	48.93609619140625	70.15403747558594
241.5286102294922	195.9241485595703	49.23012161254883	70.57554626464844
241.65853881835938	191.72625732421875	49.2818717956543	70.64973449707031
242.9221954345703	194.73094177246094	49.61847686767578	71.13228607177734
243.32510375976562	196.71371459960938	49.40128707885742	70.82093048095703
246.01651000976562	197.81004333496094	49.148277282714844	70.45820617675781
248.10958862304688	198.47714233398438	49.0075798034668	70.25650787353516
245.50387573242188	200.0211181640625	49.431297302246094	70.86394500732422
246.3956298828125	196.67410278320312	49.905418395996094	71.54363250732422
244.4888458251953	197.62379455566406	48.65250778198242	69.74748229980469
246.7168731689453	199.81454467773438	48.72285842895508	69.84834289550781
246.98373413085938	197.42971801757812	48.942840576171875	70.16370391845703
246.48544311523438	200.56759643554688	49.08057403564453	70.36116027832031
245.22793579101562	198.0699005126953	48.66136169433594	69.76018524169922
244.6319580078125	198.81875610351562	47.451904296875	68.02632141113281
247.4879913330078	199.83676147460938	47.39342498779297	67.94248962402344
246.0445098876953	200.7904510498047	47.08895492553711	67.5060043334961
247.32620239257812	201.6834716796875	47.944114685058594	68.73194885253906
248.79757690429688	202.43960571289062	47.4250602722168	67.98783874511719
251.5174560546875	203.18685913085938	46.928955078125	67.27662658691406
250.2777557373047	203.97817993164062	46.96983337402344	67.3352279663086
251.90469360351562	204.0445556640625	47.24373245239258	67.72789001464844
251.85873413085938	207.11965942382812	47.55302047729492	68.17127990722656
40.0	0.0	98.0	78.0
39.0	0.0	98.0	78.0
34.765342712402344	3.5895607471466064	97.4263687133789	77.54342651367188
32.19388198852539	3.514752149581909	97.32440948486328	77.46226501464844
41.0	0.0	96.0	79.0
39.0	0.0	98.0	80.0
39.0	0.0	97.0	80.0
40.0	0.0	97.0	79.0
41.0	0.0	96.0	81.0
37.593605041503906	2.141993761062622	94.63920593261719	79.8518295288086
38.34931945800781	1.4713401794433594	92.89043426513672	78.37630462646484
36.96678161621094	0.858111560344696	93.76417541503906	79.11351776123047
302.0	140.0	79.0	132.0
40.0	0.0	98.0	80.0
35.09081268310547	2.2912535667419434	97.00367736816406	79.1866683959961
39.0	0.0	99.0	80.0
41.0	0.0	96.0	78.0
40.0	0.0	97.0	79.0
40.0	0.0	98.0	78.0
39.0	0.0	99.0	81.0
36.77202606201172	0.2133026123046875	98.7664794921875	80.8089370727539
330.0	75.0	96.0	140.0
309.0	72.0	84.0	129.0
292.0	67.0	90.0	132.0
283.0	69.0	93.0	144.0
267.0	72.0	101.0	141.0
248.0	72.0	113.0	145.0
236.0	72.0	123.0	150.0
240.0	74.0	115.0	150.0
238.0	77.0	114.0	150.0
240.0	84.0	111.0	143.0
243.0	90.0	114.0	139.0
249.0	92.0	107.0	133.0
246.0	95.0	114.0	131.0
243.0	90.0	118.0	135.0
245.0	87.0	114.0	135.0
244.0	69.0	107.0	148.0
243.0	65.0	116.0	153.0
242.0	65.0	117.0	154.0
244.0	70.0	112.0	151.0
240.0	88.0	115.0	135.0
242.0	76.0	112.0	148.0
243.0	78.0	111.0	145.0
245.0	76.0	108.0	147.0
245.0	92.0	109.0	131.0
250.0	85.0	101.0	142.0
249.0	82.0	99.0	144.0
249.0	80.0	104.0	144.0
249.0	85.0	103.0	142.0
253.0	66.0	107.0	157.0
257.0	100.0	97.0	125.0
257.0	101.0	99.0	126.0
258.0	100.0	98.0	125.0
254.0	90.0	103.0	136.0
254.0	89.0	102.0	137.0
255.0	93.0	101.0	133.0
254.0	85.0	105.0	141.0
260.0	102.0	97.0	123.0
255.0	88.0	103.0	137.0
257.0	97.0	104.0	130.0
256.0	91.0	100.0	135.0
259.0	89.0	100.0	138.0
260.0	96.0	103.0	137.0
263.0	96.0	99.0	138.0
262.0	89.0	98.0	138.0
262.0	84.0	105.0	149.0
263.0	101.0	99.0	132.0
260.0	90.0	99.0	136.0
259.0	90.0	101.0	136.0
261.0	85.0	98.0	141.0
262.0	87.0	96.0	139.0
262.0	84.0	96.0	141.0
262.0	89.0	97.0	136.0
263.0	89.0	97.0	136.0
261.0	90.0	100.0	139.0
262.0	89.0	97.0	138.0
261.0	83.0	103.0	144.0
265.0	71.0	106.0	154.0
262.0	82.0	103.0	145.0
262.0	79.0	104.0	147.0
261.0	80.0	104.0	146.0
