326.0	238.0	19.0	19.0
325.5343322753906	235.23580932617188	19.38079071044922	19.38079071044922
329.0	231.0	20.0	19.0
331.0	226.0	18.0	18.0
331.0	220.0	22.0	21.0
331.536376953125	216.7783203125	21.941312789916992	20.943981170654297
333.0	215.0	21.0	21.0
335.0	213.0	20.0	20.0
336.2257080078125	206.3468475341797	19.80059814453125	19.80059814453125
339.0	204.0	19.0	19.0
339.0	204.0	18.0	18.0
331.0	203.0	19.0	19.0
322.0	200.0	18.0	17.0
313.0	198.0	20.0	19.0
304.0	196.0	19.0	18.0
295.0	195.0	19.0	19.0
289.0	194.0	17.0	18.0
279.0	192.0	20.0	19.0
268.29962158203125	189.79066467285156	20.1578369140625	19.149944305419922
260.7327880859375	185.959716796875	20.094470977783203	19.089746475219727
255.0	186.0	19.0	19.0
244.0	184.0	21.0	20.0
241.0	183.0	19.0	19.0
233.0	180.0	19.0	19.0
225.0	178.0	18.0	18.0
216.21817016601562	177.46363830566406	17.812564849853516	17.812564849853516
210.0	178.0	19.0	18.0
203.0	177.0	18.0	18.0
197.0	174.0	18.0	17.0
191.0	171.0	17.0	17.0
184.0	172.0	17.0	15.0
176.0	169.0	18.0	18.0
173.7388458251953	163.94239807128906	18.005277633666992	18.005277633666992
195.0	163.0	18.0	16.0
217.0	164.0	18.0	17.0
239.0	163.0	19.0	19.0
260.0	163.0	20.0	19.0
283.0	167.0	20.0	19.0
307.0	171.0	21.0	19.0
329.0	176.0	23.0	19.0
356.0	183.0	20.0	17.0
376.0	191.0	23.0	21.0
399.0	200.0	27.0	24.0
423.0	206.0	21.0	21.0
441.0	205.0	21.0	21.0
462.0	210.0	20.0	20.0
457.12109375	205.33810424804688	19.719608306884766	19.719608306884766
445.0	203.0	18.0	18.0
434.0	200.0	20.0	18.0
421.0	199.0	20.0	19.0
412.0	201.0	19.0	19.0
400.0	200.0	19.0	19.0
387.0	201.0	22.0	21.0
379.0	206.0	19.0	20.0
367.8205871582031	209.67202758789062	19.075366973876953	20.079334259033203
352.0	219.0	21.0	20.0
341.0	228.0	21.0	19.0
329.0	237.0	20.0	19.0
319.0	247.0	21.0	21.0
308.0	255.0	20.0	17.0
302.0	252.0	20.0	19.0
294.0	251.0	22.0	19.0
290.0	249.0	22.0	19.0
282.0	249.0	21.0	20.0
276.0	251.0	21.0	20.0
269.0	253.0	23.0	18.0
265.0	257.0	17.0	15.0
258.2006530761719	260.9731750488281	17.007463455200195	15.006586074829102
262.9244384765625	260.2513732910156	16.943553924560547	14.950197219848633
266.5171203613281	258.85150146484375	16.80289077758789	14.826083183288574
264.8190612792969	259.3520812988281	16.738998413085938	14.769706726074219
265.3804931640625	259.95526123046875	16.265506744384766	14.35191822052002
262.6903991699219	257.8067932128906	16.06657600402832	14.1763916015625
265.97833251953125	259.35345458984375	15.990089416503906	14.108903884887695
266.1357116699219	259.51995849609375	16.11174201965332	14.2162446975708
262.94500732421875	255.9862823486328	15.82970905303955	13.967390060424805
263.4846496582031	240.51449584960938	15.82670783996582	13.964741706848145
262.80780029296875	247.20907592773438	15.604992866516113	13.769111633300781
259.9651184082031	256.7735595703125	15.410059928894043	13.597111701965332
260.76055908203125	241.65975952148438	15.290425300598145	13.491551399230957
273.1466369628906	241.14157104492188	15.070695877075195	13.297673225402832
269.2840270996094	242.34158325195312	15.16502571105957	13.380905151367188
263.8409118652344	237.2314453125	15.239082336425781	13.446249008178711
268.02435302734375	238.2382049560547	15.0159912109375	13.249404907226562
264.4256286621094	241.65478515625	14.88115119934082	13.130427360534668
265.5082092285156	239.9479522705078	14.83738899230957	13.091812133789062
266.0253601074219	232.99398803710938	14.947441101074219	13.18891716003418
265.0053405761719	232.7176971435547	14.726239204406738	12.993738174438477
262.6548767089844	233.08523559570312	14.564401626586914	12.850939750671387
220.0	225.0	16.0	17.0
223.0	225.0	18.0	19.0
226.0	216.0	16.0	18.0
227.8218536376953	208.4427947998047	16.024242401123047	18.02727508544922
223.0	201.0	21.0	20.0
227.0	198.0	20.0	20.0
227.0	195.0	16.0	17.0
228.0	191.0	19.0	19.0
227.0	190.0	19.0	18.0
228.0	190.0	20.0	20.0
231.0	192.0	18.0	18.0
231.58236694335938	186.7139434814453	18.18686294555664	18.18686294555664
231.0	178.0	18.0	20.0
231.0	172.0	18.0	18.0
231.1678924560547	165.45602416992188	18.210668563842773	18.210668563842773
229.73410034179688	163.42750549316406	18.302959442138672	18.302959442138672
230.0531768798828	160.31512451171875	18.396778106689453	18.396778106689453
232.65011596679688	158.22177124023438	18.678138732910156	18.678138732910156
232.7531280517578	157.68896484375	18.771114349365234	18.771114349365234
235.0	153.0	16.0	18.0
240.31973266601562	154.37625122070312	15.8724365234375	17.85649299621582
247.2963104248047	160.46682739257812	15.996538162231445	17.996105194091797
254.02462768554688	163.35064697265625	16.210012435913086	18.236263275146484
258.70941162109375	162.8990936279297	16.195480346679688	18.21991539001465
262.5180358886719	164.15003967285156	16.053674697875977	18.060382843017578
269.48614501953125	169.46420288085938	16.14518928527832	18.1633358001709
276.558349609375	174.83145141601562	16.38875961303711	18.437353134155273
281.0	181.0	19.0	18.0
286.4054260253906	180.51641845703125	19.16244125366211	18.15389060974121
291.0	182.0	19.0	20.0
296.0	184.0	20.0	20.0
301.0	187.0	20.0	19.0
306.15155029296875	189.66033935546875	20.375635147094727	19.356853485107422
311.04168701171875	189.3382568359375	20.56191062927246	19.533817291259766
318.0	192.0	19.0	18.0
323.0367126464844	191.67007446289062	19.23360824584961	18.2213134765625
330.11456298828125	190.4703369140625	19.158201217651367	18.14987564086914
333.0	187.0	22.0	20.0
338.0	182.0	23.0	23.0
342.9767150878906	173.66714477539062	23.120479583740234	23.120479583740234
349.205078125	169.0127716064453	23.138731002807617	23.138731002807617
354.3898010253906	171.244873046875	23.1132755279541	23.1132755279541
361.0	179.0	22.0	20.0
366.0	181.0	22.0	21.0
370.796142578125	183.07785034179688	22.061756134033203	21.058948516845703
375.0	186.0	23.0	21.0
382.0	187.0	24.0	19.0
388.0	189.0	22.0	24.0
392.6531066894531	190.42550659179688	21.98967742919922	23.988740921020508
397.44091796875	195.7648468017578	21.883087158203125	23.872461318969727
402.74761962890625	194.90757751464844	22.106637954711914	24.116336822509766
409.0	194.0	23.0	23.0
407.0	184.0	22.0	20.0
404.0	175.0	20.0	18.0
400.0	166.0	21.0	20.0
396.0	157.0	21.0	21.0
391.0	149.0	24.0	23.0
390.0	145.0	21.0	21.0
388.0	143.0	17.0	17.0
386.0	142.0	19.0	19.0
384.0	142.0	19.0	18.0
380.0	143.0	20.0	18.0
377.0	146.0	21.0	19.0
374.86029052734375	148.43771362304688	21.060251235961914	19.054513931274414
374.9515686035156	145.06248474121094	21.28499984741211	19.257858276367188
377.0	139.0	20.0	22.0
380.0	138.0	18.0	18.0
379.75067138671875	133.99395751953125	17.952322006225586	17.952322006225586
381.0021667480469	131.90237426757812	18.072290420532227	18.072290420532227
382.0	131.0	16.0	19.0
384.0	132.0	18.0	18.0
384.0	133.0	19.0	18.0
385.0	135.0	19.0	19.0
387.56890869140625	139.93499755859375	18.78968048095703	18.78968048095703
388.32684326171875	146.20175170898438	18.359600067138672	18.359600067138672
389.09478759765625	140.86703491210938	18.792766571044922	18.792766571044922
392.0	136.0	18.0	18.0
392.9585876464844	132.8376007080078	18.07575225830078	18.07575225830078
393.923095703125	129.9030303955078	18.36710548400879	18.36710548400879
395.79547119140625	128.2093505859375	18.262447357177734	18.262447357177734
396.7549743652344	129.60769653320312	18.283008575439453	18.283008575439453
399.0	131.0	17.0	17.0
399.96844482421875	132.47119140625	17.027435302734375	17.027435302734375
400.9432678222656	131.5379180908203	16.891597747802734	16.891597747802734
394.0738525390625	132.0928955078125	16.877521514892578	16.877521514892578
384.09783935546875	134.9198760986328	16.812185287475586	16.812185287475586
365.0	136.0	21.0	20.0
352.0	136.0	19.0	20.0
337.0	135.0	23.0	20.0
328.0	137.0	20.0	19.0
317.0	137.0	20.0	19.0
306.0	138.0	21.0	19.0
299.0	138.0	17.0	17.0
290.0	137.0	18.0	17.0
280.29620361328125	137.17503356933594	18.155895233154297	17.147233963012695
271.0	138.0	19.0	20.0
262.0	137.0	20.0	20.0
254.0	138.0	18.0	19.0
246.0	139.0	18.0	18.0
236.0	139.0	19.0	18.0
227.0	139.0	19.0	18.0
218.0	139.0	21.0	20.0
209.61245727539062	137.18603515625	20.911426544189453	19.91564178466797
209.26632690429688	134.77059936523438	20.8620662689209	19.86863136291504
209.36215209960938	126.49520111083984	20.622028350830078	19.640024185180664
208.30029296875	113.74720764160156	20.86176109313965	19.86834144592285
209.16796875	113.7529067993164	20.585779190063477	19.60550308227539
211.4219970703125	114.44441223144531	20.161632537841797	19.201555252075195
214.4521942138672	114.77250671386719	19.98027992248535	19.028839111328125
216.89047241210938	112.69439697265625	19.787012100219727	18.844776153564453
219.1370086669922	114.2318344116211	19.874897003173828	18.928476333618164
222.50558471679688	113.96585845947266	19.691402435302734	18.753719329833984
223.73348999023438	112.3182601928711	19.71794319152832	18.778995513916016
222.9579315185547	112.13017272949219	19.556888580322266	18.625612258911133
214.5579376220703	105.65425872802734	19.522153854370117	18.592531204223633
220.30599975585938	105.79097747802734	19.501869201660156	18.57321548461914
233.0	110.0	13.0	14.0
235.03451538085938	108.8226318359375	13.006185531616211	14.006662368774414
236.36856079101562	106.43585205078125	13.243867874145508	14.262628555297852
236.7772216796875	104.141357421875	13.208720207214355	14.224777221679688
238.1057586669922	102.85958099365234	13.289148330688477	14.31139087677002
238.9635467529297	101.24384307861328	13.299046516418457	14.322050094604492
239.658935546875	99.77897644042969	13.161633491516113	14.174066543579102
242.08389282226562	99.8403549194336	13.122322082519531	14.131731033325195
244.3220672607422	100.642333984375	12.984743118286133	13.98356819152832
246.1428985595703	102.1297378540039	13.021814346313477	14.023490905761719
247.03012084960938	98.1008071899414	12.93803596496582	13.933268547058105
250.23117065429688	98.03266906738281	13.206680297851562	14.222578048706055
167.0	45.0	15.0	15.0
164.72140502929688	45.669151306152344	14.940600395202637	14.940600395202637
164.60137939453125	44.8802490234375	14.907305717468262	14.907305717468262
164.6680908203125	44.97334671020508	15.127969741821289	15.127969741821289
161.7316131591797	45.15264129638672	15.2482271194458	15.2482271194458
160.15890502929688	42.08068084716797	15.284151077270508	15.284151077270508
163.8305206298828	42.41671371459961	15.056574821472168	15.056574821472168
162.0522918701172	42.31644821166992	15.058009147644043	15.058009147644043
165.71377563476562	42.457252502441406	15.041610717773438	15.041610717773438
165.15203857421875	43.69718551635742	15.050938606262207	15.050938606262207
167.3361053466797	42.45133590698242	15.086057662963867	15.086057662963867
164.28311157226562	41.04860305786133	15.106103897094727	15.106103897094727
159.84591674804688	40.046043395996094	15.058488845825195	15.058488845825195
163.0665740966797	41.51573944091797	15.283876419067383	15.283876419067383
161.46884155273438	40.4044303894043	15.389966011047363	15.389966011047363
165.22056579589844	40.79071044921875	15.470232009887695	15.470232009887695
164.69949340820312	39.98942565917969	15.567480087280273	15.567480087280273
162.50003051757812	35.081687927246094	15.459968566894531	15.459968566894531
160.8731689453125	41.208580017089844	15.330099105834961	15.330099105834961
159.18136596679688	41.62930679321289	16.941539764404297	17.130977630615234
161.2022247314453	40.24991226196289	16.679691314697266	16.866199493408203
159.31593322753906	41.0342903137207	16.75068473815918	16.937986373901367
409.0	107.0	20.0	23.0
404.0	105.0	21.0	23.0
401.4672546386719	103.40461730957031	20.898712158203125	22.88906478881836
397.3389587402344	105.60902404785156	21.07149887084961	23.07830810546875
394.1192321777344	106.5321273803711	21.136383056640625	23.149372100830078
392.28228759765625	105.94039154052734	21.291961669921875	23.319766998291016
389.9361572265625	106.41203308105469	21.454090118408203	23.497333526611328
387.929443359375	106.4632568359375	21.527307510375977	23.577524185180664
388.0874938964844	105.47068786621094	21.385082244873047	23.4217529296875
387.0	106.0	21.0	24.0
354.0	218.0	23.0	22.0
343.0	213.0	24.0	22.0
333.0	208.0	22.0	21.0
327.48223876953125	203.341064453125	21.870121002197266	20.876026153564453
319.55206298828125	203.1016845703125	21.914546966552734	20.918432235717773
313.0	204.0	21.0	21.0
306.0	199.0	24.0	22.0
300.0	199.0	21.0	20.0
294.0	195.0	21.0	21.0
288.0	190.0	22.0	23.0
281.9051513671875	186.26333618164062	21.79150390625	22.782024383544922
276.9917297363281	185.8642578125	21.76309585571289	22.752323150634766
271.0	186.0	21.0	21.0
264.0	182.0	20.0	20.0
257.53631591796875	177.52493286132812	19.687332153320312	19.687332153320312
251.0	177.0	20.0	20.0
245.9766387939453	174.28155517578125	19.925128936767578	19.925128936767578
241.1407470703125	170.9298095703125	19.98623275756836	19.98623275756836
236.4165496826172	167.7493438720703	19.807815551757812	19.807815551757812
231.0574188232422	165.69345092773438	19.47524642944336	19.47524642944336
227.9436798095703	163.01708984375	19.52700424194336	19.52700424194336
222.0	161.0	20.0	20.0
234.0	155.0	21.0	20.0
243.0	152.0	21.0	20.0
252.0	150.0	21.0	20.0
260.9288635253906	146.3523406982422	20.830116271972656	19.838207244873047
266.3663024902344	141.63511657714844	20.94886589050293	19.951303482055664
272.7023620605469	138.36672973632812	20.921363830566406	19.92510986328125
278.2230224609375	134.52330017089844	21.105344772338867	20.100330352783203
284.0	127.0	20.0	20.0
289.0	116.0	20.0	20.0
293.0	107.0	20.0	20.0
305.0	97.0	20.0	19.0
312.0	95.0	18.0	19.0
317.5401916503906	93.0797348022461	17.866756439208984	18.85935401916504
321.27398681640625	91.71891784667969	17.9525146484375	18.94987678527832
325.0	90.0	21.0	21.0
329.9330139160156	87.69834899902344	20.50953483581543	20.50953483581543
334.0	87.0	20.0	21.0
339.0	86.0	19.0	19.0
344.0	86.0	18.0	17.0
349.23480224609375	83.38191223144531	17.83834457397461	16.84732437133789
353.0570373535156	80.97709655761719	18.200929641723633	17.18976402282715
357.0	79.0	18.0	18.0
361.42626953125	77.44934844970703	18.00466537475586	18.00466537475586
364.5770568847656	75.61515045166016	18.29246711730957	18.29246711730957
364.6474914550781	78.86784362792969	18.304840087890625	18.304840087890625
365.75079345703125	81.89022064208984	18.231075286865234	18.231075286865234
366.11260986328125	85.72087860107422	18.327686309814453	18.327686309814453
366.5973205566406	91.87110900878906	18.527070999145508	18.527070999145508
369.50518798828125	99.27523040771484	18.2802734375	18.2802734375
369.751953125	104.6646499633789	18.068281173706055	18.068281173706055
379.42022705078125	106.96882629394531	18.550769805908203	18.550769805908203
380.1746826171875	105.04551696777344	18.74266815185547	18.74266815185547
377.0205078125	102.7556381225586	18.858531951904297	18.858531951904297
374.89117431640625	101.34644317626953	19.064868927001953	19.064868927001953
372.01641845703125	101.78429412841797	19.104759216308594	19.104759216308594
368.5267333984375	102.7784423828125	19.30608558654785	19.30608558654785
366.5752258300781	103.69169616699219	19.53261947631836	19.53261947631836
402.0	135.0	15.0	16.0
402.0	134.0	21.0	21.0
404.0	136.0	22.0	22.0
410.0	140.0	19.0	20.0
413.0	145.0	20.0	21.0
417.0	147.0	20.0	20.0
422.0	149.0	21.0	21.0
427.0	156.0	21.0	20.0
431.0	161.0	21.0	21.0
436.0	167.0	21.0	20.0
440.62493896484375	169.77809143066406	21.15771484375	20.15020751953125
445.7078552246094	173.42642211914062	21.104042053222656	20.099090576171875
445.0	181.0	22.0	23.0
439.0	190.0	23.0	23.0
434.75860595703125	194.70510864257812	22.807361602783203	22.807361602783203
432.90997314453125	200.72264099121094	22.802156448364258	22.802156448364258
428.0	209.0	23.0	24.0
