149.0	117.0	22.0	13.0
146.0	114.0	26.0	16.0
148.0	117.0	18.0	11.0
146.0	113.0	25.0	16.0
144.375244140625	114.26220703125	24.448944091796875	15.647323608398438
144.85902404785156	114.05503845214844	23.928686141967773	15.314359664916992
147.0	116.0	23.0	11.0
146.0919189453125	116.9520263671875	23.14962387084961	11.071558952331543
146.10433959960938	116.6977767944336	23.2305908203125	11.110282897949219
150.0	116.0	16.0	10.0
154.27743530273438	115.18761444091797	18.615110397338867	12.959000587463379
149.08717346191406	115.18504333496094	18.425445556640625	12.826963424682617
148.21029663085938	116.0439224243164	18.826480865478516	13.106145858764648
147.0	115.0	21.0	11.0
151.0	115.0	16.0	10.0
153.0	116.0	14.0	9.0
155.60113525390625	114.14960479736328	15.104246139526367	10.440709114074707
151.14373779296875	115.04408264160156	15.19250774383545	10.501718521118164
153.0	114.0	15.0	11.0
149.0	115.0	18.0	11.0
149.40591430664062	115.53410339355469	18.069416046142578	11.042421340942383
153.0	116.0	13.0	9.0
151.74131774902344	115.25883483886719	13.071520805358887	10.0
152.0	116.0	15.0	10.0
150.86415100097656	115.2313232421875	15.028424263000488	10.050536155700684
151.0	115.0	15.0	10.0
154.0	114.0	16.0	11.0
150.65579223632812	115.38255310058594	15.823022842407227	10.878328323364258
152.0	114.0	15.0	11.0
150.0	115.0	17.0	10.0
154.0	115.0	13.0	10.0
151.6775665283203	115.1836929321289	13.172636032104492	10.168828964233398
152.76333618164062	115.10896301269531	13.155293464660645	10.163058280944824
149.0	115.0	17.0	10.0
150.03274536132812	115.43635559082031	16.990833282470703	10.116628646850586
153.0	116.0	13.0	9.0
153.0	116.0	14.0	9.0
150.0	116.0	16.0	11.0
150.2940216064453	115.0179214477539	15.796640396118164	10.860190391540527
149.9347686767578	114.83869934082031	15.998745918273926	10.999135971069336
150.0	115.0	17.0	10.0
149.83261108398438	115.05699157714844	16.88677215576172	10.08714771270752
149.99697875976562	115.0915298461914	16.71774673461914	10.056925773620605
149.96524047851562	115.22767639160156	16.569473266601562	10.031983375549316
151.0	116.0	14.0	10.0
152.0	116.0	17.0	9.0
150.0	115.0	16.0	10.0
149.72584533691406	115.47581481933594	16.0538272857666	10.10261058807373
149.99365234375	115.65620422363281	16.00412940979004	10.14903450012207
150.34649658203125	114.96119689941406	16.17658805847168	10.263284683227539
149.73171997070312	115.3812484741211	16.410198211669922	10.4114990234375
149.43702697753906	114.93724060058594	16.757125854492188	10.631608963012695
149.32127380371094	115.3914566040039	16.987192153930664	10.77757453918457
149.53646850585938	114.94612121582031	16.90740966796875	10.726957321166992
150.06552124023438	115.25767517089844	16.821826934814453	10.672658920288086
149.47950744628906	115.27323913574219	16.954299926757812	10.756708145141602
149.44674682617188	115.2351303100586	16.98470687866211	10.775999069213867
149.30123901367188	115.48121643066406	16.901546478271484	10.723237037658691
152.0	115.0	15.0	10.0
150.12351989746094	115.70808410644531	15.09484577178955	10.06554889678955
150.27682495117188	115.57466125488281	15.292562484741211	10.207551956176758
154.0	115.0	16.0	11.0
149.20790100097656	114.99227142333984	16.1887149810791	11.129742622375488
148.9111328125	115.69441223144531	16.409839630126953	11.281764030456543
149.2232666015625	115.08919525146484	16.43079376220703	11.29616928100586
152.0	115.0	14.0	10.0
152.0	116.0	14.0	9.0
150.35321044921875	115.12229919433594	14.074699401855469	10.0
150.00875854492188	115.22599029541016	14.26618766784668	10.203652381896973
149.0	114.0	17.0	12.0
148.78802490234375	114.25894927978516	16.87551498413086	11.912128448486328
137.0	113.0	17.0	12.0
151.0	115.0	14.0	10.0
151.0	115.0	15.0	11.0
150.51113891601562	114.73490905761719	15.168597221374512	11.123637199401855
147.0	115.0	20.0	11.0
147.5660400390625	115.0397720336914	19.516708374023438	10.734189987182617
147.57899475097656	114.74177551269531	19.750213623046875	10.862618446350098
140.0	113.0	23.0	12.0
145.821044921875	114.3885498046875	22.499521255493164	11.738882064819336
145.31979370117188	115.15022277832031	22.236238479614258	11.601517677307129
150.0	115.0	15.0	11.0
149.9361572265625	114.19683837890625	15.15886402130127	11.116499900817871
149.9977264404297	114.3714828491211	15.218228340148926	11.160033226013184
149.0	115.0	16.0	11.0
149.63844299316406	114.2900619506836	15.93501091003418	10.955320358276367
150.11724853515625	114.8678207397461	15.727499008178711	10.81265640258789
150.0	116.0	16.0	11.0
150.66928100585938	114.32035064697266	15.981864929199219	10.987531661987305
149.91368103027344	114.28346252441406	15.923154830932617	10.947169303894043
150.07809448242188	114.3655014038086	15.898345947265625	10.930112838745117
149.67245483398438	114.18595123291016	16.07755470275879	11.05331802368164
149.6582489013672	114.13688659667969	15.832064628601074	10.884542465209961
149.69314575195312	114.6744155883789	15.85015869140625	10.896982192993164
149.62718200683594	114.14356994628906	16.012346267700195	11.008485794067383
149.8057403564453	114.50946044921875	15.998919486999512	10.99925422668457
150.41534423828125	114.3847885131836	15.895215034484863	10.927957534790039
150.79574584960938	114.1041030883789	15.936471939086914	10.956320762634277
151.9510498046875	113.70662689208984	16.135753631591797	11.093327522277832
152.23040771484375	113.68795013427734	16.1081485748291	11.074347496032715
152.8025360107422	114.55892181396484	16.111392974853516	11.076578140258789
153.01345825195312	114.29215240478516	16.001358032226562	11.000929832458496
154.03509521484375	114.35383605957031	16.190933227539062	11.13126277923584
154.0584716796875	114.62174224853516	16.58762550354004	11.4039888381958
154.8987274169922	114.23744201660156	16.816858291625977	11.561586380004883
156.1319580078125	114.11927795410156	16.87295150756836	11.600152015686035
156.650146484375	114.7328109741211	17.011234283447266	11.695222854614258
156.29638671875	114.65128326416016	17.041555404663086	11.716070175170898
157.0	115.0	16.0	10.0
157.25425720214844	115.5682373046875	16.371423721313477	10.249175071716309
158.3555145263672	116.08905029296875	16.549020767211914	10.361145973205566
159.52610778808594	115.86408996582031	16.29410171508789	10.2222900390625
160.66311645507812	117.07796478271484	15.99389362335205	10.086848258972168
160.0	116.0	18.0	11.0
162.13739013671875	117.08419036865234	18.294654846191406	11.180066108703613
165.25357055664062	117.93955993652344	18.492244720458984	11.300816535949707
166.0	106.0	24.0	16.0
175.0	105.0	23.0	18.0
174.64892578125	103.74163055419922	24.503538131713867	18.395639419555664
180.7938690185547	101.59426879882812	24.902774810791016	18.69536018371582
173.72244262695312	99.1504135131836	24.64156150817871	18.499258041381836
169.8463897705078	100.69712829589844	24.681102752685547	18.52894401550293
180.95352172851562	102.04369354248047	24.904003143310547	18.69628143310547
191.8491973876953	101.62834167480469	24.79463768005371	18.61417579650879
202.81138610839844	99.84674072265625	24.760635375976562	18.58864974975586
214.4338836669922	99.66224670410156	24.69268798828125	18.53763771057129
226.0059051513672	99.59126281738281	24.41640853881836	18.330224990844727
231.26638793945312	98.22119140625	24.79581069946289	18.615055084228516
232.83047485351562	99.13275146484375	24.80470848083496	18.621732711791992
230.8556671142578	97.8024673461914	24.6229190826416	18.48525619506836
228.2504119873047	96.385498046875	24.850732803344727	18.65628433227539
227.01718139648438	94.9673843383789	24.960962295532227	18.739036560058594
226.0903778076172	95.62413787841797	25.347652435302734	19.029338836669922
224.93997192382812	94.57044982910156	25.099990844726562	18.84341049194336
223.25955200195312	94.53498077392578	25.1826114654541	18.90543556213379
222.31259155273438	94.15790557861328	25.450366973876953	19.106449127197266
222.41134643554688	93.30241394042969	25.38315773010254	19.055992126464844
223.115478515625	93.45091247558594	25.364736557006836	19.042163848876953
222.6295928955078	93.63947296142578	25.1666259765625	18.893436431884766
223.10824584960938	93.45201110839844	24.795297622680664	18.614665985107422
223.4038848876953	93.86528015136719	24.846073150634766	18.652786254882812
223.4874267578125	93.7956771850586	24.706405639648438	18.54793357849121
224.4595947265625	92.96916198730469	24.6025390625	18.469959259033203
224.2839813232422	93.39019012451172	24.207422256469727	18.173330307006836
223.502685546875	92.82747650146484	24.68221664428711	18.529775619506836
224.16189575195312	94.10997009277344	24.313581466674805	18.25303077697754
223.62466430664062	94.19412994384766	24.2644100189209	18.216114044189453
224.16708374023438	94.10184478759766	24.340103149414062	18.272937774658203
223.58609008789062	93.8696060180664	23.98490333557129	18.006275177001953
223.31961059570312	94.59577178955078	23.412525177001953	17.57657241821289
224.2884063720703	94.70002746582031	23.398632049560547	17.566143035888672
224.8018035888672	94.34523010253906	22.944812774658203	17.225444793701172
225.2903289794922	94.076171875	23.307287216186523	17.497568130493164
225.95358276367188	94.06803894042969	23.133825302124023	17.36734390258789
226.12271118164062	94.37083435058594	23.072790145874023	17.321521759033203
229.28585815429688	94.22306060791016	23.075281143188477	17.323392868041992
232.3615264892578	95.26080322265625	23.66072654724121	17.76290512084961
236.05465698242188	94.80522918701172	23.526391983032227	17.66205406188965
239.6004180908203	96.15708923339844	24.025646209716797	18.036861419677734
249.80105590820312	96.73770904541016	24.04324722290039	18.050073623657227
243.38040161132812	97.42488861083984	24.16982650756836	18.145099639892578
238.66390991210938	95.56702423095703	24.643192291259766	17.392929077148438
410.0	102.0	19.0	16.0
420.2962951660156	110.1085205078125	18.98215675354004	15.98497486114502
355.0	116.0	12.0	11.0
367.8306579589844	123.3224868774414	12.287508010864258	16.117895126342773
362.0	116.0	12.0	10.0
358.4386291503906	116.466552734375	11.898216247558594	10.050467491149902
356.0	114.0	9.0	8.0
352.9646301269531	112.8702621459961	10.0	10.0
351.0	112.0	11.0	9.0
350.0	112.0	11.0	8.0
350.0	112.0	9.0	10.0
349.874755859375	110.90718841552734	10.0	10.155735969543457
347.8984680175781	110.5262680053711	10.20801830291748	10.366994857788086
347.0	110.0	11.0	11.0
347.0	111.0	12.0	10.0
347.0	112.0	12.0	12.0
345.82080078125	110.5285415649414	12.083902359008789	12.083902359008789
344.5826721191406	110.07196044921875	12.159394264221191	12.159394264221191
343.7000732421875	110.04522705078125	12.335787773132324	12.335787773132324
345.0	111.0	10.0	10.0
345.0	111.0	12.0	11.0
343.549560546875	110.77418518066406	11.895929336547852	10.90460205078125
342.33636474609375	110.91861724853516	11.869925498962402	10.880765914916992
341.8807373046875	110.87552642822266	11.884939193725586	10.89452838897705
342.1183776855469	111.5167007446289	11.876437187194824	10.886735916137695
341.5531311035156	111.64579772949219	11.892104148864746	10.901097297668457
341.0	112.0	14.0	10.0
339.47552490234375	112.42138671875	13.880108833312988	10.064029693603516
338.866943359375	112.2902603149414	13.74085807800293	10.068828582763672
338.9969482421875	112.34474182128906	13.941686630249023	10.215989112854004
337.6439208984375	112.55677795410156	13.909504890441895	10.206758499145508
337.0	113.0	13.0	10.0
336.7089538574219	112.50813293457031	12.825088500976562	10.047586441040039
336.48358154296875	112.23011779785156	12.809442520141602	10.13559341430664
336.4000549316406	112.21244812011719	12.66673469543457	10.053754806518555
335.6100158691406	113.0323715209961	12.620050430297852	10.082733154296875
335.6689453125	112.6917953491211	12.439444541931152	10.048079490661621
334.8941955566406	112.61604309082031	12.36372184753418	10.065120697021484
334.10797119140625	112.32425689697266	12.19511604309082	10.025668144226074
333.56689453125	112.12001037597656	12.06108283996582	10.04606819152832
333.7491149902344	112.09500885009766	11.914536476135254	10.023615837097168
333.461181640625	112.46990966796875	11.801365852355957	10.087236404418945
332.0	111.0	13.0	13.0
332.0	112.0	12.0	11.0
332.86627197265625	111.72581481933594	12.180211067199707	11.165193557739258
330.28399658203125	111.66139221191406	12.325663566589355	11.298524856567383
325.0	112.0	17.0	11.0
330.0	112.0	13.0	11.0
329.6708679199219	110.94488525390625	12.940702438354492	10.949824333190918
328.860107421875	110.80317687988281	13.030810356140137	11.026070594787598
337.0	111.0	11.0	7.0
337.0	111.0	11.0	8.0
338.0	111.0	11.0	8.0
339.0	111.0	8.0	7.0
336.4212951660156	110.40333557128906	10.0	10.0
335.9275207519531	110.8066177368164	10.13715934753418	10.13715934753418
335.1990966796875	111.2076187133789	10.240971565246582	10.240971565246582
336.12213134765625	110.13504791259766	10.127042770385742	10.127042770385742
336.452392578125	109.9959716796875	10.144487380981445	10.144487380981445
336.929443359375	110.4760971069336	10.149328231811523	10.149328231811523
336.11907958984375	109.91773986816406	10.140897750854492	10.140897750854492
336.07012939453125	110.43309020996094	10.067715644836426	10.067715644836426
336.0126647949219	110.48592376708984	10.255109786987305	10.255109786987305
336.57281494140625	110.19732666015625	10.189332962036133	10.189332962036133
336.9438781738281	111.61065673828125	10.023874282836914	10.023874282836914
338.0	110.0	10.0	8.0
337.22979736328125	110.4415283203125	10.137965202331543	10.0
336.86395263671875	110.2049789428711	10.20586109161377	10.121406555175781
338.0	110.0	14.0	9.0
335.04205322265625	110.76725769042969	14.133941650390625	10.0
334.0765686035156	110.76277160644531	13.81047248840332	10.042625427246094
326.0	110.0	16.0	11.0
326.03790283203125	110.3973159790039	15.821783065795898	10.877477645874023
324.6940002441406	110.3820571899414	16.199525833129883	11.137175559997559
323.0	109.0	18.0	12.0
324.1644592285156	109.5600357055664	17.882362365722656	11.921574592590332
323.63018798828125	109.9789047241211	18.357799530029297	12.238531112670898
324.0	111.0	16.0	10.0
323.83819580078125	110.97785949707031	16.218055725097656	10.16093635559082
324.1100769042969	111.525634765625	15.979621887207031	10.050256729125977
323.0	108.0	15.0	10.0
324.45147705078125	110.9554214477539	15.208369255065918	10.191082000732422
323.97802734375	110.29969787597656	15.231744766235352	10.206745147705078
324.0	110.0	14.0	10.0
323.24798583984375	111.1051254272461	14.057281494140625	10.095385551452637
322.9263610839844	111.32806396484375	13.702013969421387	10.010540962219238
323.0	111.0	12.0	9.0
323.0	110.0	13.0	10.0
322.0	111.0	14.0	9.0
319.0	109.0	15.0	11.0
318.1256103515625	110.03787994384766	15.124133110046387	11.091032028198242
318.0	110.0	12.0	10.0
317.0	108.0	16.0	11.0
313.0	110.0	11.0	10.0
313.0	112.0	9.0	12.0
314.0	111.0	17.0	12.0
311.0	111.0	9.0	12.0
311.0	112.0	10.0	11.0
310.0	112.0	16.0	12.0
308.0	111.0	15.0	13.0
305.8598937988281	110.9156265258789	14.893221855163574	12.907458305358887
305.0	112.0	10.0	12.0
303.3238220214844	111.91444396972656	10.003181457519531	11.848580360412598
302.0	112.0	10.0	14.0
300.5770568847656	111.96406555175781	10.0	13.77478313446045
299.2025146484375	112.1623306274414	10.077377319335938	13.872482299804688
296.0	115.0	11.0	11.0
297.0	115.0	10.0	9.0
296.0	114.0	7.0	12.0
294.4753723144531	113.81910705566406	10.0	12.200081825256348
292.58660888671875	114.29197692871094	10.198246002197266	12.441944122314453
292.35772705078125	113.82379150390625	10.378594398498535	12.661970138549805
290.7758483886719	114.46307373046875	10.436378479003906	12.732468605041504
290.9581604003906	113.90296936035156	10.4454345703125	12.74351692199707
289.8329162597656	114.59842681884766	10.389033317565918	12.674707412719727
290.0	115.0	9.0	12.0
288.05987548828125	114.60746002197266	10.0	12.15339183807373
288.0	115.0	17.0	11.0
285.0	116.0	10.0	12.0
285.06494140625	115.15388488769531	10.060356140136719	12.072418212890625
284.0	117.0	9.0	12.0
284.0	116.0	9.0	13.0
281.5320129394531	116.36804962158203	11.842893600463867	16.576648712158203
280.75384521484375	114.00181579589844	11.711343765258789	16.392518997192383
279.76702880859375	114.93714904785156	11.721899032592773	16.40729522705078
278.70458984375	114.2885971069336	11.900312423706055	16.65702247619629
278.0	117.0	13.0	12.0
278.0	118.0	13.0	11.0
275.0	118.0	12.0	12.0
274.0	118.0	18.0	12.0
272.0	119.0	9.0	12.0
272.0	118.0	10.0	12.0
271.0	119.0	10.0	11.0
270.0	119.0	14.0	11.0
267.0	118.0	10.0	14.0
266.63653564453125	117.90473937988281	10.139945030212402	14.041017532348633
265.0	119.0	9.0	12.0
264.0	119.0	10.0	11.0
264.0	119.0	13.0	12.0
261.0	119.0	18.0	11.0
262.0	120.0	17.0	10.0
258.0	120.0	9.0	12.0
257.0	120.0	10.0	10.0
254.66294860839844	120.90440368652344	10.523584365844727	11.843850135803223
252.0	122.0	10.0	10.0
253.0	122.0	8.0	10.0
252.0	123.0	10.0	9.0
251.0	122.0	14.0	11.0
250.0	123.0	19.0	10.0
250.0	123.0	19.0	11.0
245.0	124.0	9.0	12.0
244.36196899414062	123.0067367553711	10.0	12.052495002746582
244.0	123.0	8.0	11.0
243.0	123.0	8.0	13.0
240.067138671875	123.8416976928711	10.0	13.082931518554688
238.8083038330078	123.56764221191406	10.078893661499023	13.051773071289062
237.8541717529297	123.49044036865234	10.028470993041992	12.863454818725586
236.5946807861328	123.56922912597656	10.169036865234375	13.01685619354248
235.79165649414062	124.1689453125	10.383356094360352	13.291193962097168
235.0	125.0	8.0	12.0
233.6287078857422	124.77974700927734	10.0	12.057825088500977
231.3329620361328	125.44755554199219	10.111021041870117	12.04437255859375
230.85977172851562	125.15397644042969	10.111849784851074	12.045358657836914
229.97537231445312	125.84071350097656	10.131166458129883	11.993870735168457
228.6234588623047	125.785888671875	10.17335319519043	12.007277488708496
228.0	128.0	7.0	11.0
227.0	128.0	7.0	11.0
224.0	129.0	9.0	9.0
225.0	128.0	8.0	13.0
223.0	128.0	9.0	12.0
223.0	129.0	7.0	11.0
222.0	129.0	9.0	10.0
223.0	130.0	10.0	9.0
220.0	131.0	9.0	11.0
220.0	130.0	8.0	12.0
218.0	130.0	7.0	12.0
218.0	131.0	7.0	11.0
216.0	131.0	9.0	11.0
215.0	132.0	9.0	9.0
213.0	132.0	9.0	10.0
214.0	132.0	7.0	12.0
211.38101196289062	131.06298828125	10.0	12.101556777954102
213.0	132.0	9.0	11.0
210.96969604492188	129.82870483398438	7.8725738525390625	10.140288352966309
210.0	133.0	12.0	10.0
209.0	133.0	9.0	10.0
208.0	133.0	11.0	10.0
207.0	133.0	8.0	12.0
206.0	133.0	9.0	12.0
206.0	134.0	8.0	11.0
203.72415161132812	133.6597442626953	10.0	11.080831527709961
202.8360595703125	134.1707000732422	10.19902229309082	11.287684440612793
201.5525360107422	134.25283813476562	10.319520950317383	11.42104434967041
200.9241943359375	134.2287139892578	10.455636978149414	11.57168960571289
200.51373291015625	135.1242218017578	10.316428184509277	11.417621612548828
199.5773162841797	135.7463836669922	10.357738494873047	11.425941467285156
200.0	136.0	8.0	12.0
198.07827758789062	135.6769256591797	10.0	12.179274559020996
198.0	135.0	8.0	13.0
196.502197265625	135.6487579345703	10.0	12.995450019836426
195.33628845214844	136.35646057128906	10.162751197814941	13.144081115722656
194.67288208007812	136.20689392089844	10.223724365234375	13.221120834350586
193.7455596923828	136.89785766601562	10.284540176391602	13.231714248657227
193.0	139.0	9.0	12.0
193.0	138.0	9.0	13.0
191.2467498779297	137.55416870117188	10.0	12.964792251586914
190.56179809570312	137.4834442138672	10.05528450012207	12.805784225463867
189.76708984375	138.06027221679688	10.069144248962402	12.763671875
188.86172485351562	138.98597717285156	10.269360542297363	12.990812301635742
187.89138793945312	138.7700958251953	10.159770965576172	12.832643508911133
188.0	139.0	7.0	15.0
185.04989624023438	138.55960083007812	10.0	15.069076538085938
184.18173217773438	138.9346160888672	10.19804859161377	15.315946578979492
