347.0	92.0	22.0	9.0
347.0	92.0	22.0	10.0
346.0	92.0	22.0	10.0
345.0	92.0	22.0	9.0
344.0	92.0	23.0	10.0
341.0	93.0	23.0	9.0
341.0	93.0	22.0	9.0
340.0	92.0	23.0	11.0
338.0	93.0	22.0	11.0
339.0	93.0	21.0	9.0
338.0	93.0	21.0	10.0
337.0	93.0	20.0	9.0
337.0	94.0	18.0	9.0
335.0	94.0	20.0	10.0
333.0	94.0	21.0	11.0
333.0	95.0	20.0	10.0
332.0	94.0	20.0	11.0
329.0	94.0	21.0	11.0
329.0	95.0	21.0	11.0
329.0	94.0	21.0	12.0
327.0	95.0	22.0	12.0
325.0	95.0	21.0	11.0
322.0	95.0	23.0	11.0
321.0	95.0	24.0	12.0
319.0	96.0	24.0	11.0
318.0	96.0	24.0	11.0
317.0	96.0	23.0	11.0
316.0	96.0	25.0	11.0
314.0	96.0	25.0	11.0
316.0	95.0	21.0	11.0
312.0	95.0	23.0	11.0
312.0	96.0	21.0	11.0
313.0	97.0	19.0	9.0
311.0	96.0	21.0	11.0
311.0	96.0	20.0	10.0
310.0	95.0	19.0	11.0
311.0	97.0	15.0	8.0
309.0431823730469	95.15751647949219	14.926132202148438	10.0
308.2137145996094	94.918212890625	14.921468734741211	10.033308982849121
307.5201721191406	94.87776184082031	14.800355911254883	10.086896896362305
306.62066650390625	94.64681243896484	14.960810661315918	10.211074829101562
305.0	95.0	16.0	9.0
303.83538818359375	94.73138427734375	15.994105339050293	10.0
303.8894348144531	94.64443969726562	15.893267631530762	10.028923988342285
302.75494384765625	94.96400451660156	15.980875968933105	10.119057655334473
301.228759765625	94.4582748413086	16.046451568603516	10.186727523803711
301.2486267089844	94.46109771728516	16.110849380493164	10.227607727050781
299.8856506347656	94.80194854736328	16.080875396728516	10.208578109741211
298.90655517578125	94.81413269042969	15.934675216674805	10.119108200073242
298.7939147949219	94.53868865966797	15.829424858093262	10.148210525512695
297.64251708984375	94.80421447753906	15.876446723937988	10.192419052124023
344.0	89.0	21.0	9.0
346.0	89.0	20.0	9.0
344.0	87.0	26.0	13.0
347.0	87.0	25.0	13.0
349.0	88.0	22.0	10.0
351.0	92.0	16.0	7.0
349.0	91.0	20.0	8.0
349.0	91.0	21.0	9.0
350.0	92.0	20.0	9.0
352.0	89.0	22.0	11.0
349.0	89.0	23.0	11.0
350.0	88.0	24.0	14.0
352.0	90.0	21.0	9.0
353.0	89.0	24.0	13.0
353.0	88.0	24.0	13.0
354.0	88.0	22.0	13.0
355.0	87.0	23.0	14.0
356.0	89.0	20.0	9.0
353.0	88.0	23.0	12.0
353.0	87.0	23.0	13.0
354.0	87.0	23.0	13.0
357.0	89.0	19.0	10.0
354.0	89.0	20.0	9.0
353.35748291015625	88.20765686035156	20.14552879333496	10.0
351.0	89.0	20.0	9.0
351.0	88.0	21.0	10.0
351.0	89.0	20.0	9.0
352.0	89.0	20.0	9.0
350.0	89.0	19.0	8.0
350.0	89.0	19.0	8.0
350.31964111328125	88.17570495605469	18.96735382080078	10.0
348.0	90.0	20.0	8.0
348.7959289550781	88.37386322021484	20.212383270263672	10.0
346.0	87.0	26.0	13.0
350.0	89.0	19.0	8.0
348.31195068359375	88.47434997558594	18.950576782226562	10.0
345.0	91.0	18.0	7.0
347.0	90.0	18.0	9.0
345.0	90.0	21.0	9.0
344.0	90.0	21.0	9.0
344.0	91.0	22.0	8.0
344.0	91.0	21.0	8.0
343.0	91.0	22.0	8.0
343.0	91.0	19.0	8.0
345.0	91.0	20.0	7.0
344.0	91.0	21.0	8.0
344.0	91.0	19.0	8.0
345.0	91.0	21.0	8.0
344.0	91.0	21.0	8.0
345.0	90.0	20.0	9.0
344.0	91.0	22.0	8.0
345.0	91.0	22.0	8.0
345.0	91.0	22.0	8.0
345.0	90.0	21.0	9.0
346.0	90.0	21.0	9.0
347.0	91.0	20.0	8.0
345.0	90.0	22.0	9.0
344.0	90.0	23.0	9.0
343.0	91.0	24.0	9.0
343.0	90.0	24.0	10.0
345.0	91.0	21.0	9.0
345.0	91.0	21.0	9.0
345.0	90.0	22.0	10.0
346.0	91.0	21.0	9.0
344.0	91.0	23.0	9.0
344.0	92.0	23.0	8.0
346.0	92.0	21.0	8.0
345.0	91.0	22.0	9.0
345.0	91.0	21.0	9.0
344.0	92.0	23.0	10.0
344.0	92.0	23.0	9.0
345.0	92.0	22.0	10.0
343.0	92.0	23.0	10.0
343.0	92.0	24.0	10.0
343.0	93.0	21.0	9.0
345.0	93.0	21.0	9.0
345.0	93.0	21.0	9.0
344.0	92.0	21.0	9.0
343.0	92.0	22.0	10.0
342.0	93.0	23.0	9.0
341.0	93.0	24.0	9.0
343.0	92.0	21.0	9.0
344.0	92.0	19.0	9.0
341.0	92.0	22.0	9.0
341.0	92.0	20.0	9.0
343.0	92.0	21.0	10.0
343.0	92.0	20.0	9.0
343.0	92.0	21.0	9.0
341.0	92.0	24.0	10.0
342.0	92.0	21.0	10.0
342.0	91.0	21.0	9.0
342.0	91.0	19.0	9.0
341.0	91.0	21.0	9.0
341.0	91.0	22.0	9.0
342.0	91.0	20.0	9.0
341.0	91.0	21.0	9.0
340.0	92.0	19.0	8.0
341.0	92.0	20.0	11.0
340.0	92.0	20.0	9.0
340.0	91.0	18.0	9.0
340.0	92.0	19.0	9.0
340.0	91.0	20.0	10.0
337.0	92.0	21.0	10.0
338.0	93.0	21.0	9.0
339.0	94.0	19.0	8.0
337.0	94.0	21.0	9.0
339.0	94.0	19.0	8.0
339.0	93.0	22.0	10.0
337.0	93.0	19.0	9.0
338.0	93.0	19.0	9.0
338.0	93.0	19.0	9.0
339.0	94.0	21.0	9.0
338.0	94.0	19.0	9.0
339.0	93.0	18.0	9.0
340.0	93.0	19.0	10.0
338.0	94.0	21.0	10.0
338.0	93.0	22.0	11.0
339.0	94.0	18.0	9.0
338.0	94.0	20.0	9.0
337.0	94.0	23.0	10.0
338.0	94.0	21.0	10.0
339.0	94.0	21.0	9.0
338.0	94.0	21.0	10.0
339.0	94.0	21.0	10.0
338.0	95.0	20.0	9.0
338.0	95.0	21.0	9.0
338.0	94.0	22.0	9.0
339.0	94.0	22.0	10.0
339.0	94.0	21.0	10.0
339.0	95.0	19.0	9.0
339.0	95.0	19.0	9.0
338.0	95.0	21.0	10.0
338.0	95.0	24.0	10.0
340.0	95.0	23.0	10.0
338.0	95.0	20.0	9.0
337.0	95.0	22.0	11.0
339.1126403808594	95.49061584472656	22.163135528564453	11.081567764282227
339.40093994140625	96.25389862060547	22.311786651611328	11.155893325805664
339.0	95.0	22.0	11.0
339.0	96.0	24.0	11.0
339.0	97.0	25.0	14.0
340.0	99.0	26.0	13.0
340.0	99.0	26.0	14.0
340.0	100.0	26.0	13.0
341.0	100.0	24.0	13.0
341.0	100.0	24.0	13.0
341.0	100.0	25.0	13.0
340.0	99.0	26.0	14.0
341.0	100.0	25.0	13.0
341.0	101.0	25.0	13.0
340.0	100.0	26.0	12.0
340.0	100.0	27.0	13.0
340.0	102.0	24.0	12.0
340.0	102.0	25.0	12.0
339.0	101.0	26.0	13.0
339.0	100.0	26.0	13.0
339.0	100.0	26.0	13.0
339.0	100.0	26.0	13.0
339.0	99.0	26.0	14.0
338.0	99.0	26.0	14.0
337.0	99.0	27.0	14.0
338.0	101.0	23.0	11.0
335.0	101.0	27.0	12.0
338.0	101.0	24.0	11.0
337.0	99.0	25.0	14.0
337.0	98.0	26.0	14.0
336.0	98.0	25.0	14.0
338.0	97.0	23.0	11.0
338.0	96.0	21.0	10.0
338.0	95.0	20.0	10.0
336.0	94.0	24.0	11.0
337.0	94.0	19.0	9.0
336.0	92.0	21.0	10.0
339.0	92.0	20.0	9.0
339.0	91.0	19.0	8.0
340.0	90.0	18.0	9.0
338.78411865234375	86.00865936279297	18.307527542114258	10.0
341.0	88.0	17.0	8.0
340.81781005859375	84.32670593261719	17.414905548095703	10.0
342.04486083984375	83.90696716308594	17.243322372436523	10.09082317352295
341.4065246582031	83.35111236572266	17.105932235717773	10.1033935546875
341.6943359375	80.31410217285156	16.81658935546875	10.003812789916992
338.26654052734375	75.50763702392578	16.635143280029297	10.018514633178711
342.1690368652344	78.47940063476562	16.812074661254883	10.142515182495117
344.44451904296875	77.22212219238281	16.97317123413086	10.249518394470215
346.0	78.0	16.0	7.0
344.3309020996094	77.83881378173828	15.974278450012207	10.0
344.17010498046875	76.34822845458984	15.897488594055176	10.050793647766113
344.19244384765625	73.6548843383789	15.770689010620117	10.029115676879883
343.519775390625	72.96636199951172	15.805574417114258	10.120641708374023
344.6943054199219	70.75947570800781	15.988336563110352	10.315701484680176
345.09014892578125	71.22274780273438	15.849029541015625	10.24025821685791
344.7003173828125	71.62084197998047	15.689149856567383	10.136958122253418
345.0132751464844	71.76873016357422	15.471171379089355	10.044532775878906
346.16119384765625	71.3061752319336	15.433131217956543	10.109352111816406
346.63714599609375	69.52877044677734	15.340925216674805	10.07388687133789
346.0118103027344	69.9712142944336	15.322476387023926	10.142935752868652
347.23614501953125	68.81521606445312	15.374775886535645	10.21557331085205
347.61358642578125	68.82792663574219	15.189851760864258	10.10142993927002
346.1408996582031	68.47859191894531	15.276283264160156	10.171772956848145
346.97125244140625	67.1724624633789	15.334574699401855	10.210586547851562
346.8309326171875	67.44509887695312	15.3280029296875	10.261337280273438
347.220947265625	67.09297180175781	15.538681030273438	10.402376174926758
346.0449523925781	67.46736145019531	15.57624626159668	10.427523612976074
345.2353210449219	67.215087890625	15.654070854187012	10.479622840881348
346.28997802734375	67.61000061035156	15.731610298156738	10.531532287597656
344.98394775390625	66.21592712402344	15.854702949523926	10.613936424255371
345.3316955566406	66.48435974121094	15.541773796081543	10.40444564819336
345.63421630859375	66.39474487304688	15.795855522155762	10.574541091918945
345.5601806640625	66.32161712646484	15.753034591674805	10.545873641967773
345.4194030761719	66.310791015625	15.572563171386719	10.425058364868164
345.7678527832031	65.43695068359375	20.717409133911133	16.131900787353516
226.0	113.0	23.0	12.0
226.15658569335938	111.7048110961914	22.5203857421875	11.74976634979248
227.0	113.0	22.0	9.0
227.20938110351562	112.1409912109375	21.78019142150879	10.0
227.6725616455078	110.60292053222656	21.508392333984375	10.042006492614746
228.794189453125	109.32080078125	21.28297996520996	10.05145263671875
228.4608917236328	108.297607421875	20.90078353881836	10.049453735351562
228.7042236328125	106.3119125366211	20.84822654724121	10.102537155151367
228.7581024169922	105.25730895996094	21.497873306274414	10.417340278625488
228.24893188476562	104.58692932128906	21.680601119995117	10.505885124206543
228.89938354492188	103.1683349609375	21.575727462768555	10.455066680908203
229.8299560546875	102.24623107910156	21.3985595703125	10.36921501159668
230.04745483398438	100.97308349609375	21.316757202148438	10.354487419128418
230.42236328125	99.63174438476562	21.08811378479004	10.268902778625488
230.5767822265625	98.60091400146484	21.14864730834961	10.298379898071289
230.74063110351562	97.26713562011719	21.003061294555664	10.233548164367676
230.92764282226562	96.66901397705078	20.759666442871094	10.11699104309082
232.0527801513672	95.10072326660156	20.928882598876953	10.207283020019531
232.57937622070312	94.11044311523438	20.919872283935547	10.226617813110352
233.16543579101562	93.41746520996094	21.042842864990234	10.286730766296387
232.88082885742188	92.48786926269531	21.389141082763672	10.45601749420166
347.0	89.0	15.0	8.0
344.0	91.0	20.0	7.0
342.0	91.0	22.0	8.0
345.0	91.0	21.0	9.0
345.0	92.0	22.0	9.0
344.0	92.0	21.0	10.0
344.0	94.0	19.0	8.0
341.0	94.0	23.0	9.0
343.0	94.0	24.0	9.0
341.0	94.0	26.0	13.0
340.0	96.0	23.0	9.0
339.0	96.0	24.0	10.0
340.0	95.0	22.0	10.0
338.0	95.0	25.0	12.0
338.0	96.0	29.0	13.0
339.0	97.0	27.0	11.0
341.0	97.0	21.0	10.0
340.0	99.0	25.0	13.0
339.0	98.0	27.0	14.0
339.0	98.0	27.0	14.0
340.0	100.0	25.0	13.0
339.0	100.0	25.0	13.0
339.0	101.0	27.0	13.0
339.0	101.0	25.0	12.0
340.0	102.0	25.0	12.0
340.0	100.0	26.0	13.0
341.0	103.0	23.0	11.0
341.0	103.0	24.0	11.0
341.0	102.0	26.0	12.0
341.0	101.0	27.0	12.0
341.0	102.0	26.0	13.0
342.0	101.0	26.0	13.0
344.0	104.0	21.0	10.0
346.0	101.0	24.0	12.0
343.0	101.0	25.0	12.0
345.0	100.0	24.0	12.0
346.0	99.0	24.0	12.0
346.0	95.0	25.0	14.0
347.0	96.0	19.0	10.0
347.0	93.0	24.0	11.0
349.0	89.0	22.0	14.0
349.0	90.0	21.0	10.0
350.0	90.0	20.0	9.0
350.0	88.0	19.0	9.0
348.0	87.0	25.0	12.0
350.0	87.0	17.0	8.0
349.70538330078125	84.42710876464844	17.353403091430664	10.0
349.3492126464844	82.94373321533203	17.380542755126953	10.069791793823242
348.39068603515625	82.40015411376953	17.380474090576172	10.124049186706543
347.7296447753906	79.85955047607422	17.535934448242188	10.214603424072266
348.4082946777344	78.52564239501953	17.67965316772461	10.309099197387695
347.91693115234375	77.84675598144531	17.694215774536133	10.317590713500977
346.86236572265625	76.73311614990234	17.945356369018555	10.464032173156738
316.0	66.0	16.0	8.0
315.0691833496094	64.62377166748047	16.180988311767578	10.0
314.138427734375	65.569580078125	16.092435836791992	10.03895092010498
314.2146301269531	66.24958038330078	16.17561149597168	10.10894775390625
346.0	74.0	19.0	9.0
345.38385009765625	73.04515838623047	19.17435073852539	10.0
346.22674560546875	72.34831237792969	19.361875534057617	10.12861442565918
345.6670837402344	72.0248794555664	19.305889129638672	10.143539428710938
344.40771484375	71.50306701660156	19.49347496032715	10.272390365600586
345.0672912597656	71.53997802734375	19.4884033203125	10.272332191467285
344.4748229980469	71.56163024902344	19.553483963012695	10.306635856628418
344.74493408203125	71.76651763916016	19.537240982055664	10.30055046081543
344.29583740234375	70.99664306640625	19.39688491821289	10.22654914855957
344.2052307128906	70.84181213378906	19.613134384155273	10.349726676940918
344.0863952636719	70.57098388671875	19.497249603271484	10.288575172424316
343.6811218261719	70.42244720458984	19.57389259338379	10.329019546508789
344.12335205078125	69.88135528564453	19.8449649810791	10.472063064575195
344.42578125	70.01667785644531	19.950149536132812	10.527567863464355
344.0328063964844	70.08811950683594	19.77541732788086	10.43536376953125
344.22283935546875	70.36287689208984	19.82075309753418	10.459287643432617
345.6274719238281	70.43827056884766	20.015233993530273	10.561914443969727
344.20684814453125	70.34034729003906	19.832714080810547	10.465600967407227
344.9928283691406	70.53699493408203	19.765274047851562	10.430012702941895
344.9312744140625	70.90323638916016	19.263446807861328	10.178533554077148
345.3653564453125	71.94941711425781	19.074064254760742	10.128178596496582
345.6085205078125	71.81710052490234	19.034912109375	10.164976119995117
345.8501281738281	71.37586975097656	18.874958038330078	10.153352737426758
345.7155456542969	72.00111389160156	18.683135986328125	10.11500358581543
346.193359375	71.52005767822266	18.536434173583984	10.099950790405273
346.3854675292969	71.88844299316406	18.271404266357422	10.06572151184082
345.46429443359375	71.97529602050781	18.37021255493164	10.139897346496582
345.1968688964844	72.11888122558594	18.717655181884766	10.331677436828613
345.3181457519531	72.37492370605469	19.077884674072266	10.530512809753418
345.4650573730469	72.64464569091797	18.916561126708984	10.44146728515625
345.8428649902344	72.26130676269531	18.911331176757812	10.438579559326172
345.6719970703125	72.49784851074219	18.711929321289062	10.32851505279541
346.35076904296875	72.15388488769531	18.325607299804688	10.140768051147461
345.9985046386719	72.30789184570312	17.901607513427734	10.026634216308594
347.1319274902344	72.34928131103516	17.608274459838867	10.0
347.54913330078125	72.20761108398438	17.567378997802734	10.05495834350586
347.291259765625	72.3770980834961	17.746501922607422	10.232275009155273
347.13067626953125	72.63801574707031	18.007553100585938	10.382791519165039
347.99871826171875	72.05927276611328	18.053876876831055	10.409502029418945
349.4197082519531	71.92582702636719	17.997600555419922	10.377055168151855
349.4895935058594	71.8861083984375	18.00783920288086	10.382957458496094
349.55316162109375	71.38163757324219	17.86698341369629	10.30174446105957
349.78765869140625	71.62557983398438	17.886459350585938	10.312973976135254
350.0201110839844	71.37345886230469	17.826196670532227	10.278226852416992
350.5594177246094	71.02891540527344	17.64960479736328	10.179352760314941
351.03839111328125	71.23751831054688	17.73993492126465	10.231450080871582
351.1978454589844	71.65108489990234	17.523372650146484	10.159500122070312
350.6804504394531	71.72181701660156	17.860740661621094	10.355095863342285
350.8111877441406	71.6319351196289	17.903982162475586	10.380166053771973
351.6331481933594	72.20853424072266	17.962905883789062	10.414328575134277
351.1623229980469	72.87184143066406	18.059444427490234	10.486616134643555
351.1219482421875	72.74872589111328	18.23679542541504	10.589598655700684
230.0	106.0	23.0	12.0
231.8696746826172	106.40937805175781	23.561071395874023	12.292732238769531
230.859619140625	105.40199279785156	23.787254333496094	12.410740852355957
231.149169921875	105.169189453125	23.774127960205078	12.403892517089844
234.0	107.0	22.0	9.0
234.2664794921875	106.06884765625	22.37505531311035	10.0
234.68984985351562	105.92045593261719	22.523969650268555	10.125753402709961
235.27871704101562	105.35084533691406	22.45657730102539	10.116765975952148
236.74472045898438	105.42970275878906	22.49007797241211	10.224715232849121
236.2890625	105.00225830078125	22.596080780029297	10.272906303405762
236.81253051757812	104.28425598144531	22.39368438720703	10.180891036987305
237.23486328125	104.40812683105469	22.405012130737305	10.186040878295898
238.3295440673828	103.9053726196289	22.27897071838379	10.128738403320312
240.0379638671875	103.44206237792969	22.161540985107422	10.150920867919922
240.87490844726562	103.74790954589844	22.540645599365234	10.324566841125488
241.9813995361328	102.9765625	22.987062454223633	10.538301467895508
242.5066680908203	102.87705993652344	22.648582458496094	10.383127212524414
243.82406616210938	102.55671691894531	22.52926254272461	10.328426361083984
244.27566528320312	102.2713623046875	22.92068862915039	10.50787353515625
238.92007446289062	101.3307876586914	22.986730575561523	7.8293962478637695
247.11630249023438	102.55995178222656	22.845327377319336	10.0
346.0	86.0	18.0	8.0
346.00732421875	84.36112213134766	18.328048706054688	10.0
345.4109191894531	84.55149841308594	18.0621280670166	10.068197250366211
344.81231689453125	84.62120056152344	18.447856903076172	10.283211708068848
344.91912841796875	84.95671844482422	18.67789077758789	10.41143798828125
344.16363525390625	85.32334899902344	18.979982376098633	10.579829216003418
347.0	87.0	16.0	8.0
346.0	87.0	17.0	9.0
344.71417236328125	85.8431396484375	16.987518310546875	10.0
344.7856750488281	86.55113220214844	17.112625122070312	10.12781047821045
345.0	87.0	16.0	9.0
345.0	87.0	17.0	8.0
343.0	87.0	18.0	8.0
342.0	88.0	18.0	8.0
340.0	87.0	22.0	9.0
341.2315673828125	86.81734466552734	22.307384490966797	10.0
341.2538146972656	87.05610656738281	22.0020809173584	10.018209457397461
340.8227844238281	86.97579193115234	22.100475311279297	10.2018404006958
341.0	88.0	21.0	9.0
342.0	88.0	19.0	9.0
342.0	87.0	19.0	10.0
342.29010009765625	86.88560485839844	19.366390228271484	10.192835807800293
343.0	87.0	17.0	9.0
343.43035888671875	86.93335723876953	17.060941696166992	10.0
343.4509582519531	87.06071472167969	17.03243637084961	10.119044303894043
342.9388122558594	86.68379211425781	17.30878448486328	10.283223152160645
342.5608215332031	85.93180084228516	17.491750717163086	10.391923904418945
341.0	87.0	20.0	9.0
341.2286682128906	86.91157531738281	19.892528533935547	10.0
340.76959228515625	86.37971496582031	19.727951049804688	10.04249382019043
340.67889404296875	85.9952392578125	20.095897674560547	10.229796409606934
340.47515869140625	86.17948913574219	20.29003143310547	10.328619956970215
339.6255798339844	85.7658920288086	20.213430404663086	10.289627075195312
339.06854248046875	85.97724914550781	20.774490356445312	10.575234413146973
339.33819580078125	86.07259368896484	20.853384017944336	10.615396499633789
338.05767822265625	85.82170104980469	21.084529876708984	10.733060836791992
