317.0	197.0	33.0	32.0
321.0	198.0	29.0	28.0
319.0	198.0	31.0	29.0
319.0	198.0	31.0	29.0
319.0	198.0	30.0	29.0
320.0	198.0	30.0	29.0
320.0	198.0	30.0	29.0
320.0	198.0	30.0	29.0
327.0	197.0	28.0	30.0
328.0	197.0	27.0	29.0
327.0	196.0	28.0	29.0
336.0	192.0	27.0	28.0
333.405029296875	185.71377563476562	27.424671173095703	28.440399169921875
332.0127868652344	181.72274780273438	26.64141273498535	27.628128051757812
326.29193115234375	177.67941284179688	26.73457908630371	27.724746704101562
323.97259521484375	175.8085479736328	26.19843101501465	27.168743133544922
326.2810974121094	174.93389892578125	25.88687515258789	26.84564781188965
325.7848815917969	174.27261352539062	26.01946449279785	26.9831485748291
318.4123840332031	168.08544921875	26.145395278930664	27.11374282836914
298.0	160.0	31.0	31.0
296.0	162.0	31.0	31.0
298.78643798828125	164.45693969726562	31.107284545898438	31.107284545898438
304.9761962890625	151.21978759765625	31.288537979125977	31.288537979125977
304.4635925292969	143.1100311279297	31.253610610961914	31.253610610961914
323.7681884765625	135.5828857421875	30.957473754882812	30.957473754882812
329.4892883300781	130.7834930419922	30.830331802368164	30.830331802368164
325.0	130.0	34.0	33.0
323.42333984375	125.67509460449219	34.0382080078125	33.037086486816406
316.554443359375	123.2729721069336	33.724769592285156	32.73286819458008
311.0	124.0	32.0	27.0
311.0	125.0	28.0	26.0
312.0	124.0	27.0	26.0
311.0	124.0	29.0	27.0
312.0	126.0	29.0	27.0
312.0	125.0	29.0	27.0
312.0	125.0	29.0	27.0
312.0	125.0	29.0	27.0
312.0	124.0	29.0	28.0
311.0	125.0	31.0	27.0
312.0	126.0	29.0	27.0
312.0	125.0	29.0	28.0
311.0	125.0	31.0	28.0
312.10577392578125	125.52922058105469	30.856521606445312	27.870407104492188
311.0	125.0	31.0	27.0
313.0	125.0	28.0	27.0
313.7685241699219	125.58287048339844	27.868350982666016	26.8730525970459
312.0	124.0	30.0	28.0
312.9826354980469	125.38775634765625	29.532703399658203	27.563854217529297
312.588134765625	125.07430267333984	29.96396827697754	27.966365814208984
312.71307373046875	125.16102600097656	30.56133460998535	28.523906707763672
313.9626159667969	125.0982437133789	29.800445556640625	27.81374168395996
313.0183410644531	124.50407409667969	30.42719078063965	28.39870262145996
314.009765625	126.68898010253906	30.058080673217773	28.05419921875
311.0	130.0	30.0	28.0
313.481689453125	129.62588500976562	30.356298446655273	28.33254623413086
315.6877136230469	133.6449432373047	29.611743927001953	27.63762855529785
318.968017578125	134.96978759765625	29.60019302368164	27.626846313476562
320.1375427246094	136.20339965820312	29.824016571044922	27.835750579833984
320.7070617675781	137.211669921875	29.601505279541016	27.62807273864746
320.3321228027344	135.5913848876953	30.03084373474121	28.02878761291504
321.30322265625	136.02279663085938	29.957427978515625	27.960269927978516
291.0	163.0	29.0	28.0
293.0	167.0	29.0	30.0
296.0	173.0	29.0	29.0
296.0	176.0	31.0	31.0
299.0	180.0	31.0	30.0
305.0	186.0	30.0	30.0
309.0	191.0	30.0	30.0
310.0	192.0	30.0	31.0
312.0	195.0	29.0	30.0
312.0	196.0	30.0	32.0
312.0	195.0	30.0	32.0
312.0	195.0	30.0	31.0
315.0	194.0	29.0	31.0
314.0	193.0	31.0	31.0
314.0	191.0	31.0	32.0
316.0	190.0	31.0	32.0
319.0	191.0	31.0	30.0
321.0	188.0	32.0	32.0
321.0	186.0	34.0	34.0
323.0	186.0	33.0	34.0
324.0	187.0	33.0	33.0
322.0	189.0	33.0	33.0
317.0	189.0	30.0	30.0
314.0	186.0	32.0	32.0
314.0	184.0	32.0	34.0
316.0	184.0	32.0	34.0
316.0	185.0	33.0	34.0
318.0	185.0	32.0	34.0
320.0	187.0	31.0	30.0
324.0	186.0	30.0	31.0
326.0	185.0	31.0	31.0
330.00250244140625	184.43240356445312	30.76913833618164	30.76913833618164
318.0	209.0	29.0	30.0
346.0	217.0	32.0	32.0
320.0	208.0	29.0	30.0
320.0	208.0	30.0	31.0
320.0	208.0	30.0	30.0
320.0	207.0	30.0	30.0
321.0	207.0	29.0	30.0
321.0	207.0	29.0	30.0
351.0	220.0	30.0	30.0
352.0	219.0	32.0	32.0
353.0	219.0	31.0	32.0
352.0	216.0	33.0	34.0
352.0	215.0	33.0	34.0
351.1156921386719	216.2636260986328	33.33827590942383	34.34852600097656
353.0	215.0	31.0	32.0
352.0	213.0	33.0	33.0
351.0	212.0	33.0	33.0
351.0	211.0	32.0	32.0
350.0	209.0	33.0	34.0
348.0	210.0	36.0	33.0
348.0	208.0	33.0	34.0
347.45660400390625	208.1461944580078	32.879093170166016	33.87542724609375
347.11029052734375	205.4917449951172	33.659690856933594	34.67967987060547
346.4916687011719	205.90921020507812	34.16465377807617	35.19994354248047
344.0	203.0	31.0	32.0
346.69207763671875	205.9244842529297	31.949670791625977	32.98030090332031
344.0	203.0	31.0	32.0
344.0	202.0	31.0	32.0
346.5947265625	205.42465209960938	31.678104400634766	32.699974060058594
347.7929382324219	206.67398071289062	32.05689239501953	33.090980529785156
349.83221435546875	206.2983856201172	32.58169937133789	33.63271713256836
350.0	205.0	33.0	33.0
352.88507080078125	207.2412872314453	33.77937698364258	33.77937698364258
354.0	208.0	31.0	32.0
355.0	208.0	31.0	31.0
355.97119140625	211.25601196289062	31.12526512145996	31.12526512145996
354.0	208.0	32.0	32.0
357.10357666015625	211.90322875976562	32.268653869628906	32.268653869628906
354.0	209.0	32.0	33.0
354.0	210.0	32.0	33.0
354.0	209.0	32.0	34.0
351.0	209.0	34.0	34.0
350.0	209.0	34.0	35.0
349.0	210.0	34.0	34.0
348.0	209.0	35.0	35.0
349.0	210.0	34.0	34.0
349.0	211.0	34.0	34.0
349.0	210.0	34.0	35.0
351.0	212.0	33.0	33.0
351.0	214.0	34.0	32.0
349.70428466796875	216.5270233154297	33.89866256713867	31.90462303161621
354.0	221.0	28.0	29.0
355.6879577636719	217.46987915039062	28.210851669311523	29.218379974365234
357.6917419433594	215.07376098632812	28.078649520874023	29.081457138061523
359.18817138671875	212.40524291992188	28.196237564086914	29.2032470703125
363.54412841796875	203.74447631835938	28.73458480834961	29.760822296142578
349.144287109375	208.2910614013672	28.796772003173828	29.82522964477539
319.0	191.0	30.0	31.0
319.0	192.0	29.0	30.0
319.0	192.0	28.0	29.0
319.0	193.0	28.0	28.0
319.0	192.0	28.0	29.0
320.0	193.0	27.0	28.0
319.0	192.0	28.0	29.0
319.0	193.0	28.0	29.0
320.0	193.0	28.0	29.0
320.0	192.0	28.0	30.0
320.0	193.0	27.0	29.0
320.0	193.0	27.0	29.0
319.0	193.0	28.0	29.0
319.0	193.0	28.0	29.0
320.0	193.0	27.0	29.0
320.0	192.0	27.0	30.0
320.0	192.0	27.0	30.0
319.0	193.0	28.0	29.0
319.0	192.0	28.0	30.0
319.6227722167969	191.28598022460938	28.565866470336914	30.606287002563477
320.0	192.0	28.0	31.0
319.0	192.0	28.0	30.0
319.0	192.0	28.0	29.0
319.0	192.0	29.0	30.0
320.0	193.0	28.0	28.0
321.0	193.0	28.0	29.0
317.2447509765625	193.6863250732422	27.94674301147461	28.944843292236328
319.0	193.0	28.0	29.0
320.0	194.0	28.0	29.0
318.4588623046875	192.1733856201172	28.273483276367188	29.283252716064453
319.6255187988281	193.427001953125	28.62494468688965	29.647266387939453
318.20794677734375	193.56179809570312	28.65073013305664	29.673974990844727
319.17071533203125	193.96347045898438	28.624658584594727	29.646968841552734
318.99066162109375	193.9490203857422	28.609676361083984	29.63144874572754
318.5722961425781	195.70718383789062	28.91196060180664	29.944528579711914
319.31549072265625	194.86422729492188	29.106454849243164	30.14596939086914
319.0	194.0	28.0	28.0
319.0	194.0	28.0	28.0
318.87554931640625	193.6848907470703	28.054489135742188	28.054489135742188
319.01953125	193.9370880126953	27.990055084228516	27.990055084228516
320.0	194.0	28.0	28.0
318.7826232910156	193.3348846435547	27.977930068969727	27.977930068969727
319.4034423828125	192.587158203125	28.49419593811035	28.49419593811035
319.0	194.0	29.0	28.0
319.55303955078125	194.31607055664062	29.180301666259766	28.174081802368164
319.16534423828125	193.60452270507812	28.900854110717773	27.90427017211914
319.0	193.0	30.0	29.0
317.9169616699219	193.16314697265625	30.158126831054688	29.15285301208496
317.8343505859375	192.93417358398438	30.08926010131836	29.086284637451172
319.0	194.0	30.0	29.0
319.0	194.0	30.0	29.0
320.0	194.0	29.0	28.0
319.0	193.0	30.0	30.0
316.588623046875	193.67184448242188	29.902721405029297	29.902721405029297
319.0	192.0	30.0	30.0
317.798828125	193.41348266601562	30.310718536376953	30.310718536376953
318.6256408691406	192.8832244873047	30.6057071685791	30.6057071685791
318.22418212890625	192.1610565185547	30.41976547241211	30.41976547241211
318.01898193359375	192.91818237304688	30.694644927978516	30.694644927978516
318.1918029785156	192.61636352539062	30.83565330505371	30.83565330505371
317.5940856933594	192.68057250976562	30.81100845336914	30.81100845336914
317.79583740234375	192.3651123046875	30.96828269958496	30.96828269958496
317.32916259765625	192.73593139648438	31.1001033782959	31.1001033782959
318.41864013671875	191.7790985107422	31.044689178466797	31.044689178466797
319.0	194.0	29.0	28.0
319.0	194.0	29.0	28.0
318.9731140136719	193.55859375	28.90814208984375	27.91131019592285
320.0	194.0	28.0	27.0
320.0	193.0	28.0	29.0
319.8564453125	192.31674194335938	27.579463958740234	28.564443588256836
320.0	194.0	28.0	27.0
320.0	194.0	28.0	28.0
319.0	193.0	28.0	28.0
319.0	192.0	28.0	30.0
319.0	192.0	28.0	30.0
320.0	193.0	27.0	29.0
319.0	192.0	28.0	30.0
319.0	192.0	28.0	30.0
319.0	192.0	28.0	30.0
319.0859375	192.7344512939453	27.30573081970215	29.256139755249023
319.39996337890625	192.7955780029297	27.611587524414062	29.583843231201172
319.74066162109375	192.68545532226562	27.648544311523438	29.62343978881836
319.0	193.0	28.0	29.0
319.0	192.0	28.0	30.0
318.3376159667969	192.46963500976562	27.7011661529541	29.679821014404297
321.0	194.0	27.0	28.0
319.1781921386719	194.1856689453125	27.04070472717285	28.042211532592773
319.0	193.0	29.0	29.0
318.75347900390625	193.10537719726562	28.844751358032227	28.844751358032227
318.63885498046875	192.87757873535156	28.502368927001953	28.502368927001953
319.0	192.0	28.0	29.0
318.0821533203125	192.6018524169922	28.072200775146484	29.074779510498047
320.0	194.0	27.0	28.0
318.4903869628906	191.70993041992188	27.081552505493164	28.084569931030273
319.0	192.0	28.0	29.0
319.0	192.0	27.0	29.0
318.0	191.0	28.0	30.0
319.0	192.0	28.0	30.0
318.075439453125	194.41197204589844	27.955394744873047	29.95220947265625
317.0	172.0	30.0	31.0
317.0	175.0	30.0	30.0
320.0	177.0	29.0	29.0
322.0	177.0	29.0	29.0
322.0	177.0	29.0	29.0
322.0	178.0	29.0	28.0
322.0	177.0	29.0	29.0
322.0	178.0	28.0	28.0
322.0	178.0	29.0	28.0
323.0	178.0	28.0	28.0
322.0	178.0	29.0	28.0
322.0	178.0	29.0	28.0
322.0	177.0	28.0	29.0
322.0	178.0	28.0	28.0
323.0	178.0	27.0	28.0
323.0	178.0	28.0	28.0
322.0	178.0	28.0	28.0
322.0	177.0	29.0	29.0
321.0	177.0	30.0	29.0
322.0	177.0	29.0	29.0
322.0	177.0	28.0	29.0
322.0	178.0	28.0	28.0
322.0	178.0	29.0	28.0
322.0	177.0	29.0	29.0
322.0	177.0	29.0	29.0
323.0	178.0	28.0	28.0
