247.0	45.0	150.0	196.0
246.0	46.0	151.0	193.0
246.0	48.0	146.0	190.0
245.0	48.0	149.0	191.0
245.0	50.0	146.0	189.0
244.0	50.0	151.0	186.0
244.0	50.0	154.0	183.0
241.0	49.0	158.0	181.0
238.0	50.0	160.0	177.0
237.0	49.0	155.0	182.0
234.0	50.0	154.0	183.0
232.0	49.0	151.0	163.0
231.0	48.0	156.0	164.0
230.0	50.0	141.0	142.0
227.0	52.0	140.0	137.0
227.0	53.0	137.0	136.0
219.0	48.0	155.0	140.0
213.0	52.0	162.0	135.0
219.0	51.0	155.0	135.0
215.0	52.0	158.0	132.0
216.0	52.0	157.0	131.0
217.0	52.0	158.0	130.0
218.0	51.0	158.0	131.0
218.0	46.0	163.0	134.0
220.0	46.0	160.0	133.0
221.0	45.0	158.0	134.0
224.0	43.0	161.0	136.0
226.0	42.0	162.0	136.0
227.0	41.0	167.0	138.0
233.0	39.0	166.0	141.0
232.0	39.0	168.0	141.0
235.0	39.0	167.0	141.0
238.0	39.0	164.0	142.0
237.0	42.0	169.0	139.0
239.0	42.0	168.0	138.0
242.0	43.0	166.0	136.0
247.0	42.0	163.0	137.0
249.0	42.0	162.0	137.0
250.0	44.0	161.0	136.0
251.0	45.0	164.0	135.0
255.0	46.0	161.0	136.0
253.0	49.0	166.0	134.0
257.0	49.0	164.0	136.0
258.0	50.0	165.0	136.0
259.0	53.0	165.0	133.0
264.0	53.0	161.0	134.0
263.0	52.0	161.0	137.0
268.0	56.0	157.0	132.0
269.0	58.0	156.0	131.0
269.0	59.0	156.0	129.0
270.0	60.0	155.0	128.0
272.0	60.0	152.0	129.0
273.0	60.0	153.0	128.0
272.0	63.0	153.0	124.0
272.0	62.0	153.0	125.0
274.0	60.0	149.0	126.0
272.0	61.0	152.0	124.0
273.0	61.0	149.0	124.0
272.0	59.0	151.0	125.0
271.0	60.0	151.0	124.0
268.0	59.0	154.0	124.0
268.0	59.0	151.0	124.0
262.0	59.0	155.0	122.0
260.0	59.0	154.0	121.0
257.0	60.0	152.0	119.0
260.0	61.0	145.0	118.0
254.0	62.0	147.0	117.0
254.0	62.0	137.0	116.0
262.0	60.0	128.0	124.0
254.0	62.0	131.0	115.0
255.0	61.0	125.0	116.0
253.0	62.0	126.0	116.0
249.0	60.0	131.0	120.0
249.0	60.0	129.0	123.0
249.0	63.0	116.0	116.0
252.0	62.0	118.0	134.0
239.0	64.0	120.0	116.0
247.0	63.0	107.0	120.0
250.0	64.0	104.0	115.0
244.0	64.0	107.0	116.0
245.0	64.0	106.0	116.0
242.0	64.0	106.0	116.0
246.0	66.0	102.0	114.0
246.0	67.0	96.0	113.0
247.0	65.0	90.0	115.0
250.0	66.0	88.0	113.0
251.0	67.0	84.0	113.0
249.0	66.0	83.0	114.0
245.0	65.0	86.0	118.0
247.0	66.0	82.0	114.0
247.0	65.0	81.0	114.0
246.0	64.0	82.0	114.0
246.0	65.0	81.0	113.0
244.0	63.0	82.0	116.0
243.0	63.0	82.0	116.0
243.0	60.0	80.0	119.0
220.0	60.0	104.0	119.0
247.0	62.0	74.0	115.0
245.67025756835938	67.84361267089844	73.00242614746094	113.44970703125
232.0	63.0	89.0	115.0
225.0	62.0	94.0	116.0
233.0	63.0	86.0	116.0
226.0	62.0	91.0	116.0
227.0	63.0	89.0	116.0
230.0	64.0	86.0	115.0
228.0	64.0	88.0	115.0
225.0	63.0	90.0	116.0
228.0	64.0	87.0	115.0
210.0	64.0	103.0	124.0
227.0	64.0	86.0	115.0
207.0	60.0	105.0	137.0
215.0	61.0	96.0	128.0
221.0	64.0	90.0	116.0
211.0	59.0	100.0	131.0
231.0	63.0	79.0	115.0
229.6414337158203	71.58580017089844	78.3481216430664	114.0510482788086
228.19253540039062	70.0295181274414	78.70649719238281	114.5727310180664
225.0	60.0	83.0	119.0
226.81356811523438	68.98774719238281	81.48054504394531	116.82149505615234
232.0	64.0	77.0	116.0
228.002197265625	65.65926361083984	76.96321105957031	115.94456481933594
224.2639923095703	68.98948669433594	78.42018127441406	118.13948822021484
230.0	65.0	76.0	115.0
223.38125610351562	63.21734619140625	76.99070739746094	116.49909973144531
231.0	68.0	70.0	115.0
234.0	70.0	63.0	114.0
232.0	71.0	61.0	116.0
229.0	75.0	64.0	115.0
233.0	68.0	61.0	123.0
233.0	69.0	63.0	124.0
230.0	68.0	68.0	126.0
223.96609497070312	67.86740112304688	67.4778060913086	125.03242492675781
224.6187744140625	69.74250030517578	66.37504577636719	122.98905944824219
222.5878143310547	68.07704162597656	65.09562683105469	120.61837005615234
221.836181640625	67.53852081298828	64.63300323486328	119.76114654541016
216.26992797851562	70.32054138183594	63.172950744628906	117.05574035644531
221.3679656982422	64.22969055175781	63.152122497558594	117.01715087890625
221.87448120117188	63.998329162597656	61.74846267700195	114.416259765625
222.74758911132812	63.401283264160156	61.754974365234375	114.42832946777344
221.45510864257812	61.519805908203125	62.0155029296875	114.91107177734375
225.7551727294922	59.60284423828125	61.43700408935547	113.83915710449219
220.82595825195312	61.071189880371094	61.7757568359375	114.46684265136719
222.03933715820312	53.8958625793457	61.81107711791992	114.53228759765625
225.09481811523438	50.9728889465332	62.40217208862305	115.6275405883789
230.4284210205078	52.0179443359375	62.14453887939453	115.15016174316406
226.39462280273438	56.94953536987305	62.16145706176758	115.1815185546875
231.5491180419922	48.79791259765625	63.40593719482422	117.48746490478516
232.81875610351562	46.44306182861328	63.44062423706055	117.5517349243164
237.9508514404297	42.615047454833984	64.56541442871094	119.63591003417969
244.5396270751953	36.3687629699707	64.08818054199219	118.75163269042969
250.9287109375	29.591339111328125	64.33354187011719	119.2062759399414
255.8356170654297	25.063928604125977	64.09638214111328	118.76683044433594
259.06939697265625	23.99675941467285	64.69764709472656	119.88094329833984
265.7818298339844	17.055057525634766	64.02872467041016	118.64146423339844
269.7038879394531	10.723657608032227	63.48357009887695	117.6313247680664
273.53326416015625	10.07056999206543	61.896240234375	114.6900863647461
278.2985534667969	3.609147548675537	62.60424041748047	116.00196838378906
284.5794372558594	-1.8714141845703125	62.504356384277344	115.81689453125
285.44146728515625	5.972212791442871	62.46730422973633	115.74822998046875
285.550537109375	1.4149398803710938	62.070892333984375	115.0136947631836
232.0	4.0	113.0	103.0
250.71762084960938	-0.7031715512275696	111.69017028808594	101.80608367919922
250.09951782226562	1.2236992120742798	113.06745910644531	103.06147766113281
248.5287628173828	3.125457763671875	112.5272216796875	102.56904602050781
226.0	3.0	131.0	101.0
217.0	0.0	142.0	105.0
236.0679931640625	-4.1266913414001465	141.73666381835938	104.8052749633789
232.59042358398438	1.1728827953338623	141.00765991210938	104.2662124633789
238.0457000732422	2.719292402267456	140.66981506347656	104.01639556884766
215.0	0.0	151.0	104.0
215.0	0.0	152.0	104.0
214.0	0.0	153.0	104.0
215.0	0.0	151.0	107.0
210.0	0.0	158.0	107.0
216.0	0.0	152.0	106.0
204.0	0.0	166.0	107.0
215.0	0.0	157.0	106.0
215.0	0.0	155.0	107.0
210.0	0.0	158.0	105.0
214.0	0.0	157.0	107.0
218.0	0.0	153.0	108.0
214.0	0.0	159.0	108.0
217.0	0.0	156.0	108.0
218.0	0.0	155.0	108.0
217.0	1.0	157.0	108.0
218.0	0.0	157.0	109.0
217.0	0.0	158.0	109.0
219.0	0.0	156.0	109.0
217.0	0.0	159.0	109.0
217.0	0.0	160.0	110.0
219.0	0.0	157.0	110.0
219.0	0.0	159.0	110.0
221.0	0.0	157.0	112.0
219.0	0.0	161.0	112.0
224.0	0.0	156.0	113.0
218.0	0.0	162.0	114.0
220.0	0.0	160.0	115.0
221.0	0.0	158.0	115.0
216.0	1.0	166.0	114.0
221.0	0.0	165.0	114.0
233.1610870361328	-4.061326503753662	166.99774169921875	115.3802490234375
230.7975311279297	-9.537426948547363	168.72706604003906	116.5750503540039
226.78292846679688	-16.167236328125	164.94212341308594	113.96000671386719
238.0	2.0	156.0	70.0
241.3812255859375	0.7356487512588501	153.54373168945312	68.89783477783203
239.0	0.0	161.0	66.0
229.0	0.0	198.0	74.0
216.4954833984375	3.202136993408203	201.1873016357422	75.19121551513672
213.8206024169922	7.745527744293213	202.86990356445312	75.82006072998047
254.0	23.0	123.0	78.0
258.1259765625	8.270547866821289	122.01397705078125	77.37471771240234
290.63189697265625	25.108142852783203	121.6230239868164	77.12680053710938
296.1351013183594	30.889278411865234	120.90040588378906	76.66856384277344
265.4280700683594	34.704715728759766	122.36258697509766	77.59579467773438
241.7499237060547	38.12238311767578	122.95991516113281	77.9745864868164
260.5464782714844	53.87678909301758	123.32530212402344	78.20629119873047
247.0	41.0	152.0	66.0
250.14462280273438	39.50099182128906	152.2777557373047	66.12060546875
257.21966552734375	40.027488708496094	150.74832153320312	65.45649719238281
260.319580078125	42.389373779296875	153.37515258789062	66.59709167480469
250.88345336914062	37.396400451660156	154.50038146972656	67.08567810058594
259.96051025390625	35.971580505371094	152.82199096679688	66.35691833496094
254.7342071533203	39.086788177490234	153.2210235595703	66.53018188476562
254.4497833251953	42.62108612060547	152.59713745117188	66.25927734375
253.8506317138672	41.61344528198242	152.91836547851562	66.39875793457031
257.61798095703125	39.07512664794922	155.4121551513672	67.48158264160156
253.5568389892578	43.922698974609375	153.50906372070312	66.65523529052734
257.6174011230469	46.50554656982422	153.8026885986328	66.78273010253906
255.96597290039062	46.90986251831055	152.63189697265625	66.27436065673828
254.24478149414062	46.85567092895508	155.71353149414062	67.61243438720703
245.27401733398438	44.8028450012207	157.17636108398438	68.24760437011719
243.98486328125	47.51285934448242	159.26292419433594	69.15361022949219
245.15914916992188	47.14557647705078	157.72592163085938	68.48622131347656
247.93124389648438	45.49965286254883	157.30740356445312	68.30448913574219
240.60623168945312	41.10651779174805	157.6238250732422	68.44187927246094
237.270751953125	43.062599182128906	159.75613403320312	69.36775207519531
240.0	43.0	149.0	69.0
239.0	44.0	148.0	69.0
238.0	44.0	149.0	66.0
241.8647918701172	42.674041748046875	149.62579345703125	66.2771987915039
231.68466186523438	44.886451721191406	152.45925903320312	67.53228759765625
245.39761352539062	43.95990753173828	149.9138641357422	66.40480041503906
244.40994262695312	41.250732421875	152.8097686767578	67.68754577636719
234.0	34.0	153.0	71.0
245.089599609375	37.16993713378906	152.36924743652344	70.7072982788086
241.3916778564453	37.23267364501953	151.0525665283203	70.09628295898438
238.6278533935547	32.24715805053711	153.8711395263672	71.40425109863281
230.7736358642578	33.59905242919922	155.2794952392578	72.05779266357422
229.1220245361328	30.621414184570312	156.2036895751953	72.48666381835938
222.32681274414062	31.1144962310791	157.08212280273438	72.8943099975586
229.4286651611328	34.81049346923828	155.12075805664062	71.98413848876953
226.1772003173828	32.184486389160156	154.2818145751953	71.5948257446289
219.4394989013672	33.498252868652344	154.53750610351562	71.7134780883789
224.661865234375	35.73139190673828	155.29803466796875	72.06639862060547
223.0	37.0	144.0	69.0
222.0	25.0	147.0	79.0
222.0	37.0	151.0	68.0
230.91513061523438	39.67449951171875	152.77102661132812	68.79755401611328
221.0	34.0	153.0	72.0
221.0	33.0	157.0	75.0
223.0	37.0	148.0	74.0
226.1815948486328	41.97278594970703	148.12258911132812	74.06129455566406
239.00851440429688	42.05318069458008	146.28466796875	73.142333984375
232.6629638671875	44.06592559814453	144.6796875	72.33984375
234.3318634033203	40.6531867980957	143.7839813232422	71.8919906616211
236.93179321289062	35.50436019897461	146.86846923828125	73.43423461914062
235.91064453125	29.588008880615234	147.3662109375	73.68310546875
235.5380401611328	31.239416122436523	148.2633514404297	74.13167572021484
235.34970092773438	34.11660385131836	148.68234252929688	74.34117126464844
246.381103515625	32.97216796875	149.69705200195312	74.84852600097656
242.1002960205078	36.74058151245117	149.5410614013672	74.7705307006836
242.7278594970703	30.681005477905273	148.50814819335938	74.25407409667969
237.18899536132812	25.639163970947266	151.75393676757812	75.87696838378906
234.20187377929688	28.920324325561523	150.8412322998047	75.42061614990234
235.5240020751953	23.565597534179688	150.63687133789062	75.31843566894531
236.4692840576172	31.336597442626953	147.23178100585938	73.61589050292969
239.30810546875	25.180456161499023	146.99427795410156	73.49713897705078
251.34463500976562	29.98629379272461	142.1481170654297	71.07405853271484
248.05355834960938	31.103708267211914	139.17562866210938	69.58781433105469
246.8578338623047	28.446910858154297	140.10745239257812	70.05372619628906
247.1410369873047	26.601699829101562	141.8650665283203	70.93253326416016
243.35592651367188	29.774606704711914	141.0368194580078	70.5184097290039
239.18765258789062	26.682043075561523	140.83224487304688	70.41612243652344
242.675048828125	27.39638328552246	138.6627197265625	69.33135986328125
242.79879760742188	26.592742919921875	138.2560577392578	69.1280288696289
242.1911163330078	26.373432159423828	138.21456909179688	69.10728454589844
235.45834350585938	24.31232261657715	137.5491485595703	68.77457427978516
236.14688110351562	24.877511978149414	138.45762634277344	69.22881317138672
233.477294921875	25.548015594482422	134.95156860351562	67.47578430175781
219.174560546875	24.37778663635254	133.32772827148438	66.66386413574219
211.1775665283203	24.50250244140625	132.36962890625	66.184814453125
218.52517700195312	25.132553100585938	130.7993927001953	65.39969635009766
212.42642211914062	26.763683319091797	132.78610229492188	66.39305114746094
220.59561157226562	26.898529052734375	130.99459838867188	65.49729919433594
218.36239624023438	26.654399871826172	131.75914001464844	65.87957000732422
202.9862060546875	28.42800521850586	129.52340698242188	64.76170349121094
197.23977661132812	35.630699157714844	128.90487670898438	64.45243835449219
143.43446350097656	85.43048095703125	130.36119079589844	65.18059539794922
143.34487915039062	89.99905395507812	130.42489624023438	65.21244812011719
161.78851318359375	53.3192253112793	132.11752319335938	66.05876159667969
148.91217041015625	70.38399505615234	132.95619201660156	66.47809600830078
140.08169555664062	89.73701477050781	132.06503295898438	66.03251647949219
152.56942749023438	61.06166458129883	133.25875854492188	66.62937927246094
135.47166442871094	83.37821960449219	132.50991821289062	66.25495910644531
123.72098541259766	122.83451843261719	133.4219207763672	66.7109603881836
143.00613403320312	139.0780029296875	132.2435302734375	66.12176513671875
141.45516967773438	136.6860809326172	132.3992156982422	66.1996078491211
140.2586212158203	138.40298461914062	132.22640991210938	66.11320495605469
148.7345428466797	92.4488525390625	131.504638671875	65.7523193359375
121.57686614990234	31.227771759033203	133.89608764648438	66.94804382324219
148.34280395507812	40.72241973876953	134.83204650878906	67.41602325439453
151.72616577148438	44.76239776611328	135.75796508789062	67.87898254394531
130.6708526611328	47.06754684448242	137.38607788085938	68.69303894042969
151.32980346679688	46.00397491455078	136.1806640625	68.09033203125
142.34652709960938	51.819854736328125	135.40126037597656	67.70063018798828
148.14840698242188	51.89829635620117	136.87728881835938	68.43864440917969
142.10052490234375	56.622100830078125	137.30972290039062	68.65486145019531
144.0741424560547	56.65105056762695	135.6570587158203	67.82852935791016
140.39480590820312	65.74605560302734	135.81918334960938	67.90959167480469
144.2855682373047	67.5124740600586	134.15753173828125	67.07876586914062
145.09048461914062	72.82562255859375	133.11148071289062	66.55574035644531
151.4134979248047	78.92125701904297	130.47801208496094	65.23900604248047
163.6627960205078	80.01815032958984	130.09054565429688	65.04527282714844
156.17752075195312	81.6865234375	128.6297149658203	64.31485748291016
169.52023315429688	83.61491394042969	125.73502349853516	62.86751174926758
175.20458984375	92.21180725097656	126.09895324707031	63.049476623535156
161.1379852294922	87.75004577636719	127.89151763916016	63.94575881958008
154.0	52.0	96.0	114.0
154.0	50.0	100.0	117.0
154.0	47.0	99.0	119.0
149.0	51.0	104.0	116.0
138.0	47.0	117.0	120.0
138.0	48.0	118.0	118.0
150.0	53.0	104.0	112.0
153.2001495361328	54.52803421020508	102.64997863769531	110.5461196899414
150.62899780273438	50.52833557128906	104.98116302490234	113.05662536621094
149.7179718017578	53.240013122558594	105.8836441040039	114.0285415649414
149.0	53.0	106.0	112.0
153.0	51.0	100.0	116.0
136.0	45.0	119.0	123.0
141.06527709960938	42.8449821472168	119.05914306640625	123.0611343383789
140.0	46.0	114.0	120.0
141.0	46.0	112.0	120.0
144.92825317382812	45.19062042236328	113.2694320678711	121.360107421875
143.0	44.0	110.0	119.0
156.0	51.0	99.0	119.0
155.28665161132812	48.58570098876953	98.81879425048828	118.78218078613281
137.0	44.0	117.0	121.0
144.178955078125	46.29072952270508	115.91813659667969	119.88114929199219
159.0	47.0	91.0	116.0
