224.0	119.0	37.0	36.0
224.0	119.0	36.0	35.0
224.0	119.0	36.0	36.0
224.0	121.0	36.0	33.0
224.0	121.0	37.0	33.0
224.0	121.0	37.0	34.0
224.0	121.0	36.0	33.0
224.0	122.0	37.0	33.0
224.0	122.0	37.0	33.0
224.0	122.0	36.0	32.0
224.0	122.0	39.0	35.0
224.0	122.0	37.0	35.0
224.0	123.0	39.0	34.0
223.0	123.0	37.0	33.0
223.0	124.0	36.0	33.0
222.0	125.0	39.0	34.0
222.0	126.0	39.0	34.0
221.0	126.0	42.0	34.0
222.0	126.0	41.0	35.0
221.0	126.0	42.0	35.0
220.0	126.0	39.0	34.0
219.0	125.0	41.0	35.0
218.0	125.0	42.0	36.0
218.0	124.0	45.0	37.0
219.0	122.0	45.0	38.0
218.0	120.0	47.0	40.0
217.0	119.0	48.0	41.0
217.0	118.0	49.0	42.0
218.0	118.0	48.0	43.0
217.0	118.0	49.0	42.0
217.0	117.0	49.0	44.0
217.0	116.0	49.0	46.0
216.0	115.0	49.0	47.0
217.0	114.0	48.0	49.0
217.0	114.0	48.0	49.0
217.0	114.0	48.0	49.0
217.0	113.0	47.0	51.0
217.0	112.0	48.0	51.0
217.0	110.0	48.0	51.0
218.0	112.0	46.0	49.0
219.0	111.0	44.0	49.0
218.0	111.0	44.0	48.0
219.0	111.0	43.0	48.0
220.0	111.0	41.0	47.0
219.0	111.0	42.0	48.0
219.0	111.0	41.0	48.0
219.0	112.0	42.0	48.0
218.0	112.0	41.0	47.0
220.0	111.0	39.0	47.0
220.0	111.0	40.0	49.0
220.0	110.0	40.0	49.0
220.0	109.0	41.0	49.0
220.0	109.0	42.0	49.0
219.0	110.0	41.0	48.0
220.0	108.0	42.0	51.0
216.0	109.0	46.0	51.0
219.0	109.0	42.0	49.0
218.0	109.0	43.0	49.0
220.0	109.0	41.0	47.0
219.0	108.0	41.0	48.0
219.0	109.0	43.0	47.0
215.0	111.0	42.0	47.0
214.0	111.0	44.0	49.0
219.0	114.0	35.0	43.0
215.0	111.0	41.0	47.0
218.0	109.0	41.0	46.0
219.0	108.0	43.0	45.0
218.0	109.0	42.0	42.0
218.0	106.0	46.0	45.0
218.0	106.0	48.0	43.0
216.0	104.0	48.0	41.0
216.0	104.0	49.0	41.0
219.0	104.0	49.0	45.0
218.0	104.0	49.0	41.0
219.0	101.0	48.0	41.0
220.0	99.0	47.0	41.0
218.0	96.0	43.0	34.0
218.0	96.0	42.0	33.0
219.0	95.0	42.0	34.0
221.0	100.0	44.0	32.0
220.0	96.0	45.0	35.0
220.0	94.0	45.0	34.0
220.0	93.0	45.0	34.0
221.0	93.0	43.0	35.0
220.0	93.0	43.0	35.0
219.0	95.0	43.0	32.0
219.0	94.0	45.0	34.0
219.0	94.0	44.0	32.0
220.0	92.0	44.0	34.0
218.0	92.0	46.0	33.0
224.0	91.0	39.0	32.0
219.0	92.0	46.0	32.0
221.0	91.0	41.0	34.0
220.0	87.0	45.0	36.0
222.0	83.0	42.0	39.0
224.0	84.0	42.0	44.0
226.0	82.0	43.0	42.0
227.0	83.0	42.0	43.0
226.0	84.0	40.0	42.0
228.0	84.0	40.0	43.0
229.0	83.0	41.0	46.0
229.0	85.0	40.0	45.0
231.0	88.0	36.0	46.0
229.0	88.0	34.0	43.0
232.0	92.0	34.0	45.0
232.0	93.0	34.0	44.0
233.0	94.0	32.0	43.0
234.0	95.0	31.0	42.0
233.0	96.0	32.0	42.0
232.0	97.0	32.0	41.0
231.0	97.0	32.0	40.0
230.0	97.0	33.0	40.0
229.0	96.0	33.0	41.0
229.0	95.0	33.0	41.0
230.0	95.0	34.0	40.0
230.0	96.0	33.0	41.0
230.0	95.0	34.0	41.0
230.0	95.0	34.0	41.0
230.0	96.0	34.0	40.0
230.0	96.0	34.0	41.0
231.0	96.0	33.0	40.0
231.0	97.0	34.0	40.0
231.0	97.0	34.0	40.0
231.0	98.0	34.0	41.0
231.0	99.0	33.0	40.0
231.0	99.0	33.0	41.0
230.0	100.0	34.0	41.0
229.0	100.0	34.0	40.0
228.0	101.0	35.0	39.0
227.0	101.0	35.0	40.0
227.0	101.0	33.0	40.0
226.0	101.0	32.0	40.0
225.0	101.0	32.0	41.0
224.0	101.0	32.0	41.0
223.0	100.0	33.0	42.0
221.0	101.0	34.0	40.0
220.0	101.0	33.0	41.0
219.0	100.0	34.0	41.0
218.0	100.0	34.0	41.0
218.0	98.0	33.0	42.0
216.0	100.0	34.0	41.0
215.0	99.0	35.0	42.0
215.0	98.0	34.0	41.0
215.0	98.0	33.0	41.0
214.0	98.0	34.0	41.0
212.0	100.0	34.0	42.0
212.0	100.0	34.0	41.0
212.0	100.0	34.0	42.0
212.0	100.0	33.0	42.0
212.0	100.0	34.0	42.0
211.0	100.0	34.0	42.0
211.0	100.0	34.0	42.0
211.0	100.0	33.0	42.0
211.0	100.0	35.0	42.0
211.0	100.0	34.0	42.0
211.0	100.0	34.0	42.0
212.0	101.0	34.0	42.0
212.0	101.0	33.0	42.0
212.0	101.0	33.0	42.0
213.0	101.0	33.0	41.0
213.0	101.0	34.0	41.0
214.0	100.0	33.0	41.0
215.0	99.0	34.0	40.0
215.0	100.0	34.0	42.0
217.0	99.0	33.0	41.0
218.0	98.0	33.0	42.0
218.0	100.0	34.0	41.0
220.0	101.0	33.0	40.0
221.0	100.0	32.0	41.0
222.0	101.0	32.0	41.0
223.0	102.0	32.0	39.0
223.0	102.0	33.0	41.0
224.0	103.0	33.0	40.0
223.0	104.0	35.0	40.0
223.0	103.0	36.0	43.0
223.0	102.0	36.0	45.0
225.0	102.0	35.0	46.0
225.0	102.0	36.0	47.0
225.0	104.0	36.0	46.0
225.0	107.0	35.0	44.0
226.0	108.0	34.0	43.0
226.0	109.0	35.0	42.0
226.0	110.0	35.0	41.0
227.0	111.0	35.0	39.0
227.0	112.0	35.0	38.0
227.0	112.0	37.0	37.0
228.0	111.0	36.0	37.0
228.0	110.0	36.0	36.0
229.0	108.0	35.0	36.0
229.0	106.0	36.0	36.0
229.0	104.0	35.0	34.0
229.0	101.0	35.0	34.0
229.0	98.0	34.0	33.0
229.0	94.0	35.0	34.0
230.0	90.0	34.0	34.0
230.0	87.0	34.0	33.0
231.0	84.0	34.0	33.0
230.0	80.0	35.0	34.0
230.0	77.0	36.0	33.0
231.0	75.0	35.0	32.0
231.0	72.0	34.0	33.0
231.0	70.0	35.0	33.0
231.0	67.0	35.0	33.0
232.0	65.0	35.0	33.0
232.0	63.0	34.0	33.0
232.0	62.0	33.0	32.0
232.0	60.0	34.0	34.0
232.0	60.0	34.0	33.0
232.0	60.0	33.0	32.0
232.0	59.0	34.0	33.0
231.0	60.0	34.0	32.0
230.0	59.0	34.0	34.0
230.0	61.0	34.0	34.0
230.0	63.0	34.0	33.0
229.0	65.0	35.0	33.0
227.0	66.0	36.0	34.0
227.0	68.0	36.0	36.0
227.0	71.0	35.0	35.0
226.0	74.0	35.0	34.0
225.0	76.0	35.0	35.0
224.0	78.0	36.0	35.0
223.0	79.0	37.0	37.0
223.0	82.0	36.0	36.0
222.0	84.0	36.0	37.0
222.0	85.0	36.0	37.0
221.0	87.0	37.0	37.0
221.0	88.0	36.0	39.0
220.0	88.0	35.0	40.0
219.0	89.0	37.0	41.0
219.0	87.0	35.0	45.0
217.0	88.0	37.0	46.0
217.0	90.0	37.0	48.0
216.0	93.0	35.0	46.0
215.0	97.0	37.0	46.0
215.0	102.0	35.0	43.0
215.0	105.0	35.0	43.0
213.0	109.0	36.0	41.0
213.0	110.0	35.0	43.0
213.0	116.0	33.0	42.0
212.0	120.0	34.0	39.0
212.0	122.0	33.0	39.0
211.0	124.0	33.0	39.0
211.0	125.0	34.0	41.0
210.0	126.0	34.0	41.0
208.0	126.0	34.0	41.0
209.0	127.0	32.0	40.0
208.0	128.0	33.0	40.0
208.0	128.0	32.0	40.0
208.0	128.0	32.0	40.0
208.0	129.0	32.0	40.0
208.0	128.0	33.0	40.0
209.0	128.0	32.0	40.0
210.0	128.0	32.0	40.0
211.0	127.0	33.0	41.0
212.0	128.0	33.0	40.0
215.0	127.0	34.0	41.0
218.0	127.0	34.0	41.0
221.0	127.0	32.0	41.0
222.0	127.0	33.0	41.0
226.0	128.0	33.0	38.0
228.0	128.0	34.0	40.0
234.0	128.0	31.0	40.0
236.0	127.0	34.0	41.0
241.0	127.0	33.0	40.0
245.0	128.0	32.0	40.0
248.0	128.0	33.0	41.0
251.0	129.0	33.0	40.0
254.0	130.0	34.0	39.0
256.0	130.0	34.0	39.0
257.0	130.0	34.0	40.0
259.0	130.0	34.0	40.0
261.0	131.0	33.0	39.0
259.0	130.0	36.0	42.0
261.0	130.0	34.0	42.0
261.0	130.0	37.0	42.0
261.0	130.0	38.0	44.0
261.0	130.0	39.0	44.0
262.0	130.0	39.0	44.0
261.0	131.0	41.0	43.0
259.0	133.0	44.0	45.0
259.0	135.0	44.0	44.0
259.0	137.0	44.0	44.0
259.0	144.0	41.0	37.0
259.0	145.0	42.0	37.0
256.0	144.0	46.0	42.0
256.0	145.0	46.0	39.0
255.0	148.0	49.0	39.0
255.0	153.0	47.0	42.0
255.0	160.0	46.0	37.0
254.0	164.0	48.0	39.0
254.0	162.0	47.0	44.0
254.0	162.0	47.0	46.0
256.0	165.0	46.0	50.0
253.0	163.0	46.0	52.0
253.0	165.0	45.0	51.0
253.0	167.0	44.0	48.0
251.0	167.0	47.0	51.0
250.0	169.0	45.0	48.0
250.0	171.0	43.0	45.0
249.0	171.0	43.0	46.0
248.0	170.0	43.0	45.0
247.0	172.0	43.0	43.0
245.0	173.0	43.0	40.0
245.0	174.0	41.0	38.0
244.0	173.0	42.0	39.0
243.0	172.0	43.0	39.0
243.0	172.0	45.0	36.0
243.0	171.0	44.0	36.0
244.0	170.0	44.0	34.0
245.0	169.0	42.0	32.0
247.0	169.0	42.0	31.0
244.0	167.0	47.0	29.0
246.0	163.0	48.0	31.0
246.0	156.0	46.0	39.0
251.0	150.0	43.0	42.0
252.0	148.0	44.0	44.0
252.0	147.0	44.0	45.0
252.0	147.0	44.0	46.0
252.0	147.0	45.0	47.0
253.0	150.0	42.0	44.0
253.0	148.0	43.0	47.0
252.0	147.0	43.0	48.0
254.0	147.0	42.0	47.0
255.0	147.0	40.0	45.0
257.0	147.0	34.0	41.0
258.0	145.0	33.0	41.0
260.0	143.0	34.0	41.0
258.0	142.0	36.0	40.0
259.0	140.0	33.0	40.0
259.0	140.0	34.0	40.0
259.0	140.0	32.0	39.0
258.0	140.0	33.0	40.0
257.0	141.0	33.0	41.0
256.0	142.0	36.0	42.0
255.0	143.0	33.0	42.0
256.0	146.0	33.0	40.0
253.0	148.0	35.0	41.0
253.0	149.0	34.0	41.0
254.0	153.0	34.0	42.0
252.0	155.0	35.0	43.0
251.0	158.0	36.0	43.0
251.0	162.0	33.0	39.0
250.0	166.0	34.0	39.0
250.0	169.0	34.0	39.0
250.0	172.0	36.0	42.0
251.0	175.0	35.0	40.0
252.0	174.0	35.0	43.0
254.0	178.0	36.0	44.0
256.0	180.0	33.0	43.0
256.0	181.0	33.0	41.0
254.0	183.0	36.0	43.0
251.0	183.0	37.0	43.0
251.0	185.0	38.0	44.0
251.0	188.0	37.0	41.0
250.0	189.0	38.0	42.0
251.0	191.0	38.0	44.0
251.0	192.0	39.0	44.0
253.0	194.0	38.0	44.0
254.0	194.0	38.0	43.0
254.0	193.0	40.0	44.0
254.0	195.0	42.0	44.0
254.0	195.0	44.0	47.0
254.0	195.0	43.0	45.0
255.0	197.0	42.0	43.0
259.0	197.0	47.0	48.0
259.0	199.0	48.0	48.0
259.0	200.0	47.0	46.0
260.0	200.0	45.0	46.0
259.0	200.0	47.0	45.0
258.0	202.0	41.0	40.0
257.0	202.0	41.0	41.0
257.0	200.0	42.0	43.0
257.0	201.0	42.0	43.0
258.0	201.0	41.0	44.0
260.0	202.0	38.0	45.0
261.0	202.0	38.0	47.0
261.0	203.0	37.0	48.0
261.0	208.0	38.0	45.0
260.0	209.0	38.0	48.0
259.0	211.0	38.0	46.0
260.0	211.0	36.0	48.0
259.0	214.0	36.0	45.0
260.0	216.0	35.0	45.0
260.0	216.0	34.0	44.0
259.0	217.0	36.0	45.0
259.0	217.0	34.0	45.0
259.0	217.0	34.0	46.0
258.0	217.0	34.0	45.0
258.0	217.0	34.0	45.0
257.0	216.0	36.0	46.0
257.0	217.0	36.0	47.0
257.0	216.0	34.0	48.0
256.0	216.0	36.0	48.0
256.0	217.0	36.0	48.0
257.0	218.0	35.0	47.0
258.0	219.0	33.0	46.0
258.0	219.0	33.0	47.0
258.0	221.0	34.0	47.0
258.0	223.0	35.0	47.0
259.0	227.0	34.0	44.0
259.0	229.0	34.0	43.0
259.0	232.0	36.0	40.0
260.0	233.0	35.0	39.0
260.0	238.0	34.0	34.0
261.0	240.0	33.0	32.0
262.0	242.0	33.0	30.0
263.0	244.0	33.0	28.0
264.0	248.0	31.0	24.0
263.0	247.0	33.0	24.0
262.0	247.0	35.0	24.0
264.0	251.0	34.0	21.0
270.0069274902344	255.40377807617188	33.62109375	20.765972137451172
265.6697692871094	247.97927856445312	33.32926559448242	20.58572769165039
254.68826293945312	246.5529327392578	33.59669876098633	20.750905990600586
256.81744384765625	245.9424591064453	33.436119079589844	20.65172576904297
247.13906860351562	232.9864501953125	32.66352081298828	20.17453384399414
239.8494110107422	251.7104949951172	32.29580307006836	19.94741439819336
243.4214324951172	250.5967254638672	32.79317092895508	20.25461196899414
234.8547821044922	251.19998168945312	32.98261642456055	20.37162208557129
243.30990600585938	245.40847778320312	32.9901237487793	20.376256942749023
246.32568359375	238.965576171875	33.373046875	20.612768173217773
225.8516845703125	250.1182861328125	32.91651153564453	20.33078956604004
216.2808074951172	249.394287109375	32.7827033996582	20.24814224243164
211.9479522705078	250.95156860351562	33.02024841308594	20.394861221313477
197.59201049804688	245.9415740966797	32.68968200683594	20.190685272216797
172.75579833984375	247.1311492919922	33.03415298461914	20.403446197509766
142.57693481445312	237.5771026611328	32.93131637573242	20.33993148803711
136.5675048828125	222.69876098632812	33.296600341796875	20.565547943115234
130.91329956054688	211.924072265625	33.12746810913086	20.46108627319336
141.95626831054688	212.49789428710938	33.21330261230469	20.514102935791016
140.9673614501953	194.5076141357422	33.64601516723633	20.781368255615234
140.33851623535156	187.45510864257812	33.9774055480957	20.98604965209961
141.38099670410156	183.22775268554688	33.69260787963867	20.81014633178711
130.93670654296875	191.29832458496094	33.02981185913086	20.400774002075195
141.4094696044922	182.87503051757812	32.976016998291016	20.3675479888916
136.1551055908203	179.035400390625	33.23058319091797	20.5247802734375
140.7188720703125	177.6886444091797	32.85059356689453	20.29007911682129
