198.0	141.0	46.0	56.0
197.0	141.0	48.0	57.0
199.0	137.0	51.0	60.0
216.0	132.0	43.0	63.0
228.0	134.0	36.0	59.0
237.0	131.0	36.0	64.0
238.0	131.0	44.0	65.0
238.0	130.0	46.0	68.0
237.0	131.0	47.0	66.0
235.0	130.0	48.0	66.0
231.0	128.0	49.0	68.0
228.0	130.0	49.0	65.0
226.0	131.0	50.0	65.0
227.0	131.0	50.0	65.0
230.0	129.0	50.0	67.0
233.0	129.0	49.0	66.0
236.0	129.0	50.0	69.0
238.0	131.0	51.0	67.0
242.0	130.0	51.0	69.0
244.0	130.0	50.0	66.0
244.0	129.0	50.0	67.0
244.0	132.0	50.0	67.0
245.0	134.0	52.0	68.0
248.0	136.0	52.0	65.0
251.0	139.0	51.0	63.0
252.0	137.0	52.0	65.0
254.0	136.0	51.0	67.0
253.0	138.0	51.0	67.0
253.0	140.0	53.0	63.0
259.0	140.0	53.0	61.0
269.0	139.0	53.0	68.0
280.0	141.0	52.0	68.0
287.0	142.0	56.0	71.0
292.0	144.0	55.0	69.0
295.0	144.0	53.0	70.0
295.0	146.0	52.0	68.0
294.0	146.0	52.0	68.0
292.0	148.0	53.0	67.0
290.0	149.0	54.0	67.0
290.0	153.0	55.0	67.0
292.0	154.0	54.0	66.0
297.0	153.0	55.0	70.0
305.0	153.0	53.0	69.0
311.0	153.0	53.0	71.0
315.0	155.0	54.0	71.0
319.0	159.0	53.0	68.0
322.0	159.0	53.0	68.0
324.0	161.0	54.0	69.0
326.0	163.0	54.0	69.0
327.0	162.0	55.0	72.0
328.0	166.0	55.0	70.0
328.0	170.0	55.0	67.0
328.0	170.0	55.0	68.0
328.0	172.0	55.0	66.0
327.0	174.0	55.0	64.0
327.0	173.0	53.0	66.0
324.0	171.0	54.0	69.0
323.0	174.0	53.0	66.0
321.0	175.0	52.0	67.0
320.0	174.0	52.0	70.0
317.0	175.0	53.0	69.0
315.0	176.0	53.0	69.0
313.0	177.0	51.0	69.0
311.0	177.0	52.0	69.0
309.0	176.0	52.0	71.0
307.0	175.0	51.0	71.0
304.0	175.0	51.0	72.0
300.0	177.0	51.0	70.0
297.0	175.0	50.0	71.0
294.0	174.0	49.0	73.0
290.0	176.0	50.0	69.0
287.0	174.0	49.0	72.0
284.0	173.0	48.0	71.0
281.0	172.0	48.0	72.0
279.0	175.0	47.0	69.0
274.0	173.0	48.0	71.0
270.0	174.0	48.0	68.0
267.0	173.0	48.0	68.0
263.0	170.0	47.0	68.0
259.0	169.0	46.0	68.0
256.0	168.0	45.0	70.0
250.0	166.0	45.0	70.0
245.0	164.0	45.0	70.0
243.0	165.0	44.0	69.0
239.0	164.0	44.0	68.0
234.0	162.0	44.0	68.0
232.0	159.0	45.0	68.0
223.0	158.0	49.0	66.0
209.0	157.0	58.0	67.0
213.0	156.0	50.0	65.0
210.0	158.0	51.0	63.0
209.0	154.0	49.0	67.0
198.0	155.0	56.0	64.0
197.0	152.0	56.0	64.0
196.0	151.0	55.0	64.0
193.0	150.0	55.0	66.0
194.0	150.0	54.0	66.0
190.0	150.0	55.0	66.0
190.0	148.0	54.0	67.0
189.0	149.0	54.0	65.0
190.0	146.0	51.0	64.0
186.0	147.0	50.0	64.0
184.0	148.0	51.0	63.0
185.0	147.0	49.0	62.0
183.0	146.0	52.0	64.0
185.0	144.0	54.0	65.0
184.0	144.0	57.0	64.0
199.0	144.0	45.0	63.0
202.0	142.0	46.0	64.0
203.0	141.0	47.0	64.0
205.0	140.0	48.0	65.0
208.0	139.0	48.0	64.0
211.0	137.0	49.0	68.0
216.0	135.0	47.0	67.0
219.0	134.0	48.0	67.0
225.0	132.0	49.0	68.0
231.0	131.0	50.0	69.0
238.0	132.0	47.0	68.0
240.0	133.0	49.0	67.0
242.0	130.0	48.0	69.0
245.0	131.0	48.0	69.0
248.0	130.0	49.0	71.0
252.0	131.0	49.0	70.0
254.0	130.0	49.0	70.0
256.0	132.0	48.0	69.0
255.0	131.0	49.0	69.0
256.0	132.0	51.0	70.0
258.0	134.0	50.0	68.0
258.0	132.0	52.0	70.0
259.0	133.0	52.0	70.0
260.0	131.0	52.0	73.0
261.0	133.0	52.0	72.0
262.0	134.0	53.0	71.0
262.0	134.0	54.0	71.0
262.0	134.0	54.0	70.0
263.0	134.0	53.0	69.0
263.0	132.0	53.0	71.0
263.0	134.0	53.0	69.0
264.0	134.0	54.0	69.0
263.0	133.0	54.0	70.0
264.0	132.0	53.0	70.0
263.0	130.0	54.0	71.0
263.0	131.0	53.0	71.0
264.0	129.0	52.0	72.0
264.0	129.0	52.0	73.0
263.0	130.0	54.0	71.0
264.0	128.0	54.0	72.0
265.0	127.0	53.0	72.0
264.0	124.0	53.0	72.0
264.0	124.0	53.0	71.0
263.0	122.0	54.0	72.0
263.0	122.0	53.0	71.0
263.0	121.0	53.0	71.0
263.0	121.0	53.0	71.0
263.0	121.0	52.0	70.0
262.0	121.0	53.0	70.0
262.0	120.0	53.0	71.0
263.0	119.0	52.0	70.0
263.0	117.0	52.0	70.0
264.0	117.0	52.0	68.0
263.0	116.0	54.0	68.0
264.0	114.0	52.0	70.0
263.0	116.0	52.0	67.0
263.0	114.0	52.0	68.0
262.0	112.0	52.0	66.0
263.0	113.0	51.0	64.0
263.0	112.0	51.0	63.0
263.0	108.0	52.0	66.0
262.0290832519531	109.71907806396484	52.553871154785156	66.70298767089844
263.0	100.0	53.0	69.0
262.0	99.0	53.0	69.0
262.0	99.0	53.0	67.0
261.0	99.0	53.0	64.0
261.0	100.0	52.0	61.0
258.1783142089844	103.6044692993164	52.91904830932617	62.0781135559082
259.0	102.0	51.0	58.0
256.637451171875	102.57139587402344	51.3014030456543	58.3427734375
256.7386779785156	102.41217041015625	51.311195373535156	58.353912353515625
255.73806762695312	101.02613830566406	51.15652847290039	58.178016662597656
255.8789825439453	99.58895111083984	52.12126922607422	59.275169372558594
254.3892059326172	101.11561584472656	50.73854446411133	57.702659606933594
254.85183715820312	100.86259460449219	51.09613800048828	58.10933303833008
254.1295166015625	100.21418762207031	50.6633186340332	57.617103576660156
252.39889526367188	99.84021759033203	50.0883903503418	56.96326446533203
249.8905029296875	99.61917877197266	50.704097747802734	57.663482666015625
250.77291870117188	98.26566314697266	50.85813522338867	57.83866500854492
250.8993682861328	95.4008560180664	51.427467346191406	58.48613739013672
251.0	84.0	50.0	65.0
251.39486694335938	89.52059173583984	49.871055603027344	64.8323745727539
251.0	82.0	51.0	66.0
248.3651580810547	83.3881607055664	51.026615142822266	66.03443908691406
249.0	79.0	52.0	64.0
248.41146850585938	82.32101440429688	51.76286697387695	63.7081413269043
247.84390258789062	81.33528137207031	51.85198974609375	63.817832946777344
249.0	80.0	50.0	59.0
248.0	79.0	50.0	59.0
247.7280731201172	80.45457458496094	49.743289947509766	58.69708251953125
249.1591033935547	79.71894836425781	50.55695343017578	59.65720748901367
246.5807342529297	77.3963623046875	50.60516357421875	59.71409225463867
245.75222778320312	79.62918853759766	51.14606475830078	60.35235595703125
245.20223999023438	78.87466430664062	52.366600036621094	61.7925910949707
243.23751831054688	76.33818817138672	52.12586212158203	61.508522033691406
242.9547882080078	75.33595275878906	51.95930099487305	61.311988830566406
238.0	76.0	53.0	56.0
237.0	71.0	53.0	61.0
236.0	66.0	55.0	64.0
237.0	64.0	56.0	66.0
237.0	64.0	55.0	66.0
238.0	63.0	53.0	66.0
238.0	65.0	53.0	64.0
238.1526336669922	67.78501892089844	52.37696075439453	63.247657775878906
241.06124877929688	70.94093322753906	51.611419677734375	62.3232307434082
240.409912109375	69.9387435913086	51.94428253173828	62.72517776489258
242.0658721923828	70.89491271972656	52.46501922607422	63.35399627685547
240.0889892578125	68.16951751708984	53.4488525390625	64.54202270507812
243.73876953125	68.75227355957031	53.00470733642578	64.00569152832031
244.7923583984375	71.11116027832031	52.548973083496094	63.45536422729492
247.5740203857422	69.67167663574219	52.09545135498047	62.90772247314453
248.5452423095703	68.994384765625	51.58710861206055	62.29387283325195
249.6761016845703	68.66283416748047	52.40863800048828	63.28590774536133
251.73110961914062	67.10031127929688	52.18632125854492	63.0174560546875
253.8865203857422	67.9636001586914	52.758628845214844	63.70855712890625
253.8622283935547	65.3603515625	52.80933380126953	63.7697868347168
254.9745330810547	65.77574157714844	52.7152214050293	63.6561393737793
253.9419708251953	64.00253295898438	52.043785095214844	62.8453483581543
256.0	67.0	53.0	54.0
258.1161804199219	70.123291015625	52.61993408203125	53.612770080566406
260.0636291503906	71.91227722167969	52.976104736328125	53.97566604614258
259.0751647949219	67.01007080078125	53.76213455200195	54.776527404785156
259.1966552734375	66.34757232666016	53.40167999267578	54.409271240234375
261.91387939453125	68.591552734375	53.13715744018555	54.1397590637207
263.3591003417969	67.67705535888672	52.88958740234375	53.88751983642578
263.0	66.0	53.0	54.0
264.0	69.0	52.0	51.0
264.4960021972656	71.70540618896484	52.54636764526367	51.535865783691406
266.5500183105469	73.10498046875	52.33040237426758	51.32404708862305
266.5679626464844	71.96160888671875	52.989402770996094	51.970375061035156
268.0260314941406	73.5147933959961	53.38715744018555	52.3604736328125
270.0	75.0	52.0	51.0
270.8544616699219	76.14260864257812	52.2305908203125	51.226158142089844
274.05682373046875	77.77445983886719	52.41999435424805	51.41191864013672
274.87396240234375	76.93761444091797	53.32093048095703	52.29552459716797
274.8618469238281	78.50061798095703	53.87361526489258	52.83757781982422
274.0	77.0	54.0	54.0
284.0	126.0	51.0	58.0
282.0	124.0	50.0	56.0
278.611083984375	127.61392974853516	51.321205139160156	57.47974395751953
280.72796630859375	126.76005554199219	52.1532096862793	58.411590576171875
279.56951904296875	109.24283599853516	52.42475509643555	58.71571731567383
277.168212890625	74.3298110961914	52.72682571411133	59.05403518676758
279.4369201660156	76.4892807006836	53.27437210083008	59.66728591918945
284.0	77.0	54.0	54.0
283.5032958984375	80.00617980957031	53.94329071044922	53.94329071044922
283.44610595703125	80.46546936035156	54.19916534423828	54.19916534423828
286.0	78.0	57.0	58.0
287.0	78.0	58.0	59.0
288.0	80.0	57.0	58.0
289.55426025390625	84.7104263305664	56.04621505737305	57.02947998046875
288.0	86.0	58.0	56.0
289.0	83.0	59.0	61.0
287.0	81.0	60.0	64.0
288.0	79.0	60.0	67.0
287.0	76.0	61.0	74.0
289.0	80.0	58.0	72.0
287.0	80.0	59.0	74.0
284.0	83.0	60.0	72.0
282.0	87.0	60.0	71.0
281.0	89.0	59.0	72.0
281.0	91.0	58.0	72.0
280.0	93.0	59.0	72.0
281.0	93.0	58.0	75.0
280.0	94.0	59.0	74.0
276.0	94.0	62.0	76.0
278.0	96.0	58.0	75.0
273.0	99.0	63.0	73.0
278.0	101.0	58.0	73.0
277.0	103.0	59.0	71.0
276.0	104.0	61.0	71.0
279.0	106.0	58.0	72.0
277.0	105.0	60.0	73.0
278.0	107.0	59.0	72.0
278.0	109.0	59.0	72.0
274.0	110.0	62.0	72.0
278.0	113.0	58.0	72.0
277.0	115.0	58.0	70.0
276.0	116.0	57.0	70.0
275.55181884765625	115.37400817871094	57.138938903808594	70.1706314086914
275.0	116.0	58.0	71.0
274.0	118.0	58.0	71.0
275.0	119.0	56.0	71.0
274.0	121.0	56.0	70.0
273.0	122.0	56.0	69.0
272.0	124.0	57.0	70.0
272.0	125.0	56.0	70.0
271.3844909667969	125.2682113647461	56.467369079589844	70.58421325683594
271.0	126.0	56.0	71.0
270.0	129.0	58.0	66.0
269.0	127.0	58.0	68.0
268.02984619140625	128.81826782226562	57.454078674316406	67.35993957519531
270.0	128.0	54.0	69.0
268.0	128.0	56.0	68.0
267.0	127.0	56.0	69.0
266.0	128.0	56.0	67.0
265.0	129.0	55.0	71.0
265.0	131.0	55.0	68.0
266.0	132.0	55.0	69.0
266.0	132.0	55.0	69.0
266.0	131.0	55.0	71.0
264.0	131.0	55.0	72.0
263.0	132.0	55.0	69.0
263.0	133.0	54.0	70.0
263.0	134.0	55.0	68.0
264.0	133.0	55.0	68.0
265.0	132.0	55.0	70.0
266.0	133.0	56.0	70.0
270.0	135.0	54.0	69.0
272.0	136.0	54.0	69.0
275.0	137.0	57.0	71.0
278.0	143.0	56.0	67.0
278.0	144.0	57.0	67.0
277.0	143.0	56.0	69.0
275.0	147.0	55.0	65.0
272.0	147.0	56.0	64.0
271.0	143.0	55.0	69.0
270.0	145.0	55.0	67.0
269.0	148.0	55.0	64.0
267.0	148.0	55.0	64.0
266.0	146.0	55.0	67.0
265.0	146.0	55.0	67.0
264.0	146.0	56.0	66.0
264.0	144.0	55.0	67.0
264.0	142.0	56.0	70.0
264.0	143.0	55.0	69.0
265.0	144.0	55.0	68.0
265.0	143.0	55.0	70.0
266.0	144.0	54.0	69.0
266.0	143.0	53.0	71.0
267.0	145.0	53.0	67.0
267.0	142.0	54.0	71.0
268.0	142.0	54.0	71.0
270.0	144.0	55.0	68.0
272.0	145.0	55.0	67.0
273.0	145.0	55.0	68.0
275.0	147.0	55.0	66.0
276.0	148.0	54.0	65.0
275.0	145.0	55.0	67.0
274.0	145.0	55.0	67.0
274.0	144.0	55.0	68.0
275.0	147.0	53.0	66.0
274.0	147.0	55.0	67.0
274.0	148.0	54.0	67.0
272.0	148.0	55.0	68.0
269.0	149.0	56.0	67.0
268.0	151.0	53.0	65.0
267.0	149.0	53.0	66.0
266.0	145.0	54.0	69.0
264.0	143.0	54.0	67.0
262.0	140.0	53.0	69.0
261.0	139.0	53.0	69.0
263.0	139.0	54.0	69.0
266.0	136.0	53.0	72.0
269.0	135.0	51.0	72.0
268.0	134.0	52.0	70.0
267.0	136.0	53.0	66.0
266.0	131.0	52.0	72.0
264.0	131.0	54.0	72.0
264.0	131.0	54.0	73.0
265.0	134.0	52.0	73.0
265.0	135.0	53.0	72.0
264.0	136.0	54.0	70.0
263.0	136.0	55.0	70.0
262.0	135.0	53.0	69.0
262.0	133.0	53.0	71.0
264.23724365234375	135.93434143066406	52.16267776489258	69.87830352783203
264.0	130.0	52.0	74.0
267.0	135.0	52.0	71.0
270.0	140.0	53.0	67.0
271.0	140.0	53.0	69.0
272.0	142.0	54.0	69.0
273.0	143.0	53.0	70.0
272.0	144.0	53.0	70.0
270.0	143.0	54.0	70.0
267.0	143.0	53.0	68.0
262.0	141.0	53.0	67.0
259.0	140.0	53.0	68.0
255.0	133.0	53.0	72.0
252.0	134.0	52.0	72.0
249.0	132.0	51.0	73.0
246.0	132.0	50.0	71.0
244.0	132.0	49.0	70.0
241.0	132.0	49.0	70.0
238.0	131.0	48.0	68.0
236.0	133.0	49.0	68.0
233.0	132.0	48.0	67.0
229.0	131.0	48.0	65.0
226.0	132.0	49.0	66.0
225.0	132.0	48.0	63.0
222.0	132.0	49.0	67.0
223.0	133.0	47.0	65.0
220.0	134.0	48.0	63.0
220.0	135.0	46.0	63.0
217.0	133.0	47.0	65.0
217.0	131.0	46.0	67.0
217.0	131.0	45.0	64.0
218.0	130.0	44.0	62.0
216.0	130.0	45.0	63.0
214.0	128.0	46.0	65.0
213.0	127.0	46.0	66.0
212.0	125.0	46.0	67.0
212.0	124.0	44.0	64.0
210.0	124.0	45.0	66.0
210.0	123.0	44.0	67.0
209.0	124.0	44.0	66.0
209.0	125.0	43.0	65.0
208.0	124.0	43.0	65.0
207.0	123.0	43.0	64.0
207.0	119.0	41.0	68.0
207.0	111.0	41.0	75.0
205.0	114.0	42.0	73.0
205.0	114.0	41.0	70.0
204.0	113.0	42.0	71.0
204.0	112.0	42.0	71.0
204.0	111.0	44.0	70.0
204.0	110.0	43.0	69.0
203.0	111.0	44.0	68.0
202.0	110.0	46.0	68.0
203.0	109.0	43.0	68.0
202.0	108.0	43.0	70.0
201.0	108.0	44.0	70.0
200.0	109.0	45.0	71.0
200.0	111.0	46.0	69.0
200.0	111.0	45.0	68.0
199.0	111.0	44.0	69.0
197.0	112.0	45.0	68.0
196.0	112.0	44.0	70.0
195.0	113.0	44.0	68.0
195.0	111.0	45.0	71.0
196.0	109.0	45.0	71.0
197.0	106.0	47.0	69.0
199.0	104.0	44.0	68.0
199.0	104.0	44.0	60.0
200.0	103.0	47.0	67.0
202.0	103.0	51.0	65.0
207.0	104.0	49.0	66.0
212.0	99.0	49.0	71.0
214.0	99.0	51.0	73.0
215.0	103.0	52.0	68.0
220.0	103.0	50.0	71.0
222.0	103.0	51.0	70.0
220.0	103.0	53.0	70.0
218.0	101.0	54.0	70.0
218.0	103.0	54.0	68.0
217.0	105.0	54.0	65.0
220.0	107.0	52.0	65.0
223.0	107.0	51.0	64.0
227.0	112.0	49.0	60.0
231.0	108.0	49.0	66.0
233.0	108.0	46.0	71.0
232.63546752929688	113.14598083496094	47.1378288269043	72.75621032714844
230.0	107.0	48.0	74.0
229.0	106.0	48.0	65.0
227.0	107.0	50.0	66.0
227.0	106.0	52.0	68.0
229.0	106.0	53.0	67.0
232.0	107.0	52.0	65.0
234.0	103.0	53.0	67.0
236.0	105.0	54.0	65.0
238.0	107.0	54.0	65.0
239.0	107.0	54.0	68.0
239.0	107.0	55.0	67.0
241.0	107.0	54.0	72.0
242.0	111.0	57.0	74.0
244.0	115.0	56.0	73.0
247.0	118.0	55.0	72.0
251.0	121.0	55.0	69.0
252.0	120.0	55.0	70.0
251.0	118.0	55.0	73.0
250.0	116.0	53.0	73.0
244.0	114.0	56.0	72.0
239.0	115.0	54.0	70.0
234.0	118.0	55.0	68.0
233.0	119.0	56.0	68.0
236.0	116.0	54.0	69.0
241.0	115.0	53.0	70.0
246.0	114.0	54.0	71.0
249.0	116.0	53.0	71.0
249.0	117.0	54.0	71.0
248.0	113.0	54.0	74.0
246.0	111.0	55.0	73.0
243.0	113.0	56.0	72.0
242.0	116.0	56.0	71.0
243.0	115.0	55.0	72.0
244.0	116.0	55.0	73.0
245.0	116.0	57.0	74.0
249.0	117.0	53.0	75.0
251.0	124.0	52.0	68.0
249.0	121.0	54.0	72.0
249.0	121.0	53.0	72.0
248.0	118.0	53.0	74.0
246.0	117.0	53.0	74.0
245.0	116.0	53.0	74.0
244.0	115.0	55.0	74.0
244.0	116.0	56.0	73.0
247.0	117.0	53.0	74.0
248.0	119.0	52.0	72.0
246.0	121.0	53.0	70.0
244.7877655029297	123.27244567871094	53.837684631347656	71.10637664794922
245.0	118.0	51.0	75.0
242.0	118.0	51.0	74.0
240.0	121.0	51.0	72.0
236.0	120.0	52.0	73.0
231.0	121.0	52.0	72.0
225.0	122.0	53.0	70.0
223.0	125.0	54.0	68.0
223.0	128.0	54.0	66.0
225.0	123.0	55.0	70.0
233.0	121.0	53.0	73.0
239.0	121.0	54.0	73.0
245.0	125.0	53.0	72.0
247.0	131.0	54.0	68.0
248.0	133.0	54.0	67.0
245.0	131.0	53.0	67.0
242.99484252929688	131.3675079345703	53.32509231567383	67.41096496582031
240.0	123.0	48.0	72.0
238.0	120.0	45.0	75.0
234.0	120.0	45.0	74.0
235.0	120.0	43.0	74.0
235.0	121.0	45.0	72.0
236.0	119.0	47.0	75.0
236.0	120.0	49.0	74.0
236.0	119.0	49.0	75.0
235.0	120.0	48.0	74.0
234.0	120.0	47.0	73.0
233.0	119.0	47.0	73.0
234.0	117.0	47.0	73.0
236.0	116.0	46.0	73.0
239.0	116.0	45.0	72.0
241.0	115.0	44.0	72.0
243.0	115.0	41.0	71.0
243.0	115.0	42.0	70.0
242.0	115.0	43.0	70.0
241.0	116.0	43.0	69.0
241.0	115.0	42.0	69.0
241.0	116.0	43.0	69.0
242.0	115.0	43.0	72.0
243.0	114.0	44.0	73.0
244.0	115.0	44.0	72.0
247.0	114.0	42.0	72.0
248.0	115.0	41.0	69.0
245.0	115.0	45.0	69.0
247.0	117.0	44.0	69.0
247.0	118.0	45.0	70.0
247.0	118.0	46.0	73.0
251.0	118.0	43.0	73.0
255.0	119.0	43.0	72.0
257.0	119.0	45.0	73.0
263.0	123.0	45.0	71.0
266.0	121.0	43.0	75.0
267.0	123.0	45.0	72.0
267.0	124.0	45.0	71.0
265.0	124.0	46.0	71.0
262.0	123.0	45.0	71.0
257.0	124.0	45.0	72.0
251.0	124.0	46.0	72.0
247.0	124.0	44.0	72.0
240.0	125.0	44.0	71.0
236.0	126.0	41.0	70.0
227.0	126.0	45.0	71.0
223.0	126.0	42.0	70.0
216.0	125.0	44.0	70.0
210.0	122.0	44.0	74.0
206.0	121.0	43.0	74.0
203.0	119.0	41.0	74.0
198.0	116.0	41.0	77.0
194.0	116.0	41.0	75.0
191.0	117.0	41.0	72.0
187.0	114.0	41.0	73.0
181.0	113.0	43.0	73.0
181.0	115.0	40.0	73.0
175.0	115.0	43.0	72.0
174.0	113.0	41.0	73.0
172.0	114.0	40.0	72.0
170.0	115.0	37.0	72.0
165.0	115.0	40.0	71.0
161.0	114.0	40.0	74.0
154.0	115.0	43.0	72.0
154.0	116.0	42.0	72.0
156.0	115.0	39.0	74.0
156.0	116.0	39.0	73.0
157.0	114.0	40.0	74.0
156.0	114.0	41.0	73.0
160.0	115.0	40.0	72.0
161.0	115.0	40.0	71.0
164.0	113.0	40.0	72.0
169.0	111.0	38.0	74.0
175.0	112.0	35.0	71.0
185.0	107.0	27.0	77.0
190.0	107.0	26.0	73.0
188.0	110.0	35.0	72.0
193.0	115.0	34.0	69.0
203.0	107.0	27.0	74.0
205.0	114.0	30.0	68.0
210.0	115.0	30.0	69.0
213.0	109.0	33.0	75.0
218.0	116.0	30.0	69.0
218.0	118.0	34.0	68.0
224.0	119.0	29.0	68.0
228.0	116.0	26.0	74.0
228.81265258789062	113.33033752441406	25.7315731048584	73.23602294921875
231.6702117919922	112.37471008300781	25.230899810791016	71.81102752685547
231.8748321533203	114.03926086425781	24.587656021118164	69.98025512695312
233.59823608398438	120.50755310058594	24.504924774169922	69.74478912353516
234.67263793945312	129.5709991455078	24.3917236328125	69.42259979248047
232.48184204101562	133.8363037109375	24.772838592529297	70.50730895996094
231.13687133789062	131.76461791992188	24.261701583862305	69.05253601074219
230.6885528564453	131.5348358154297	23.95720100402832	68.1858901977539
228.7569580078125	130.04510498046875	23.916797637939453	68.07089233398438
228.283935546875	129.38787841796875	23.497392654418945	66.87720489501953
223.7476806640625	125.6330795288086	23.205163955688477	66.04547119140625
222.19198608398438	119.65541076660156	23.45760726928711	66.76396179199219
212.0	125.0	36.0	51.0
209.0	124.0	36.0	53.0
204.0	120.0	38.0	54.0
202.0	113.0	40.0	62.0
199.0	115.0	41.0	63.0
198.0	112.0	43.0	66.0
198.0	112.0	42.0	65.0
197.0	113.0	45.0	64.0
196.0	113.0	38.0	64.0
193.0	118.0	42.0	59.0
189.0	117.0	41.0	65.0
188.0	119.0	38.0	60.0
183.0	114.0	43.0	67.0
184.0	118.0	41.0	63.0
181.0	114.0	45.0	66.0
185.0	120.0	35.0	62.0
182.0	127.0	39.0	56.0
182.0	125.0	38.0	55.0
183.0	128.0	35.0	49.0
183.0	128.0	35.0	47.0
180.0	127.0	34.0	47.0
181.0	129.0	33.0	46.0
182.0	129.0	29.0	44.0
180.0	124.0	35.0	49.0
178.0	124.0	32.0	45.0
166.0	115.0	46.0	58.0
170.0	116.0	39.0	54.0
168.0	116.0	39.0	56.0
177.0	125.0	30.0	45.0
178.0	124.0	32.0	45.0
179.9585418701172	127.6080551147461	32.064979553222656	45.09137725830078
180.9345703125	123.10435485839844	31.632373809814453	44.48302459716797
181.5637969970703	116.54164123535156	31.79150390625	44.7067985534668
181.49203491210938	117.62910461425781	31.13150405883789	43.7786750793457
179.7117919921875	125.38566589355469	30.994670867919922	43.58625411987305
177.0896759033203	128.82266235351562	31.078601837158203	43.704280853271484
176.0	125.0	31.0	45.0
169.0	117.0	37.0	52.0
166.0	116.0	41.0	53.0
171.38888549804688	122.12638854980469	40.69388198852539	52.60429000854492
176.17430114746094	124.10689544677734	39.51814651489258	51.084434509277344
171.0	112.0	41.0	54.0
188.0	110.0	30.0	58.0
186.0	108.0	36.0	68.0
190.0	110.0	33.0	66.0
190.51089477539062	109.58201599121094	32.70381164550781	65.40762329101562
190.35647583007812	110.6613540649414	32.36815643310547	64.73631286621094
189.0	118.0	32.0	50.0
180.0	112.0	42.0	57.0
177.0	105.0	45.0	65.0
175.0	106.0	49.0	69.0
174.0	106.0	53.0	69.0
175.0	107.0	52.0	67.0
177.0	107.0	52.0	68.0
179.0	108.0	51.0	67.0
178.0	107.0	52.0	69.0
178.0	107.0	52.0	70.0
178.0	107.0	50.0	67.0
176.0	107.0	52.0	69.0
179.0	109.0	48.0	68.0
179.0	110.0	48.0	68.0
179.0	110.0	48.0	70.0
181.0	111.0	47.0	71.0
182.0	114.0	48.0	70.0
187.0	117.0	46.0	67.0
191.0	124.0	44.0	63.0
195.0	122.0	45.0	66.0
197.0	127.0	48.0	63.0
198.0	125.0	49.0	64.0
200.0	129.0	46.0	58.0
200.0	125.0	45.0	63.0
195.0	125.0	51.0	64.0
195.0	127.0	50.0	64.0
192.0	125.0	51.0	65.0
196.0	130.0	48.0	68.0
201.0	143.0	42.0	59.0
204.0	153.0	38.0	55.0
201.0	152.0	40.0	61.0
197.0	155.0	43.0	60.0
197.0	158.0	41.0	60.0
194.0	159.0	42.0	58.0
197.0	168.0	37.0	51.0
196.0926971435547	173.75442504882812	36.27335739135742	49.99840545654297
196.47088623046875	177.12356567382812	36.26551055908203	49.987579345703125
197.73428344726562	182.31591796875	35.696815490722656	49.20370101928711
202.15554809570312	178.6575469970703	35.35022735595703	48.725975036621094
209.8035125732422	150.03475952148438	34.95600128173828	48.182579040527344
210.42568969726562	153.3264923095703	35.165382385253906	48.4711799621582
212.0	167.0	26.0	60.0
214.0	159.0	27.0	70.0
208.0	161.0	34.0	68.0
205.0	158.0	36.0	69.0
198.0	158.0	42.0	68.0
195.0	158.0	44.0	63.0
195.0	158.0	44.0	66.0
199.0	155.0	41.0	68.0
204.0	156.0	40.0	65.0
206.0	156.0	42.0	64.0
207.0	155.0	45.0	69.0
205.0	155.0	48.0	69.0
207.0	151.0	45.0	73.0
204.0	153.0	46.0	69.0
201.0	153.0	47.0	68.0
198.0	153.0	48.0	67.0
198.0	154.0	48.0	67.0
200.0	152.0	46.0	67.0
202.0	151.0	46.0	68.0
206.0	150.0	44.0	69.0
207.0	149.0	43.0	69.0
208.0	149.0	42.0	68.0
207.0	148.0	44.0	67.0
206.0	145.0	44.0	68.0
203.0	144.0	47.0	67.0
204.0	142.0	47.0	67.0
205.0	141.0	47.0	70.0
207.0	142.0	48.0	70.0
210.0	143.0	48.0	70.0
212.0	143.0	49.0	70.0
215.0	145.0	48.0	68.0
214.0	143.0	50.0	70.0
213.0	143.0	49.0	70.0
210.0	143.0	51.0	69.0
210.0	144.0	49.0	70.0
208.0	144.0	47.0	70.0
208.0	145.0	47.0	70.0
208.0	144.0	47.0	72.0
209.0	145.0	47.0	72.0
210.0	148.0	47.0	69.0
211.0	147.0	49.0	71.0
211.0	147.0	50.0	71.0
212.0	147.0	48.0	71.0
207.0	156.0	42.0	59.0
203.0	174.0	35.0	41.0
195.0	172.0	43.0	52.0
197.0	171.0	41.0	56.0
203.0	174.0	36.0	45.0
197.0	173.0	41.0	47.0
198.0	172.0	41.0	53.0
199.0	174.0	42.0	52.0
201.0	175.0	41.0	53.0
203.0	176.0	39.0	50.0
203.0	177.0	40.0	49.0
203.0	178.0	41.0	47.0
207.0	181.0	38.0	47.0
210.7303924560547	184.03530883789062	37.40615463256836	46.26551055908203
215.25894165039062	179.0491180419922	38.160606384277344	47.19865798950195
216.0	161.0	49.0	68.0
218.0	162.0	54.0	68.0
218.0	161.0	55.0	67.0
220.0	161.0	55.0	70.0
221.29678344726562	162.01025390625	54.608184814453125	69.50132751464844
223.0	164.0	54.0	68.0
222.0	163.0	57.0	70.0
223.0	163.0	57.0	72.0
224.0	163.0	56.0	72.0
225.0	166.0	54.0	67.0
224.0	162.0	53.0	69.0
222.0	158.0	54.0	70.0
219.0	156.0	55.0	69.0
214.4138641357422	153.8094482421875	54.74486541748047	68.67991638183594
215.0	154.0	51.0	69.0
215.0	158.0	49.0	66.0
216.0	157.0	45.0	69.0
217.0	157.0	44.0	68.0
217.0	158.0	45.0	68.0
217.0	159.0	46.0	68.0
217.0	159.0	49.0	69.0
218.0	156.0	49.0	73.0
218.0	157.0	50.0	70.0
219.0	159.0	50.0	68.0
220.0	159.0	52.0	69.0
220.0	158.0	52.0	72.0
222.0	163.0	50.0	68.0
224.0	165.0	47.0	66.0
224.0	166.0	48.0	67.0
226.0	165.0	47.0	69.0
226.0	166.0	47.0	68.0
226.0	165.0	49.0	69.0
224.0	162.0	51.0	72.0
224.0	159.0	51.0	70.0
225.0	155.0	51.0	72.0
226.0	152.0	51.0	71.0
228.0	150.0	52.0	67.0
232.0	145.0	52.0	68.0
236.0	139.0	54.0	68.0
239.0	134.0	55.0	68.0
242.0	130.0	56.0	70.0
244.0	128.0	56.0	70.0
243.0	126.0	57.0	69.0
243.0	121.0	55.0	69.0
247.0	118.0	53.0	69.0
253.0	111.0	50.0	72.0
258.0	105.0	47.0	72.0
261.0	103.0	48.0	69.0
261.33905029296875	101.7071762084961	48.330318450927734	69.4748306274414
260.26654052734375	98.93278503417969	48.793487548828125	70.14063262939453
262.0	97.0	51.0	68.0
259.42803955078125	100.75627136230469	51.75359344482422	69.00479888916016
264.0	91.0	44.0	70.0
266.0	92.0	43.0	64.0
267.0	84.0	46.0	72.0
271.0	78.0	49.0	78.0
272.0	80.0	54.0	71.0
272.0	81.0	52.0	72.0
273.0	81.0	51.0	71.0
274.68682861328125	80.91378021240234	51.25511932373047	71.35517120361328
274.0	80.0	50.0	74.0
272.25299072265625	79.17588806152344	50.15873336791992	74.23493194580078
272.2003479003906	81.21392822265625	49.698326110839844	73.55353546142578
270.0464782714844	81.00741577148438	48.822059631347656	72.25665283203125
268.1669921875	81.9161376953125	48.69377899169922	72.0667953491211
269.2804260253906	82.02638244628906	48.911582946777344	72.3891372680664
272.0	84.0	48.0	67.0
274.0	87.0	48.0	65.0
273.0	87.0	53.0	66.0
270.0	86.0	50.0	67.0
266.0	91.0	51.0	64.0
262.0	89.0	50.0	66.0
257.0	96.0	47.0	61.0
254.0	99.0	44.0	60.0
253.0	95.0	41.0	64.0
251.0	89.0	39.0	64.0
240.70193481445312	98.95526123046875	38.20554733276367	62.6962890625
237.88473510742188	90.05650329589844	37.72767639160156	61.91209030151367
244.31399536132812	94.46330261230469	37.38212966918945	61.34503936767578
249.0	92.0	36.0	64.0
248.30361938476562	88.94615173339844	35.59889221191406	63.28691864013672
239.08615112304688	102.62796783447266	35.29960632324219	62.754859924316406
237.4462127685547	104.16944885253906	35.320091247558594	62.7912712097168
243.0	99.0	41.0	59.0
246.5439453125	102.06470489501953	40.30805969238281	58.0042839050293
246.0	101.0	44.0	58.0
246.0	102.0	43.0	59.0
243.0	103.0	46.0	59.0
238.0	107.0	54.0	58.0
239.0	110.0	55.0	57.0
241.0	112.0	56.0	58.0
242.0	114.0	56.0	55.0
238.0	115.0	60.0	58.0
236.0	118.0	62.0	55.0
237.0	119.0	63.0	55.0
239.0	119.0	65.0	55.0
240.0	122.0	66.0	53.0
293.0	87.0	39.0	46.0
293.0	88.0	41.0	46.0
294.0	89.0	40.0	48.0
293.80877685546875	91.30281066894531	40.361122131347656	48.43334197998047
293.0	98.0	41.0	46.0
293.0	99.0	42.0	49.0
294.0	105.0	39.0	48.0
297.28228759765625	106.98148345947266	39.61167526245117	48.752830505371094
295.0	111.0	43.0	48.0
298.10345458984375	113.73066711425781	42.9410285949707	47.93416976928711
300.0	116.0	41.0	50.0
301.78363037109375	118.24266052246094	40.579261779785156	49.486907958984375
