243.0	231.0	36.0	18.0
241.0	230.0	41.0	18.0
244.3215789794922	228.17233276367188	42.03216552734375	18.453144073486328
248.48684692382812	226.06814575195312	41.23573303222656	18.10348892211914
252.51315307617188	224.3979034423828	40.63845443725586	17.841270446777344
255.87411499023438	222.13662719726562	40.32886505126953	17.705352783203125
259.8038635253906	219.1881103515625	40.410682678222656	17.741273880004883
262.2423400878906	216.4085235595703	40.953609466552734	17.979633331298828
264.22967529296875	213.4632110595703	41.32151412963867	18.14115333557129
267.99847412109375	209.1241912841797	41.047245025634766	18.020740509033203
272.21209716796875	206.33779907226562	40.980716705322266	17.991533279418945
277.0	201.0	36.0	18.0
267.0	193.0	49.0	22.0
282.0	193.0	36.0	20.0
282.0	185.0	38.0	23.0
283.5376281738281	178.13534545898438	37.916358947753906	22.94937515258789
285.9089660644531	175.26779174804688	37.34324264526367	22.602489471435547
286.76580810546875	170.1777801513672	38.039371490478516	23.023832321166992
288.30914306640625	166.33590698242188	38.00168228149414	23.001018524169922
288.19073486328125	162.53077697753906	37.29261779785156	22.571849822998047
294.0	159.0	33.0	19.0
294.0	158.0	36.0	17.0
295.0	156.0	35.0	16.0
294.0	156.0	37.0	15.0
291.52618408203125	154.5353546142578	36.98508071899414	14.993951797485352
291.4943542480469	152.07015991210938	37.47079086303711	15.190861701965332
290.9378356933594	150.2921142578125	37.648582458496094	15.262937545776367
291.57879638671875	148.10342407226562	37.643306732177734	15.260798454284668
290.53704833984375	145.8312530517578	38.218238830566406	15.493879318237305
290.41168212890625	144.38018798828125	38.15082931518555	15.466552734375
289.4952392578125	141.119140625	38.71782684326172	15.696416854858398
289.8410949707031	138.82479858398438	37.732582092285156	15.296992301940918
288.14703369140625	135.29129028320312	37.38176345825195	15.154767036437988
286.9273986816406	133.3553466796875	37.73872375488281	15.299481391906738
288.1004333496094	130.8559112548828	37.403812408447266	15.16370677947998
287.83270263671875	128.3184051513672	37.12077713012695	15.04896354675293
286.0074462890625	125.6484603881836	37.3258056640625	15.132081985473633
286.0882263183594	124.15767669677734	38.17243957519531	15.475311279296875
285.71405029296875	122.94377136230469	38.2315559387207	15.49927806854248
285.07568359375	121.30409240722656	38.36386489868164	15.552915573120117
288.0	121.0	36.0	15.0
287.1830139160156	119.0829849243164	35.994293212890625	14.9976224899292
288.025634765625	116.85893249511719	36.44673538208008	15.186139106750488
287.3100280761719	114.9066162109375	36.88813018798828	15.3700532913208
287.4991760253906	112.1828842163086	36.965301513671875	15.40220832824707
288.65380859375	109.45601654052734	36.76534652709961	15.318893432617188
288.4559631347656	106.71693420410156	36.726688385009766	15.30278491973877
287.7032775878906	103.47203063964844	37.45874786376953	15.607809066772461
287.31781005859375	99.90294647216797	37.18366622924805	15.493192672729492
287.2960510253906	95.88682556152344	37.658843994140625	15.691182136535645
286.5848693847656	91.39305877685547	37.973297119140625	15.82220458984375
286.53167724609375	88.02513122558594	38.121665954589844	15.884025573730469
285.9370422363281	84.46175384521484	38.40623092651367	16.002593994140625
283.95263671875	80.48078918457031	38.576148986816406	16.073394775390625
282.3845520019531	76.9295425415039	38.299964904785156	15.958317756652832
282.55731201171875	73.08329772949219	38.817298889160156	16.173871994018555
285.0	66.0	38.0	22.0
285.0	64.0	42.0	19.0
278.5118408203125	61.38132858276367	41.271881103515625	18.670612335205078
276.1300354003906	59.016441345214844	40.859336853027344	18.483985900878906
276.56024169921875	57.14603805541992	40.54642868041992	18.34243392944336
274.9653015136719	55.823028564453125	40.00551223754883	18.097732543945312
276.0	63.0	32.0	11.0
274.1387634277344	56.15892791748047	32.27171325683594	11.093400955200195
272.31964111328125	55.218505859375	31.807010650634766	10.933659553527832
270.1258544921875	54.4394416809082	32.05440902709961	11.018702507019043
267.0	55.0	34.0	14.0
263.2491149902344	50.5598030090332	33.86907196044922	13.946088790893555
260.9905090332031	48.20941162109375	33.843719482421875	13.935648918151855
259.3036193847656	46.22904968261719	33.638771057128906	13.8512601852417
255.6622314453125	45.59238815307617	33.182918548583984	13.663557052612305
252.62704467773438	43.01427459716797	32.93421173095703	13.56114673614502
249.0	37.0	35.0	18.0
246.0	37.0	35.0	17.0
245.0	35.0	31.0	15.0
241.0	37.0	32.0	13.0
236.0	31.0	34.0	16.0
233.39053344726562	28.4748592376709	34.10054397583008	16.047313690185547
231.0	27.0	33.0	15.0
230.0	23.0	32.0	16.0
226.0	22.0	31.0	14.0
223.0	18.0	33.0	15.0
220.72329711914062	16.13259506225586	33.03870391845703	15.017593383789062
215.9697265625	11.786030769348145	33.312782287597656	15.142173767089844
214.571533203125	11.520051956176758	33.41254425048828	15.187520027160645
210.7682647705078	8.09894847869873	32.969078063964844	14.985944747924805
207.6125946044922	8.731451988220215	33.17676544189453	15.080348014831543
206.8217315673828	8.964491844177246	33.024070739746094	15.010940551757812
203.80795288085938	7.305959224700928	32.978782653808594	14.990354537963867
201.5231170654297	7.841355800628662	32.675437927246094	14.852470397949219
199.92703247070312	8.054919242858887	32.753543853759766	14.887972831726074
196.4554901123047	9.065367698669434	33.553321838378906	15.251508712768555
195.466552734375	9.192973136901855	33.36393737792969	15.165423393249512
193.10032653808594	10.03723430633545	32.553470611572266	14.797029495239258
190.86819458007812	9.327791213989258	32.500770568847656	14.77307415008545
189.88075256347656	12.680889129638672	32.40570831298828	14.729864120483398
185.70138549804688	13.847497940063477	32.78090286254883	14.900407791137695
183.79563903808594	13.698152542114258	32.249656677246094	14.65893268585205
182.29917907714844	14.262426376342773	32.36590576171875	14.711771965026855
179.978515625	15.866368293762207	32.11907196044922	14.599574089050293
179.0	19.0	32.0	15.0
177.0	21.0	32.0	15.0
176.0	23.0	31.0	16.0
174.0	25.0	32.0	16.0
174.0	31.0	30.0	13.0
173.0	34.0	31.0	14.0
174.0	37.0	30.0	14.0
177.0	42.0	26.0	13.0
174.0	46.0	28.0	11.0
172.0	47.0	31.0	14.0
171.61434936523438	51.25368118286133	31.272891998291016	14.12324047088623
171.40133666992188	54.447509765625	31.72384262084961	14.326894760131836
173.26425170898438	57.26142501831055	32.31907653808594	14.595710754394531
174.1418914794922	60.19411087036133	32.26357650756836	14.570646286010742
173.0	64.0	33.0	14.0
175.31375122070312	66.35416412353516	33.3208122253418	14.136102676391602
174.5807342529297	68.7440414428711	33.11650848388672	14.049426078796387
177.58270263671875	70.93123626708984	32.96455764770508	13.984960556030273
178.14340209960938	73.41188049316406	33.3093376159668	14.131230354309082
183.0	76.0	29.0	14.0
182.0	78.0	31.0	15.0
188.0	82.0	28.0	12.0
187.6718292236328	83.624267578125	28.105182647705078	12.045077323913574
190.7147216796875	85.57234954833984	27.976058959960938	11.989738464355469
196.0	89.0	25.0	12.0
197.0	91.0	26.0	12.0
197.0	92.0	29.0	13.0
195.0	95.0	32.0	13.0
196.4244842529297	95.6769790649414	32.61096954345703	13.248205184936523
200.0117645263672	98.08946228027344	32.383277893066406	13.155706405639648
202.74844360351562	100.18922424316406	32.00572967529297	13.002328872680664
202.894287109375	101.34249114990234	32.091339111328125	13.037107467651367
206.8416748046875	102.98628234863281	31.925079345703125	12.969564437866211
207.30337524414062	104.80474853515625	31.365081787109375	12.7420654296875
210.16592407226562	105.89093017578125	31.148746490478516	12.654178619384766
203.0494384765625	109.19449615478516	31.248416900634766	12.694669723510742
199.54220581054688	112.21610260009766	30.84992027282715	12.532781600952148
197.94493103027344	113.16107177734375	30.873260498046875	12.54226303100586
199.31466674804688	121.18550109863281	30.756860733032227	12.494974136352539
202.604736328125	123.94071960449219	31.373132705688477	12.74533462524414
198.720458984375	130.42752075195312	31.136642456054688	12.649260520935059
205.17611694335938	125.3024673461914	30.794231414794922	12.510156631469727
202.39108276367188	127.8623275756836	31.122060775756836	12.643338203430176
200.15042114257812	139.44754028320312	31.143192291259766	12.651922225952148
196.8293914794922	145.7198486328125	30.692846298217773	12.468971252441406
199.17718505859375	143.4024200439453	31.19257164001465	12.671985626220703
196.94601440429688	141.38589477539062	31.01784324645996	12.601001739501953
198.94711303710938	140.28501892089844	30.99106216430664	12.59012222290039
199.00918579101562	139.97708129882812	31.4326114654541	12.769500732421875
200.79476928710938	140.1550750732422	31.23300552368164	12.688409805297852
199.89659118652344	139.52162170410156	31.27316665649414	12.70472526550293
200.46176147460938	139.3911590576172	30.901962280273438	12.553923606872559
200.20553588867188	139.9899444580078	30.418155670166016	12.357377052307129
199.8350830078125	139.71189880371094	30.607702255249023	12.434381484985352
199.90487670898438	139.19198608398438	30.548641204833984	12.410388946533203
200.19679260253906	139.5877685546875	30.728130340576172	12.483305931091309
199.96981811523438	139.54718017578125	30.94696617126465	12.572208404541016
199.33103942871094	139.86019897460938	32.00027084350586	13.000112533569336
199.9940948486328	139.7602081298828	31.29743003845215	12.714582443237305
199.89459228515625	139.48037719726562	30.870220184326172	12.541029930114746
199.84925842285156	139.53273010253906	30.84075927734375	12.529062271118164
199.98410034179688	139.3917236328125	30.75442886352539	12.493989944458008
198.54983520507812	139.93215942382812	30.760034561157227	12.496267318725586
198.95974731445312	139.58273315429688	30.805252075195312	12.514636993408203
199.77154541015625	139.7464599609375	30.936925888061523	12.568130493164062
199.89492797851562	139.37474060058594	30.60934829711914	12.435052871704102
199.42127990722656	139.94198608398438	30.901803970336914	12.553863525390625
199.24505615234375	139.623291015625	30.839258193969727	12.52845287322998
200.0066375732422	139.2088623046875	31.11846351623535	12.64188003540039
199.4507293701172	139.6001434326172	31.263965606689453	12.700990676879883
199.54324340820312	139.3218536376953	31.01397705078125	12.599431991577148
199.3743896484375	139.02450561523438	30.972179412841797	12.582451820373535
199.53781127929688	139.39657592773438	31.09014892578125	12.630376815795898
198.79495239257812	139.2819061279297	31.399877548217773	12.756203651428223
200.19186401367188	139.32644653320312	31.136577606201172	12.649238586425781
199.833740234375	139.1132049560547	31.301284790039062	12.716150283813477
199.52540588378906	139.14505004882812	31.024200439453125	12.603586196899414
199.04421997070312	139.49996948242188	30.890716552734375	12.549357414245605
199.72727966308594	139.82278442382812	30.233816146850586	12.282491683959961
199.71585083007812	139.638427734375	30.63348388671875	12.444857597351074
199.5286865234375	139.42774963378906	30.43243980407715	12.363183975219727
199.27853393554688	139.7816162109375	30.454296112060547	12.372064590454102
199.4180450439453	139.40786743164062	30.735376358032227	12.486252784729004
199.9004364013672	139.5659942626953	30.26047706604004	12.29332447052002
198.77825927734375	139.6226348876953	30.640832901000977	12.447842597961426
199.4604949951172	138.58505249023438	31.018218994140625	12.601156234741211
200.55850219726562	139.80499267578125	30.483810424804688	12.384053230285645
199.52964782714844	139.57064819335938	30.302227020263672	12.310285568237305
200.16664123535156	139.34567260742188	30.130146026611328	12.240376472473145
200.02415466308594	139.35848999023438	30.16109848022461	12.252949714660645
199.0528106689453	139.2421875	30.205089569091797	12.270820617675781
198.91171264648438	139.32717895507812	30.505146026611328	12.392717361450195
199.08863830566406	138.92636108398438	30.822921752929688	12.521814346313477
199.24119567871094	139.46145629882812	30.153310775756836	12.249784469604492
199.9818572998047	139.51573181152344	30.17879295349121	12.260137557983398
198.9903564453125	139.66311645507812	30.198055267333984	12.267963409423828
199.58993530273438	139.49310302734375	29.98630142211914	12.181938171386719
200.6957244873047	139.5974578857422	29.540857315063477	12.0009765625
199.91807556152344	139.49179077148438	29.66943359375	12.053213119506836
200.2718963623047	139.9093017578125	29.90884017944336	12.150472640991211
200.16317749023438	139.62496948242188	29.294723510742188	11.900988578796387
200.00302124023438	139.72787475585938	29.517864227294922	11.991640090942383
200.4723663330078	139.48345947265625	29.371265411376953	11.932083129882812
200.49549865722656	139.661865234375	28.933422088623047	11.754209518432617
200.9138641357422	139.4918670654297	29.08138656616211	11.814321517944336
199.3873748779297	139.61672973632812	29.195575714111328	11.860709190368652
200.1268768310547	139.88973999023438	29.201061248779297	11.862937927246094
200.2784881591797	139.6429443359375	29.287256240844727	11.897954940795898
201.05764770507812	139.4767303466797	28.855213165283203	11.722436904907227
200.87222290039062	139.4641876220703	28.759235382080078	11.683446884155273
199.27078247070312	139.84280395507812	28.82818603515625	11.711456298828125
199.695556640625	139.73521423339844	28.847614288330078	11.719347953796387
201.48928833007812	139.5855712890625	28.67889404296875	11.65080451965332
199.59921264648438	139.8597412109375	28.687976837158203	11.654494285583496
199.7491912841797	139.76437377929688	29.369457244873047	11.931344985961914
199.75997924804688	139.47677612304688	29.66668701171875	12.052094459533691
200.01116943359375	139.4241180419922	29.934307098388672	12.160815238952637
199.88592529296875	139.6488037109375	29.45477867126465	11.9660062789917
200.0629425048828	139.40573120117188	30.02242088317871	12.196611404418945
200.5431365966797	138.86563110351562	29.91470718383789	12.152853012084961
199.57518005371094	138.93942260742188	29.96624183654785	12.173788070678711
199.0228729248047	139.71701049804688	30.41962242126465	12.3579740524292
200.10256958007812	138.82009887695312	30.31149673461914	12.314046859741211
199.86073303222656	139.32736206054688	31.1721134185791	12.66367244720459
198.84951782226562	139.31106567382812	31.137075424194336	12.649438858032227
199.59210205078125	139.57821655273438	31.095861434936523	12.632696151733398
198.76559448242188	139.50082397460938	31.47140121459961	12.785260200500488
199.33714294433594	139.46621704101562	31.42459487915039	12.766244888305664
199.0356903076172	139.2457275390625	31.126245498657227	12.645039558410645
198.44815063476562	138.96319580078125	31.924814224243164	12.969457626342773
199.0709991455078	138.79379272460938	32.29622268676758	13.120343208312988
198.68418884277344	138.52523803710938	32.65531539916992	13.26622486114502
197.4822998046875	138.7098388671875	32.73556137084961	13.29882526397705
198.05557250976562	139.42103576660156	32.36891174316406	13.149874687194824
198.28536987304688	139.04434204101562	32.01244354248047	13.005060195922852
199.10403442382812	139.23855590820312	32.6147346496582	13.249740600585938
199.09066772460938	138.31968688964844	32.66436004638672	13.26990032196045
198.51455688476562	138.64088439941406	32.46903991699219	13.190549850463867
198.5547332763672	138.6520233154297	32.30122756958008	13.122373580932617
198.39108276367188	138.96372985839844	31.69952964782715	12.87793254852295
198.62033081054688	138.99954223632812	30.937808990478516	12.568483352661133
199.56015014648438	139.2813720703125	30.52730941772461	12.40172004699707
199.46820068359375	139.15133666992188	31.000904083251953	12.594118118286133
199.1310577392578	139.13465881347656	30.744487762451172	12.489949226379395
199.45651245117188	139.09194946289062	30.9857234954834	12.587952613830566
199.020263671875	139.24205017089844	30.439367294311523	12.365996360778809
199.31069946289062	139.41751098632812	30.511592864990234	12.39533805847168
198.82969665527344	139.08468627929688	30.70941734313965	12.475703239440918
198.19033813476562	139.34532165527344	30.79331398010254	12.509786605834961
199.00924682617188	139.4561767578125	30.24249267578125	12.286015510559082
198.94638061523438	139.01104736328125	30.125762939453125	12.238595008850098
199.37063598632812	139.54928588867188	30.0302677154541	12.199800491333008
199.5056610107422	139.0793914794922	29.802196502685547	12.107145309448242
200.2574462890625	139.466552734375	30.43230628967285	12.363126754760742
199.36827087402344	139.4036102294922	30.43330955505371	12.363534927368164
198.78756713867188	139.77769470214844	30.464096069335938	12.376042366027832
198.88320922851562	139.0120391845703	30.53628158569336	12.405367851257324
199.47573852539062	139.21888732910156	30.262304306030273	12.29406452178955
199.45755004882812	139.48814392089844	30.291805267333984	12.306050300598145
199.58872985839844	139.4964141845703	30.208730697631836	12.27230167388916
199.32620239257812	139.18850708007812	29.922100067138672	12.155858993530273
199.9849853515625	139.5889129638672	29.93556785583496	12.161331176757812
199.5520477294922	139.28445434570312	30.311695098876953	12.314132690429688
199.24232482910156	139.44821166992188	30.617351531982422	12.438305854797363
197.97584533691406	139.29269409179688	30.7136287689209	12.477418899536133
199.3536376953125	139.3634796142578	31.047977447509766	12.613247871398926
198.33120727539062	139.16812133789062	30.948253631591797	12.572735786437988
198.14370727539062	138.93716430664062	31.176372528076172	12.665409088134766
198.5822296142578	139.05323791503906	31.582677841186523	12.830470085144043
198.8634490966797	138.8792724609375	31.481014251708984	12.789170265197754
199.1546630859375	139.2631378173828	31.463708877563477	12.78213882446289
198.68978881835938	138.63192749023438	31.47402572631836	12.786330223083496
198.87997436523438	138.74172973632812	31.305652618408203	12.71792984008789
198.71194458007812	139.207275390625	30.803035736083984	12.513742446899414
198.9311065673828	139.4954833984375	31.163875579833984	12.660333633422852
198.84817504882812	139.18092346191406	31.18813133239746	12.670186996459961
198.57791137695312	138.65225219726562	31.880077362060547	12.95129108428955
197.84979248046875	138.3755645751953	31.53789710998535	12.812280654907227
197.9736328125	138.95474243164062	31.492212295532227	12.793720245361328
199.00181579589844	139.18455505371094	31.312152862548828	12.72057056427002
198.0517578125	138.86825561523438	30.829204559326172	12.524374008178711
197.9276885986328	138.4960479736328	31.037296295166016	12.608911514282227
198.3847198486328	138.9178466796875	31.794124603271484	12.916372299194336
198.01748657226562	139.0517578125	31.96902084350586	12.98742389678955
198.37551879882812	138.70645141601562	31.8355655670166	12.933207511901855
198.64187622070312	139.18136596679688	30.843027114868164	12.529989242553711
197.89315795898438	138.9567413330078	30.743206024169922	12.4894380569458
199.22671508789062	138.94180297851562	30.587539672851562	12.42619800567627
198.4923095703125	139.11233520507812	31.21768569946289	12.682194709777832
198.19497680664062	138.802001953125	31.86651611328125	12.945782661437988
199.079833984375	138.34970092773438	31.948251724243164	12.978988647460938
197.6285858154297	139.2481689453125	31.6313419342041	12.850244522094727
198.60284423828125	138.6596221923828	31.508901596069336	12.800503730773926
199.18797302246094	138.85324096679688	31.28847885131836	12.710956573486328
198.37557983398438	139.28866577148438	31.347631454467773	12.734989166259766
197.83535766601562	139.11338806152344	31.45871353149414	12.780115127563477
198.17666625976562	138.8638916015625	31.2615909576416	12.700034141540527
198.1544952392578	138.69094848632812	31.022632598876953	12.602956771850586
198.1105499267578	138.43447875976562	31.208011627197266	12.678266525268555
197.8177490234375	138.67356872558594	31.704959869384766	12.880151748657227
198.05551147460938	138.7700958251953	31.5747013092041	12.827234268188477
199.13706970214844	138.72848510742188	31.550506591796875	12.817403793334961
197.75819396972656	138.8611602783203	31.65176010131836	12.858537673950195
197.59356689453125	139.1076202392578	31.908557891845703	12.962862968444824
198.7110137939453	138.79000854492188	31.47458267211914	12.78656005859375
198.7391357421875	138.64744567871094	31.701513290405273	12.878751754760742
199.53244018554688	138.8113555908203	31.431137084960938	12.768911361694336
199.01101684570312	138.99244689941406	31.5928897857666	12.834623336791992
198.3484344482422	138.6134796142578	31.627544403076172	12.848701477050781
197.72933959960938	139.2090606689453	31.64792251586914	12.856979370117188
198.6243133544922	139.42539978027344	30.93667221069336	12.568034172058105
198.64193725585938	139.00204467773438	30.746612548828125	12.490822792053223
197.46688842773438	139.22613525390625	31.306854248046875	12.718420028686523
198.37130737304688	138.60020446777344	31.802963256835938	12.919964790344238
197.9596710205078	139.16110229492188	31.785009384155273	12.912671089172363
197.36544799804688	138.834716796875	31.926441192626953	12.970128059387207
197.8302459716797	138.64968872070312	32.8236083984375	13.334602355957031
198.16912841796875	138.30517578125	32.764583587646484	13.310623168945312
197.86788940429688	138.29067993164062	33.18876647949219	13.482946395874023
197.01470947265625	138.4103546142578	33.06821823120117	13.43397331237793
198.05946350097656	138.8655548095703	33.34718704223633	13.54730224609375
197.6821746826172	138.40203857421875	33.398529052734375	13.568159103393555
197.27096557617188	138.4677276611328	33.42061996459961	13.57713508605957
198.50624084472656	138.57626342773438	32.971397399902344	13.39463996887207
196.63955688476562	138.40737915039062	33.09092330932617	13.443197250366211
