280.0	130.0	18.0	19.0
282.0	131.0	17.0	19.0
282.0	131.0	18.0	18.0
283.0	131.0	19.0	18.0
285.0	131.0	20.0	19.0
289.0	132.0	20.0	19.0
292.0	132.0	21.0	21.0
298.0	135.0	18.0	19.0
301.0	137.0	17.0	17.0
303.0	140.0	16.0	15.0
302.0	139.0	17.0	16.0
302.0	139.0	17.0	17.0
302.0	139.0	17.0	17.0
301.0	139.0	18.0	17.0
302.0	139.0	17.0	17.0
302.0	141.0	16.0	14.0
302.0	139.0	17.0	17.0
303.0	140.0	15.0	15.0
303.0	139.0	17.0	16.0
302.0	139.0	18.0	17.0
302.0	139.0	18.0	17.0
303.0	141.0	16.0	14.0
303.0	139.0	17.0	17.0
304.0	141.0	15.0	14.0
304.0	141.0	15.0	14.0
303.0	139.0	17.0	17.0
303.0	141.0	16.0	14.0
303.0	141.0	16.0	15.0
302.0	139.0	17.0	18.0
303.0	139.0	17.0	18.0
302.0	140.0	18.0	17.0
302.0	139.0	17.0	18.0
302.0	140.0	18.0	17.0
302.0	140.0	17.0	17.0
304.0	142.0	16.0	16.0
303.0	141.0	16.0	16.0
300.0	140.0	18.0	19.0
289.0	136.0	23.0	23.0
283.0	135.0	24.0	25.0
285.0	138.0	23.0	23.0
284.0	141.0	22.0	22.0
284.0	140.0	21.0	22.0
279.0	140.0	20.0	22.0
275.0	141.0	19.0	21.0
276.0	143.0	18.0	19.0
276.0	142.0	17.0	18.0
276.0	141.0	18.0	18.0
279.0	137.0	17.0	17.0
283.0163879394531	130.2541961669922	16.98850440979004	16.98850440979004
280.39508056640625	119.46656799316406	17.016172409057617	17.016172409057617
277.64263916015625	107.96551513671875	17.18467140197754	17.18467140197754
279.88311767578125	108.7121353149414	17.213123321533203	17.213123321533203
278.97540283203125	108.46272277832031	17.512434005737305	17.512434005737305
283.1974182128906	108.8466796875	17.235248565673828	17.235248565673828
281.0336608886719	109.0067138671875	17.187389373779297	17.187389373779297
284.03350830078125	108.75605773925781	17.141468048095703	17.141468048095703
280.095458984375	108.84730529785156	16.973079681396484	16.973079681396484
283.5323791503906	109.2651596069336	16.67302894592285	16.67302894592285
282.72491455078125	109.068115234375	16.87568473815918	16.87568473815918
284.3491516113281	109.02751159667969	17.198190689086914	17.198190689086914
281.30010986328125	108.56856536865234	17.4154052734375	17.4154052734375
283.87750244140625	108.61418151855469	17.48946189880371	17.48946189880371
283.39031982421875	108.55418395996094	17.537250518798828	17.537250518798828
281.52203369140625	108.15811920166016	17.843290328979492	17.843290328979492
283.4246826171875	108.2055892944336	17.903738021850586	17.903738021850586
285.07183837890625	108.59427642822266	17.728107452392578	17.728107452392578
282.89288330078125	107.72758483886719	17.888561248779297	17.888561248779297
283.6788635253906	107.82896423339844	17.95809555053711	17.95809555053711
282.2370910644531	108.31028747558594	18.1041259765625	18.1041259765625
282.1512145996094	107.73484802246094	18.31265640258789	18.31265640258789
281.93017578125	107.51683044433594	18.505273818969727	18.505273818969727
279.5196228027344	105.5994873046875	18.670747756958008	18.670747756958008
280.1077880859375	106.3697738647461	18.764934539794922	18.764934539794922
280.8432922363281	107.38350677490234	18.411991119384766	18.411991119384766
280.8263244628906	107.41658020019531	18.865856170654297	18.865856170654297
282.7410583496094	107.10408020019531	19.09479331970215	19.09479331970215
282.40118408203125	107.16746520996094	18.988121032714844	18.988121032714844
282.1756591796875	106.89347839355469	19.20235252380371	19.20235252380371
281.3343200683594	106.89105224609375	19.231319427490234	19.231319427490234
280.43658447265625	106.52249908447266	18.936908721923828	18.936908721923828
280.38226318359375	106.7474594116211	19.430187225341797	19.430187225341797
282.07843017578125	106.64079284667969	19.792875289916992	19.792875289916992
281.67950439453125	106.50459289550781	19.863948822021484	19.863948822021484
280.8670959472656	106.55126953125	19.836376190185547	19.836376190185547
281.5226745605469	106.84422302246094	19.434432983398438	19.434432983398438
281.5306396484375	106.8690185546875	19.451213836669922	19.451213836669922
282.04583740234375	106.5354232788086	19.505985260009766	19.505985260009766
280.68304443359375	106.30345153808594	20.093189239501953	20.093189239501953
282.41876220703125	106.3173599243164	19.9735164642334	19.9735164642334
282.7965393066406	106.21662902832031	20.01485824584961	20.01485824584961
281.77410888671875	106.34712982177734	20.162023544311523	20.162023544311523
281.90802001953125	106.20314025878906	19.845355987548828	19.845355987548828
282.5816345214844	106.36566162109375	19.842031478881836	19.842031478881836
281.38702392578125	106.14229583740234	20.234451293945312	20.234451293945312
280.4154052734375	106.03369140625	20.193635940551758	20.193635940551758
281.60772705078125	106.00823974609375	19.704803466796875	19.704803466796875
281.1026306152344	106.5047607421875	19.766176223754883	19.766176223754883
280.00787353515625	106.37071228027344	19.788909912109375	19.788909912109375
281.3842468261719	106.4775619506836	19.567129135131836	19.567129135131836
281.79388427734375	106.70076751708984	19.538118362426758	19.538118362426758
281.54840087890625	106.41004943847656	19.70408821105957	19.70408821105957
281.22198486328125	106.62577819824219	19.778926849365234	19.778926849365234
282.13592529296875	106.28487396240234	19.941661834716797	19.941661834716797
281.6990966796875	106.5964126586914	19.94412612915039	19.94412612915039
281.16424560546875	106.15755462646484	19.994802474975586	19.994802474975586
280.5333557128906	106.5337142944336	20.105451583862305	20.105451583862305
280.6247253417969	105.65555572509766	20.18356704711914	20.18356704711914
278.3908386230469	102.37255859375	20.13715934753418	20.13715934753418
278.4920959472656	102.22225189208984	19.884347915649414	19.884347915649414
279.30523681640625	98.91899108886719	20.32667350769043	20.32667350769043
291.4784240722656	90.47795867919922	20.416643142700195	20.416643142700195
294.7073059082031	93.6675033569336	21.059465408325195	21.059465408325195
290.6424865722656	108.79029846191406	20.28400230407715	20.28400230407715
289.93218994140625	111.8530502319336	20.61617660522461	20.61617660522461
282.4342956542969	111.8188705444336	20.5059871673584	20.5059871673584
282.93780517578125	124.78465270996094	20.698101043701172	20.698101043701172
289.5810546875	109.94694519042969	20.66122817993164	20.66122817993164
284.5744934082031	112.09579467773438	21.81197738647461	21.25998306274414
282.2959899902344	106.7559814453125	22.21892738342285	21.656635284423828
275.22955322265625	106.7494125366211	22.405574798583984	21.838558197021484
265.10211181640625	106.33575439453125	22.98886489868164	22.407087326049805
262.9377746582031	106.93695068359375	24.263952255249023	23.260831832885742
271.92559814453125	103.19084167480469	24.530410766601562	23.51627540588379
282.6949462890625	101.23213195800781	24.99334716796875	23.960071563720703
292.11456298828125	103.9271011352539	24.88524627685547	23.8564395904541
295.2225036621094	114.66231536865234	24.754520416259766	23.731117248535156
296.15362548828125	117.5790786743164	24.926544189453125	23.89603042602539
278.85479736328125	144.3386688232422	24.636688232421875	23.6181583404541
287.8169860839844	146.91094970703125	24.99494743347168	23.961606979370117
291.99176025390625	154.2213897705078	24.534122467041016	23.519834518432617
302.45208740234375	155.88108825683594	24.908266067504883	23.878509521484375
330.1075134277344	163.62423706054688	24.856393814086914	23.828781127929688
330.2466735839844	164.24581909179688	24.737863540649414	23.715152740478516
324.78314208984375	162.45840454101562	24.60019874572754	23.583181381225586
326.0979309082031	163.80308532714844	24.600732803344727	23.583694458007812
325.25146484375	162.66262817382812	24.280324935913086	23.276531219482422
328.06536865234375	165.37966918945312	23.61520004272461	22.638904571533203
327.3743591308594	165.06182861328125	23.55813980102539	22.584203720092773
324.11309814453125	161.94522094726562	23.197044372558594	22.238037109375
298.0	48.0	21.0	24.0
298.69256591796875	46.505165100097656	21.37677001953125	24.43059539794922
298.95880126953125	46.30619812011719	21.68712615966797	24.785287857055664
297.66363525390625	46.8674201965332	22.15858268737793	25.324094772338867
297.4763488769531	45.60286331176758	22.53371238708496	25.7528133392334
298.56500244140625	49.040191650390625	22.9460391998291	26.224044799804688
300.1908874511719	48.248634338378906	22.846702575683594	26.110519409179688
300.815185546875	48.70951461791992	22.68863296508789	25.929866790771484
302.9931640625	51.19463348388672	22.822059631347656	26.082355499267578
303.86029052734375	57.82916259765625	22.858192443847656	26.123653411865234
303.9044189453125	64.4817123413086	22.537944793701172	25.75765609741211
351.0	150.0	28.0	30.0
336.5835876464844	157.78915405273438	27.791385650634766	29.7764835357666
325.9974060058594	160.08151245117188	27.52971839904785	29.496124267578125
327.57611083984375	159.7294921875	27.037805557250977	28.969074249267578
325.4591979980469	159.65554809570312	26.514324188232422	28.408199310302734
325.68975830078125	160.473876953125	26.33345603942871	28.21441078186035
325.5740661621094	159.9171600341797	26.183313369750977	28.053546905517578
323.564453125	161.2881622314453	26.553081512451172	28.44972801208496
325.0445251464844	162.1629638671875	26.359745025634766	28.24258041381836
326.0172424316406	161.12973022460938	25.654460906982422	27.486919403076172
326.5661315917969	161.01197814941406	25.39883041381836	27.213031768798828
325.9137878417969	160.39376831054688	25.088098526000977	26.88010597229004
326.24859619140625	161.0699920654297	24.948123931884766	26.730133056640625
326.90985107421875	162.37991333007812	25.10373306274414	26.896854400634766
327.3590393066406	162.0665283203125	24.776330947875977	26.546070098876953
327.29522705078125	161.3706817626953	24.54124641418457	26.294193267822266
327.04046630859375	161.1129913330078	24.233558654785156	25.964529037475586
327.86126708984375	161.67282104492188	23.834331512451172	25.536787033081055
327.98095703125	161.70193481445312	23.735671997070312	25.431079864501953
327.5295715332031	161.5694580078125	23.876306533813477	25.58176040649414
326.56390380859375	161.2796173095703	23.841150283813477	25.544092178344727
327.4969177246094	162.16574096679688	23.899267196655273	25.60636329650879
326.64031982421875	161.41851806640625	23.877962112426758	25.58353614807129
328.33209228515625	163.20767211914062	23.651906967163086	25.34133529663086
327.168701171875	162.26541137695312	23.82541275024414	25.52723503112793
327.4130859375	162.21011352539062	23.93072509765625	25.64006996154785
327.66363525390625	161.4688720703125	24.587610244750977	26.3438777923584
327.40460205078125	161.84536743164062	24.79307746887207	26.56402015686035
326.35321044921875	161.17416381835938	24.87883949279785	26.655908584594727
325.88836669921875	161.6376495361328	25.057289123535156	26.847103118896484
326.0956115722656	161.38296508789062	24.77988624572754	26.54988670349121
327.139892578125	161.6265411376953	25.104496002197266	26.897680282592773
325.9114074707031	161.0361785888672	25.39193344116211	27.205652236938477
325.99053955078125	160.4765625	24.999183654785156	26.784847259521484
325.8013916015625	160.94229125976562	25.25314712524414	27.05695152282715
326.01702880859375	161.0668487548828	25.255048751831055	27.058990478515625
326.3807678222656	161.2699737548828	25.60272216796875	27.43149757385254
325.0782165527344	161.06594848632812	25.67556381225586	27.509546279907227
325.6704406738281	160.21884155273438	25.705562591552734	27.541690826416016
326.8407287597656	160.61253356933594	25.7236385345459	27.561059951782227
325.44097900390625	160.43731689453125	26.442249298095703	28.330997467041016
326.29595947265625	160.55960083007812	26.265533447265625	28.14165687561035
325.79852294921875	160.5294189453125	26.32352638244629	28.20379066467285
325.6064453125	159.88690185546875	26.403240203857422	28.289199829101562
325.7774963378906	160.6540985107422	26.3660831451416	28.249385833740234
325.3349609375	160.88949584960938	26.54767417907715	28.443950653076172
325.64532470703125	160.29598999023438	26.7681827545166	28.680206298828125
325.264892578125	159.3479766845703	27.089111328125	29.024059295654297
325.4783630371094	160.51318359375	27.033016204833984	28.963958740234375
325.1368103027344	160.67637634277344	26.493946075439453	28.386383056640625
325.00714111328125	160.57504272460938	26.336151123046875	28.21731948852539
326.81494140625	161.0052490234375	26.459686279296875	28.349681854248047
324.92059326171875	160.39772033691406	26.23983383178711	28.1141300201416
324.6945495605469	160.15512084960938	26.287567138671875	28.165271759033203
325.49249267578125	160.4119873046875	26.059566497802734	27.92098617553711
325.614501953125	161.17800903320312	25.958328247070312	27.812515258789062
325.43756103515625	160.34274291992188	26.222158432006836	28.095190048217773
325.48248291015625	160.52281188964844	26.208553314208984	28.080615997314453
324.7275390625	160.8789520263672	26.613256454467773	28.51422691345215
326.26434326171875	160.91799926757812	26.64255714416504	28.54561996459961
325.1567077636719	160.3322296142578	26.48392105102539	28.375652313232422
323.9556884765625	159.74313354492188	26.84304428100586	28.760427474975586
325.1925354003906	160.8365478515625	27.220882415771484	29.16525650024414
324.0971374511719	159.55262756347656	27.28219985961914	29.230953216552734
324.4639587402344	159.56056213378906	27.250167846679688	29.19663429260254
324.45098876953125	159.91592407226562	27.157978057861328	29.09786033630371
325.89764404296875	160.2053985595703	27.111888885498047	29.048480987548828
323.71270751953125	159.3955841064453	27.03646469116211	28.96767234802246
324.2917785644531	159.84230041503906	26.9361515045166	28.86019515991211
324.55780029296875	160.39674377441406	26.699687957763672	28.606842041015625
323.5428161621094	160.08428955078125	26.726200103759766	28.635250091552734
324.748779296875	160.34571838378906	26.82697105407715	28.74321937561035
325.25177001953125	161.11550903320312	26.662363052368164	28.56685447692871
325.43109130859375	160.5111541748047	26.84623146057129	28.76385498046875
324.0588684082031	159.5830078125	27.093612670898438	29.028905868530273
323.3363342285156	160.01007080078125	27.297887802124023	29.24777603149414
323.790771484375	159.76136779785156	26.932809829711914	28.856618881225586
324.29937744140625	160.02342224121094	27.543310165405273	29.510726928710938
323.1494445800781	159.2262420654297	27.657878875732422	29.633480072021484
324.1878967285156	159.07723999023438	28.1378173828125	30.1476993560791
325.00958251953125	159.74368286132812	27.884765625	29.876571655273438
324.0877380371094	159.60888671875	27.685190200805664	29.66274070739746
323.0545959472656	158.8389892578125	27.532968521118164	29.499645233154297
324.87322998046875	159.88771057128906	27.816320419311523	29.803237915039062
324.16351318359375	159.33334350585938	28.3338623046875	30.35774803161621
325.75225830078125	159.43264770507812	28.520893096923828	30.558135986328125
322.76995849609375	159.55181884765625	28.440662384033203	30.4721736907959
322.13555908203125	159.20704650878906	28.888595581054688	30.952102661132812
323.8392028808594	158.70480346679688	29.13405990600586	31.215099334716797
322.13848876953125	158.18431091308594	29.079448699951172	31.15658950805664
322.69720458984375	158.2909393310547	29.682376861572266	31.802581787109375
321.3341064453125	159.01742553710938	29.8636474609375	31.996801376342773
322.650146484375	159.50494384765625	29.334726333618164	31.430095672607422
321.6808776855469	158.6177215576172	29.955890655517578	32.09562301635742
322.26885986328125	158.70596313476562	29.806264877319336	31.9353084564209
322.5038146972656	158.3390655517578	29.738082885742188	31.862258911132812
321.9151306152344	158.80581665039062	29.5732364654541	31.685638427734375
322.6123962402344	158.62619018554688	29.361047744750977	31.458288192749023
323.2436828613281	159.001220703125	29.104320526123047	31.1832275390625
322.3569641113281	159.27529907226562	29.19753646850586	31.28310203552246
321.604736328125	158.6207275390625	29.240951538085938	31.329620361328125
322.4670715332031	159.2628173828125	29.45514488220215	31.559112548828125
322.50604248046875	158.75076293945312	29.518890380859375	31.627410888671875
322.5697021484375	158.33551025390625	29.094745635986328	31.1729679107666
323.71990966796875	158.64613342285156	29.036983489990234	31.1110782623291
322.233642578125	158.8738250732422	29.311351776123047	31.405044555664062
322.64813232421875	158.6136932373047	30.2055606842041	32.363121032714844
322.450439453125	157.87767028808594	30.92360496520996	33.13245391845703
322.4784240722656	158.71502685546875	30.832965850830078	33.035343170166016
320.96173095703125	158.79739379882812	30.845844268798828	33.04914093017578
321.574462890625	158.06256103515625	30.348196029663086	32.51594924926758
321.17376708984375	158.00192260742188	30.387752532958984	32.55833053588867
322.2475891113281	158.31964111328125	30.512935638427734	32.69245529174805
322.68023681640625	158.9893341064453	30.248193740844727	32.4088020324707
323.12884521484375	159.2538604736328	29.65424156188965	31.772424697875977
322.8788757324219	159.15628051757812	29.485132217407227	31.591232299804688
321.8397521972656	158.2584991455078	29.659282684326172	31.7778263092041
321.9274597167969	158.55477905273438	29.83954429626465	32.915016174316406
323.34674072265625	158.5178680419922	29.70408058166504	32.76559066772461
322.0836486816406	157.8885955810547	29.706695556640625	32.768470764160156
322.7662048339844	158.8089141845703	29.51454734802246	32.556522369384766
321.735107421875	157.94415283203125	29.459896087646484	32.496238708496094
322.4857177734375	158.4355926513672	29.28188133239746	32.29987716674805
321.904296875	158.12240600585938	29.070281982421875	32.06646728515625
321.1974792480469	157.3629913330078	29.68929672241211	32.74928665161133
322.25042724609375	157.47470092773438	30.308162689208984	33.43193817138672
321.75457763671875	157.1075439453125	30.405351638793945	34.6601448059082
321.59033203125	157.12759399414062	30.583345413208008	35.93522644042969
321.3487854003906	156.9915313720703	30.800718307495117	37.316349029541016
321.16351318359375	156.90292358398438	31.035669326782227	38.77874755859375
320.9883117675781	156.80426025390625	31.3018741607666	40.30238342285156
320.8371887207031	156.72579956054688	31.59465217590332	41.86676788330078
320.708251953125	156.67239379882812	31.917259216308594	43.44733428955078
320.6024475097656	156.6524200439453	32.269927978515625	45.020301818847656
320.5143737792969	156.666015625	32.65166473388672	46.56233215332031
320.4378967285156	156.7092742919922	33.05968475341797	48.05402374267578
320.36474609375	156.77305603027344	33.489601135253906	49.48017883300781
320.28662109375	156.84617614746094	33.93595886230469	50.830284118652344
320.1960754394531	156.91702270507812	34.393287658691406	52.09813690185547
320.0873107910156	156.9754638671875	34.856689453125	53.281211853027344
319.9562683105469	157.01385498046875	35.322418212890625	54.37980651855469
319.8006286621094	157.02749633789062	35.78802490234375	55.396263122558594
319.6192932128906	157.0142822265625	36.25225830078125	56.334320068359375
319.4122009277344	156.97433471679688	36.71479797363281	57.198543548583984
319.1797790527344	156.90911865234375	37.175994873046875	57.99400329589844
318.9224853515625	156.82093811035156	37.636512756347656	58.725955963134766
318.6408386230469	156.7124481201172	38.09724426269531	59.39976501464844
318.3348388671875	156.58609008789062	38.559120178222656	60.020809173583984
318.0043029785156	156.44412231445312	39.02301788330078	60.59441375732422
317.6485290527344	156.28826904296875	39.4898681640625	61.12583923339844
317.266357421875	156.1197967529297	39.96052551269531	61.62023162841797
316.85626220703125	155.939453125	40.435951232910156	62.082664489746094
316.4163513183594	155.74755859375	40.91716766357422	62.51804733276367
315.9443359375	155.5439453125	41.405372619628906	62.93119430541992
315.4375305175781	155.32803344726562	41.9019775390625	63.326786041259766
314.8929138183594	155.0989227294922	42.408607482910156	63.70936584472656
314.30706787109375	154.8553009033203	42.927268981933594	64.08342742919922
313.6761169433594	154.59556579589844	43.460227966308594	64.45333099365234
312.99560546875	154.31771850585938	44.01023864746094	64.8235092163086
312.26068115234375	154.0195770263672	44.58039093017578	65.19828033447266
311.46588134765625	153.69857788085938	45.17431640625	65.58206939697266
310.6051330566406	153.3519287109375	45.79607391357422	65.97928619384766
309.6719055175781	152.97665405273438	46.45020294189453	66.39436340332031
308.6591796875	152.56964111328125	47.14164733886719	66.83167266845703
307.5597839355469	152.12786865234375	47.87568664550781	67.29540252685547
306.3668518066406	151.6486053466797	48.65765380859375	67.78931427001953
305.0744323730469	151.12977600097656	49.49266815185547	68.31639862060547
303.67852783203125	150.5704345703125	50.38507843017578	68.87834930419922
309.34027099609375	149.7837371826172	50.587982177734375	69.15572357177734
305.4204406738281	148.69281005859375	51.846160888671875	70.28266143798828
309.5698547363281	148.45220947265625	51.83110809326172	70.26225280761719
305.2317810058594	147.7488250732422	53.51130676269531	71.42815399169922
302.9801025390625	148.29745483398438	55.157554626464844	71.85828399658203
306.7770080566406	149.12022399902344	54.7259521484375	71.29600524902344
304.8816833496094	148.56900024414062	55.41852951049805	72.19828796386719
305.3822937011719	147.81875610351562	54.68571090698242	71.24357604980469
306.9858703613281	150.9378204345703	54.41942596435547	70.89666748046875
308.40380859375	149.65774536132812	53.92889404296875	70.25761413574219
307.4897155761719	149.2425994873047	54.3435173034668	70.79777526855469
308.17791748046875	151.3250274658203	54.332427978515625	70.78331756591797
309.489501953125	151.0579376220703	53.199462890625	69.30730438232422
308.52557373046875	151.489013671875	53.37715530395508	69.5387954711914
307.89288330078125	150.9662322998047	53.38478469848633	69.5487289428711
307.6408386230469	149.52491760253906	52.95275115966797	68.98588562011719
306.5439758300781	148.62850952148438	52.30244827270508	68.13868713378906
305.84063720703125	151.122802734375	53.11207962036133	69.1934585571289
308.00946044921875	150.5249786376953	52.918479919433594	68.94124603271484
306.5865173339844	152.22293090820312	52.4719123840332	68.35945892333984
309.5672912597656	152.36508178710938	52.32255172729492	68.16488647460938
306.83807373046875	148.41940307617188	52.580352783203125	68.50074005126953
304.6053771972656	149.1472625732422	54.09276580810547	69.70378112792969
306.8367004394531	148.26431274414062	53.6976203918457	69.19459533691406
307.0646057128906	149.84207153320312	54.45808029174805	70.17453002929688
307.1424255371094	149.36228942871094	54.25928497314453	69.9183578491211
303.7623596191406	149.07891845703125	56.2620849609375	71.32735443115234
307.1429138183594	150.5562286376953	56.314247131347656	71.39347839355469
302.7062683105469	149.15452575683594	58.20783233642578	72.59053802490234
301.07220458984375	149.46043395996094	59.22248840332031	72.78730010986328
298.4028625488281	148.71292114257812	60.578453063964844	73.43971252441406
296.3215637207031	148.29583740234375	61.64617156982422	73.8387680053711
294.087890625	147.68527221679688	62.849609375	74.3363037109375
292.1041564941406	147.15963745117188	63.905357360839844	74.73178100585938
290.1756286621094	146.62274169921875	64.95999145507812	75.1064682006836
288.3710632324219	146.12510681152344	65.97366333007812	75.44548034667969
286.64727783203125	145.64915466308594	66.96632385253906	75.75967407226562
285.0001525878906	145.202392578125	67.94444274902344	76.0572738647461
283.4080505371094	144.77932739257812	68.91690063476562	76.34668731689453
281.8533020019531	144.378662109375	69.89340209960938	76.63668060302734
280.3138732910156	143.99656677246094	70.8848648071289	76.93557739257812
278.7658386230469	143.62960815429688	71.9045181274414	77.25202178955078
277.1813659667969	143.27418518066406	72.96868896484375	77.59517669677734
275.5280456542969	142.92721557617188	74.09736633300781	77.9750747680664
273.7667541503906	142.58644104003906	75.31480407714844	78.40251922607422
271.8487548828125	142.25100708007812	76.65043640136719	78.88883972167969
269.7119445800781	141.92303466796875	78.13983917236328	79.4449234008789
267.2757263183594	141.61044311523438	79.82501220703125	80.07852172851562
264.4353942871094	141.33285522460938	81.75260925292969	80.7877426147461
261.05487060546875	141.13133239746094	83.96881103515625	81.54838562011719
256.95697021484375	141.08261108398438	86.51001739501953	82.29283905029297
251.9078369140625	141.3090057373047	89.39410400390625	82.88546752929688
245.61412048339844	141.95486450195312	92.61627197265625	83.11766815185547
237.86526489257812	143.06497192382812	96.11390686035156	82.77836608886719
229.0585479736328	144.35592651367188	99.624267578125	81.84488677978516
220.614990234375	145.2745361328125	102.64970397949219	80.58989715576172
214.07821655273438	145.55850219726562	104.88980865478516	79.34941864013672
209.8592071533203	145.3538818359375	106.45124816894531	78.27584838867188
207.34811401367188	144.86541748046875	107.54855346679688	77.35773468017578
205.8297119140625	144.23817443847656	108.36119842529297	76.55573272705078
204.84014892578125	143.53173828125	108.98764038085938	75.83893585205078
204.12477111816406	142.76480102539062	109.47671508789062	75.1890869140625
203.53981018066406	141.94064331054688	109.85237121582031	74.59791564941406
202.99154663085938	141.055419921875	110.12537384033203	74.0608139038086
202.40786743164062	140.1007080078125	110.2994384765625	73.57300567626953
201.72537231445312	139.06336975097656	110.37358093261719	73.12793731689453
200.88270568847656	137.92442321777344	110.3432846069336	72.71710968017578
199.8154296875	136.65696716308594	110.20199584960938	72.33121490478516
198.44967651367188	135.22247314453125	109.94556427001953	71.9640121459961
196.69082641601562	133.56289672851562	109.5884780883789	71.62653350830078
194.3908233642578	131.57339477539062	109.24124145507812	71.41631317138672
191.17152404785156	128.89248657226562	109.68156433105469	72.05318450927734
186.2170867919922	123.19219207763672	114.09431457519531	77.33223724365234
181.63967895507812	116.8096694946289	116.26600646972656	80.25605010986328
177.68698120117188	110.18167877197266	116.04763793945312	81.35834503173828
173.86412048339844	104.18824005126953	114.60618591308594	81.32030487060547
170.23570251464844	99.52007293701172	112.7527084350586	80.95606231689453
167.29617309570312	95.68968200683594	110.677978515625	79.96142578125
165.1769561767578	92.5804443359375	108.68248748779297	78.8028793334961
163.75538635253906	89.92118835449219	106.78539276123047	77.39763641357422
162.83694458007812	87.53553771972656	105.03237915039062	75.80995178222656
162.2539520263672	85.34166717529297	103.46772003173828	74.12740325927734
161.8985595703125	83.308349609375	102.13346099853516	72.4277572631836
161.6980438232422	81.4068374633789	101.04740905761719	70.73147583007812
161.61329650878906	79.61331176757812	100.20761108398438	69.03241729736328
155.57962036132812	77.72651672363281	101.27261352539062	69.7660903930664
162.1892852783203	79.7829360961914	100.61683654785156	69.31432342529297
159.05799865722656	76.5409164428711	101.88754272460938	70.18971252441406
164.1395263671875	76.1259536743164	100.63865661621094	69.32936096191406
167.8120880126953	76.99400329589844	100.77757263183594	69.42506408691406
164.98648071289062	74.20899963378906	98.85830688476562	68.10289001464844
168.59803771972656	74.41605377197266	96.78736877441406	66.67623138427734
172.97000122070312	77.26543426513672	96.25262451171875	66.30784606933594
176.1932830810547	76.769775390625	97.12791442871094	66.91083526611328
177.2035675048828	74.49113464355469	96.81178283691406	66.69306182861328
171.89012145996094	78.21382141113281	96.8968734741211	66.75167846679688
168.477294921875	82.23518371582031	96.84648132324219	66.71696472167969
161.98263549804688	82.59679412841797	97.96351623535156	67.48648834228516
159.92245483398438	84.60472106933594	98.41915893554688	67.80036926269531
133.76022338867188	92.38361358642578	97.00830841064453	66.82843780517578
111.4898452758789	79.73246002197266	97.24308776855469	66.99017333984375
94.27730560302734	93.8800048828125	95.76417541503906	65.97135925292969
96.62699890136719	107.27571105957031	95.62493133544922	65.87544250488281
94.86770629882812	99.55536651611328	92.75828552246094	65.76084899902344
100.55378723144531	99.57952117919922	93.23568725585938	67.9336929321289
72.77176666259766	107.22501373291016	91.37123107910156	66.57521057128906
79.79353332519531	99.6952896118164	91.7880859375	66.87894439697266
87.9096908569336	99.31587219238281	93.05050659179688	67.79877471923828
85.67562866210938	99.91581726074219	94.46418762207031	68.82881164550781
88.19700622558594	97.4395751953125	94.88067626953125	69.13227844238281
81.63117980957031	97.49433898925781	95.29701232910156	69.43563079833984
84.51314544677734	101.00926971435547	96.08419799804688	70.00919342041016
88.81797790527344	102.1896743774414	96.52925109863281	70.33345794677734
102.79002380371094	97.67813110351562	98.04901885986328	71.44080352783203
110.3663101196289	91.9388427734375	99.74232482910156	72.67459106445312
122.04947662353516	92.0092544555664	99.90606689453125	72.79389953613281
137.47702026367188	106.5737533569336	99.73736572265625	72.67098236083984
149.00389099121094	89.00422668457031	100.04643249511719	72.89617919921875
159.2543487548828	82.218017578125	99.38725280761719	72.41587829589844
162.99642944335938	84.54190826416016	100.09822082519531	72.93391418457031
171.3849639892578	78.88421630859375	100.01385498046875	72.8724365234375
185.8134307861328	72.22511291503906	100.82746124267578	73.46524047851562
194.8499755859375	68.87979125976562	99.81681823730469	72.7288589477539
202.82559204101562	58.74397659301758	99.87324523925781	72.76996612548828
213.972900390625	55.28925323486328	99.59745025634766	72.56901550292969
223.41983032226562	48.785858154296875	98.16436767578125	71.52484130859375
224.90951538085938	42.712486267089844	98.57020568847656	71.82054138183594
234.9403839111328	40.027244567871094	98.54328155517578	71.80091857910156
234.5850830078125	38.5926513671875	98.7625732421875	71.960693359375
239.594482421875	32.543426513671875	98.0631332397461	71.45106506347656
239.4799346923828	32.21271514892578	98.08518981933594	71.46713256835938
243.6700897216797	35.15103530883789	99.64659118652344	72.60481262207031
250.09603881835938	39.955745697021484	99.6010513305664	72.5716323852539
250.99343872070312	38.58405303955078	100.26467895507812	73.05516815185547
250.1523895263672	44.10932540893555	99.45674133300781	72.46649169921875
247.52224731445312	46.04986572265625	100.94984436035156	73.55439758300781
250.5047607421875	46.22471237182617	104.75764465332031	74.00499725341797
238.4323272705078	49.96792984008789	107.0465316772461	75.62195587158203
244.49227905273438	50.648597717285156	112.23216247558594	75.69873809814453
232.74365234375	51.26764678955078	112.80445861816406	76.08475494384766
230.8849334716797	52.11005783081055	114.8857650756836	77.48856353759766
226.41928100585938	56.64476776123047	113.49798583984375	76.55253601074219
228.0084991455078	61.66890335083008	111.9008560180664	75.47530364990234
225.42221069335938	66.9904556274414	112.5019760131836	75.88075256347656
222.3905792236328	68.2197036743164	111.85565185546875	75.44480895996094
225.1527099609375	67.59711456298828	117.05836486816406	77.34588623046875
226.8094940185547	67.27888488769531	121.15373229980469	78.75902557373047
228.11474609375	67.37026977539062	124.75160217285156	80.18714904785156
228.8646697998047	67.4957046508789	127.66690063476562	81.3210220336914
228.83740234375	67.6494369506836	130.1759490966797	82.40274047851562
227.77735900878906	67.75218963623047	132.5972442626953	83.40921783447266
225.40625	67.62458801269531	135.17929077148438	84.15583038330078
221.30068969726562	66.90376281738281	138.1320037841797	84.37069702148438
215.24505615234375	65.41473388671875	141.48724365234375	83.75782775878906
208.62525939941406	64.40860748291016	144.9893798828125	82.61199188232422
201.81045532226562	64.48420715332031	148.43426513671875	81.01537322998047
194.64300537109375	65.59476470947266	152.31365966796875	78.89791870117188
187.20921325683594	67.6903305053711	157.28665161132812	76.35877227783203
178.74404907226562	70.05909729003906	161.4313507080078	74.29277801513672
172.57174682617188	73.12408447265625	167.6432342529297	73.91234588623047
168.34007263183594	76.80825805664062	173.89608764648438	75.5667953491211
167.3095703125	82.37239837646484	180.6702423095703	79.15311431884766
169.67953491210938	89.6448974609375	185.58868408203125	83.18863677978516
174.36976623535156	96.43962097167969	187.0977020263672	87.28601837158203
178.81858825683594	101.54175567626953	186.33924865722656	90.94015502929688
180.46092224121094	104.57782745361328	183.66766357421875	93.62982940673828
181.46932983398438	105.79788970947266	182.43299865722656	95.53345489501953
181.903564453125	105.85582733154297	181.36520385742188	96.70659637451172
182.0554962158203	105.27180480957031	180.5113983154297	97.39815521240234
181.95657348632812	104.29918670654297	179.74874877929688	97.66258239746094
181.6199951171875	103.14344024658203	179.07354736328125	97.57010650634766
180.99578857421875	101.91337585449219	178.4571533203125	97.16277313232422
180.0516815185547	100.6919174194336	177.90737915039062	96.50523376464844
178.77203369140625	99.54117584228516	177.43820190429688	95.67009735107422
177.16822814941406	98.5205307006836	177.070556640625	94.73822784423828
175.2700958251953	97.68505096435547	176.82247924804688	93.78750610351562
173.11416625976562	97.07945251464844	176.70091247558594	92.88308715820312
170.72909545898438	96.72923278808594	176.6940155029297	92.0686264038086
168.12559509277344	96.63578033447266	176.7705078125	91.36319732666016
165.29541015625	96.77696990966797	176.88803100585938	90.76514434814453
162.2224884033203	97.11260223388672	177.00741577148438	90.26187896728516
158.90774536132812	97.59183502197266	177.10340881347656	89.84268951416016
155.40328979492188	98.15728759765625	177.16282653808594	89.51042175292969
151.84072875976562	98.74149322509766	177.17037963867188	89.28668975830078
148.43080139160156	99.2617416381836	177.09515380859375	89.20389556884766
145.41656494140625	99.62630462646484	176.89398193359375	89.27973175048828
142.99270629882812	99.757080078125	176.5342559814453	89.48616027832031
141.23599243164062	99.61681365966797	176.01922607421875	89.7418441772461
140.09210205078125	99.22049713134766	175.39144897460938	89.94310760498047
139.42291259765625	98.62415313720703	174.71502685546875	90.008544921875
139.0721893310547	97.90398406982422	174.05519104003906	89.90519714355469
138.9063720703125	97.1387710571289	173.46615600585938	89.64806365966797
138.82492065429688	96.39807891845703	172.98599243164062	89.28401184082031
138.7572021484375	95.7351303100586	172.63494873046875	88.87305450439453
138.65829467773438	95.18329620361328	172.415283203125	88.47293853759766
138.5070037841797	94.7559585571289	172.31288146972656	88.12889862060547
138.3036346435547	94.44929504394531	172.3011932373047	87.86849212646484
138.065185546875	94.2470474243164	172.34732055664062	87.70085906982422
137.81808471679688	94.1258544921875	172.41873168945312	87.61941528320312
137.5897216796875	94.06029510498047	172.48886108398438	87.60643768310547
137.4013214111328	94.02693939208984	172.54031372070312	87.6386489868164
137.2638702392578	94.0072021484375	172.5655517578125	87.6926040649414
137.17759704589844	93.9885025024414	172.5652313232422	87.74872589111328
137.134521484375	93.96429443359375	172.54537963867188	87.79370880126953
137.1222686767578	93.93291473388672	172.514404296875	87.82105255126953
137.12771606445312	93.89604187011719	172.48052978515625	87.83004760742188
137.1396026611328	93.85701751708984	172.4502410888672	87.82402038574219
177.51165771484375	94.47615051269531	175.053955078125	89.15001678466797
166.10980224609375	92.79012298583984	168.6901092529297	85.16661071777344
162.94569396972656	93.13323211669922	173.62213134765625	86.5411605834961
168.05514526367188	87.05473327636719	174.30801391601562	86.8830337524414
169.25038146972656	81.55999755859375	176.4239959716797	87.93772888183594
169.96731567382812	78.80078125	178.3414764404297	88.89350128173828
164.7884979248047	75.20845794677734	180.02456665039062	89.7324447631836
171.0381317138672	77.31596374511719	182.2020263671875	90.81778717041016
164.30221557617188	75.68266296386719	188.94802856445312	94.1802978515625
159.6334991455078	71.51897430419922	192.16368103027344	95.78312683105469
150.53811645507812	76.48209381103516	194.91653442382812	97.15526580810547
153.86318969726562	81.655029296875	196.08746337890625	97.73890686035156
155.88925170898438	89.68626403808594	196.85507202148438	98.12152099609375
159.7996063232422	99.83535766601562	197.8329620361328	98.60894012451172
162.9639434814453	100.49957275390625	195.6488800048828	101.91221618652344
165.58328247070312	101.4857406616211	193.31057739257812	103.0796127319336
167.6963653564453	103.15381622314453	190.02239990234375	103.35688018798828
169.09127807617188	105.66899108886719	186.56033325195312	102.74604034423828
175.89772033691406	97.10447692871094	188.20327758789062	103.65086364746094
178.43165588378906	99.3528823852539	186.27401733398438	102.9433822631836
179.12411499023438	98.67720031738281	183.10952758789062	101.19453430175781
181.39126586914062	100.62272644042969	182.40036010742188	100.59944915771484
182.02957153320312	100.97623443603516	180.844970703125	99.41553497314453
182.36395263671875	100.91869354248047	179.80450439453125	98.62361907958984
182.08187866210938	100.39026641845703	178.92007446289062	97.73685455322266
