170.0	62.0	143.0	209.0
178.0	61.0	136.0	210.0
178.0	60.0	138.0	211.0
175.0	61.0	142.0	211.0
177.0	62.0	141.0	210.0
181.0	61.0	138.0	210.0
179.0	59.0	140.0	213.0
177.0	59.0	144.0	213.0
179.0	59.0	146.0	213.0
178.0	59.0	147.0	212.0
171.0	59.0	150.0	213.0
178.0	58.0	154.0	214.0
179.0	60.0	153.0	212.0
181.0	61.0	154.0	211.0
180.0	61.0	154.0	211.0
181.0	61.0	158.0	211.0
181.0	59.0	155.0	213.0
183.0	57.0	152.0	215.0
186.0	59.0	152.0	213.0
188.0	60.0	149.0	212.0
189.0	60.0	149.0	212.0
191.0	62.0	145.0	210.0
188.0	54.0	135.0	218.0
195.0	62.0	141.0	210.0
192.0	62.0	141.0	209.0
199.0	60.0	127.0	212.0
193.0	64.0	142.0	208.0
193.0	62.0	142.0	210.0
187.0	62.0	147.0	210.0
192.0	62.0	143.0	210.0
191.0	63.0	143.0	209.0
192.0	62.0	143.0	210.0
186.0	52.0	146.0	220.0
188.0	60.0	147.0	212.0
187.0	58.0	150.0	214.0
186.0	61.0	151.0	211.0
186.0	61.0	151.0	211.0
182.0	60.0	155.0	212.0
186.0	62.0	152.0	210.0
185.0	61.0	153.0	211.0
186.0	62.0	156.0	210.0
186.0	63.0	152.0	209.0
185.0	65.0	154.0	207.0
184.0	68.0	159.0	204.0
183.0	67.0	156.0	205.0
185.0	63.0	155.0	209.0
183.0	64.0	157.0	208.0
187.0	68.0	154.0	204.0
187.0	65.0	152.0	207.0
185.0	70.0	155.0	202.0
185.0	69.0	154.0	203.0
188.0	71.0	151.0	201.0
186.0	72.0	152.0	200.0
186.0	71.0	153.0	201.0
193.0	72.0	145.0	200.0
187.0	72.0	151.0	200.0
191.0	71.0	148.0	201.0
192.0	72.0	147.0	200.0
193.0	72.0	145.0	200.0
191.0	72.0	148.0	200.0
193.0	72.0	146.0	200.0
192.0	71.0	147.0	201.0
194.0	71.0	144.0	201.0
195.0	70.0	144.0	202.0
193.0	71.0	147.0	201.0
195.0	70.0	144.0	202.0
195.0	71.0	144.0	201.0
193.0	72.0	147.0	200.0
193.0	71.0	145.0	201.0
196.0	71.0	143.0	201.0
194.0	72.0	144.0	200.0
194.0	72.0	144.0	200.0
196.0	70.0	143.0	202.0
196.0	70.0	142.0	202.0
196.0	70.0	143.0	202.0
195.0	71.0	143.0	201.0
194.0	72.0	143.0	200.0
196.0	70.0	144.0	202.0
194.0	70.0	144.0	202.0
194.0	68.0	144.0	204.0
192.0	68.0	145.0	204.0
193.0	66.0	144.0	206.0
192.0	66.0	147.0	206.0
194.0	67.0	144.0	205.0
196.0	70.0	142.0	202.0
195.0	69.0	144.0	203.0
194.0	69.0	144.0	203.0
195.0	69.0	145.0	203.0
196.0	70.0	144.0	202.0
195.0	68.0	147.0	204.0
193.0	69.0	148.0	203.0
192.0	68.0	152.0	204.0
190.0	67.0	151.0	205.0
195.0	68.0	151.0	204.0
197.0	66.0	151.0	206.0
195.0	65.0	157.0	207.0
201.0	63.0	152.0	209.0
204.0	61.0	150.0	211.0
204.0	59.0	155.0	213.0
211.0	66.0	154.0	206.0
214.0	66.0	154.0	206.0
217.0	66.0	156.0	206.0
219.0	67.0	151.0	205.0
223.0	66.0	150.0	206.0
226.0	68.0	149.0	204.0
229.0	67.0	146.0	204.0
233.0	69.0	146.0	203.0
235.0	69.0	143.0	202.0
237.0	71.0	140.0	201.0
239.0	72.0	138.0	199.0
239.0	71.0	138.0	200.0
242.0	72.0	134.0	200.0
244.0	72.0	131.0	199.0
256.0	80.0	121.0	190.0
253.0	80.0	118.0	190.0
249.0	74.0	125.0	198.0
252.0	76.0	122.0	194.0
249.0	74.0	129.0	197.0
244.0	72.0	134.0	200.0
241.0	73.0	139.0	198.0
234.0	71.0	139.0	201.0
233.0	71.0	141.0	201.0
229.0	71.0	144.0	201.0
171.0	65.0	148.0	207.0
252.0	74.0	130.0	198.0
272.0	98.0	104.0	170.0
258.0	87.0	112.0	184.0
258.0	77.0	122.0	194.0
258.0	83.0	123.0	187.0
229.0	61.0	135.0	211.0
235.0	63.0	140.0	209.0
238.0	63.0	138.0	209.0
242.0	67.0	137.0	205.0
241.0	66.0	139.0	206.0
246.0	66.0	134.0	206.0
246.0	64.0	132.0	207.0
246.0	64.0	129.0	207.0
241.0	62.0	134.0	209.0
240.0	62.0	132.0	209.0
241.0	63.0	131.0	207.0
239.0	64.0	133.0	205.0
234.0	62.0	141.0	207.0
232.0	62.0	143.0	208.0
231.0	61.0	144.0	209.0
230.0	62.0	145.0	208.0
230.0	61.0	146.0	209.0
225.0	63.0	145.0	208.0
229.0	64.0	148.0	207.0
230.0	64.0	150.0	208.0
231.0	63.0	150.0	209.0
230.0	65.0	149.0	207.0
231.0	64.0	146.0	206.0
231.0	64.0	150.0	208.0
232.0	63.0	148.0	208.0
233.0	65.0	143.0	205.0
234.0	63.0	144.0	208.0
235.0	67.0	124.0	205.0
234.0	66.0	143.0	204.0
236.0	68.0	138.0	202.0
234.0	67.0	142.0	202.0
238.0	66.0	134.0	203.0
239.0	66.0	135.0	204.0
232.0	68.0	144.0	200.0
235.0	66.0	141.0	204.0
238.0	68.0	112.0	203.0
233.0	66.0	140.0	202.0
234.0	65.0	141.0	205.0
233.0	66.0	141.0	203.0
232.0	65.0	146.0	205.0
230.0	68.0	144.0	202.0
231.0	68.0	144.0	201.0
231.0	67.0	145.0	203.0
231.0	69.0	145.0	201.0
229.0	68.0	146.0	202.0
230.0	69.0	146.0	201.0
230.0	68.0	144.0	202.0
230.0	69.0	141.0	203.0
228.0	67.0	146.0	204.0
228.0	70.0	146.0	201.0
231.0	74.0	143.0	197.0
231.0	68.0	146.0	204.0
231.0	67.0	141.0	205.0
229.0	67.0	147.0	205.0
229.0	67.0	147.0	204.0
228.0	68.0	147.0	203.0
228.0	66.0	147.0	204.0
230.0	66.0	147.0	205.0
230.0	66.0	147.0	206.0
229.0	66.0	148.0	206.0
230.0	67.0	144.0	204.0
229.0	66.0	146.0	205.0
230.0	67.0	147.0	204.0
230.0	66.0	146.0	205.0
229.0	66.0	148.0	206.0
231.0	66.0	146.0	205.0
231.0	68.0	147.0	204.0
232.0	69.0	146.0	203.0
250.0	75.0	128.0	197.0
246.0	73.0	134.0	199.0
239.0	71.0	137.0	201.0
240.0	70.0	136.0	201.0
241.0	74.0	133.0	197.0
254.0	78.0	123.0	194.0
242.0	72.0	129.0	200.0
249.0	74.0	124.0	197.0
251.0	76.0	126.0	196.0
251.0	76.0	126.0	195.0
249.0	83.0	121.0	189.0
245.0	77.0	135.0	195.0
244.0	76.0	137.0	196.0
239.0	79.0	135.0	193.0
238.0	82.0	144.0	190.0
233.0	77.0	148.0	195.0
229.0	77.0	152.0	195.0
231.0	76.0	148.0	196.0
227.0	74.0	156.0	198.0
230.0	76.0	152.0	196.0
238.0	80.0	145.0	192.0
231.0	78.0	154.0	194.0
221.0	69.0	165.0	203.0
226.0	72.0	158.0	200.0
225.0	72.0	157.0	200.0
182.0	59.0	131.0	206.0
249.0	88.0	130.0	184.0
230.0	76.0	150.0	196.0
234.0	79.0	141.0	193.0
229.0	72.0	149.0	200.0
226.0	72.0	152.0	200.0
229.0	74.0	148.0	198.0
214.0	64.0	163.0	198.0
207.0	63.0	113.0	196.0
200.0	64.0	154.0	206.0
217.0	88.0	163.0	184.0
220.0	87.0	159.0	185.0
210.0	91.0	168.0	181.0
207.0	89.0	168.0	183.0
203.0	91.0	168.0	181.0
204.0	92.0	167.0	180.0
206.0	91.0	162.0	181.0
201.0	88.0	158.0	184.0
198.0	91.0	153.0	181.0
193.0	92.0	153.0	180.0
194.0	92.0	149.0	180.0
189.0	90.0	148.0	182.0
181.0	90.0	151.0	182.0
172.0	90.0	146.0	182.0
168.0	90.0	150.0	182.0
165.0	95.0	156.0	177.0
161.0	92.0	150.0	180.0
160.0	90.0	149.0	182.0
160.0	87.0	149.0	185.0
162.0	88.0	148.0	184.0
157.0	93.0	147.0	179.0
159.2237091064453	91.20274353027344	147.25823974609375	179.314453125
153.8375701904297	88.88582611083984	149.36471557617188	181.87948608398438
142.0	96.0	152.0	176.0
148.0	91.0	143.0	176.0
163.0	87.0	126.0	156.0
163.0	93.0	124.0	149.0
154.0	94.0	137.0	164.0
151.23910522460938	102.28640747070312	137.04690551757812	164.05612182617188
150.18899536132812	102.31993103027344	138.6959228515625	166.03012084960938
147.0	103.0	144.0	169.0
145.0	103.0	143.0	169.0
146.06744384765625	99.085693359375	142.92578125	168.9122772216797
149.0	104.0	129.0	148.0
154.0	94.0	126.0	167.0
152.0	93.0	128.0	171.0
152.0	96.0	130.0	171.0
149.0	94.0	134.0	172.0
145.74610900878906	101.99249267578125	133.82296752929688	171.7727508544922
150.20779418945312	101.70881652832031	133.85739135742188	171.8169403076172
151.70999145507812	103.0777587890625	132.2178955078125	169.7125244140625
151.32693481445312	106.81227111816406	132.3451690673828	169.87588500976562
151.30044555664062	102.7203598022461	134.7244415283203	172.9298858642578
151.6515655517578	103.3714828491211	137.30502319335938	176.24227905273438
147.61061096191406	111.9669418334961	136.03936767578125	174.6177215576172
150.69802856445312	109.46742248535156	137.1547088623047	176.04934692382812
151.0	113.0	148.0	159.0
151.0	114.0	147.0	158.0
151.50904846191406	118.36024475097656	151.10562133789062	162.412841796875
151.0936279296875	114.92085266113281	151.0042266845703	162.30386352539062
201.0	52.0	123.0	169.0
173.0	49.0	142.0	191.0
163.0	54.0	154.0	218.0
164.0	63.0	148.0	209.0
156.0	59.0	152.0	213.0
153.0	59.0	156.0	213.0
156.0	60.0	154.0	210.0
136.0	57.0	170.0	213.0
132.0	59.0	168.0	211.0
145.0	61.0	156.0	211.0
161.0	59.0	154.0	213.0
160.0	55.0	154.0	217.0
165.0	54.0	143.0	218.0
179.0	58.0	133.0	213.0
161.0	56.0	157.0	216.0
173.0	55.0	134.0	217.0
184.0	58.0	131.0	211.0
170.0	57.0	144.0	211.0
178.0	59.0	129.0	201.0
158.0	56.0	153.0	216.0
169.0	56.0	143.0	212.0
160.0	55.0	152.0	212.0
154.0	57.0	162.0	215.0
160.0	56.0	155.0	216.0
159.0	57.0	155.0	209.0
166.0	57.0	147.0	209.0
153.0	54.0	158.0	207.0
158.0	58.0	154.0	203.0
155.63876342773438	57.4356575012207	154.08895874023438	203.11727905273438
152.0	57.0	162.0	213.0
155.0760498046875	53.56745529174805	161.83572387695312	212.7839813232422
161.0	54.0	151.0	208.0
173.0	56.0	133.0	210.0
163.0	56.0	147.0	212.0
173.1292266845703	54.9838981628418	144.91726684570312	208.99630737304688
159.0	55.0	152.0	215.0
160.0	57.0	153.0	210.0
169.311279296875	60.97358322143555	152.281494140625	209.0138397216797
160.0	55.0	153.0	211.0
160.0	56.0	149.0	213.0
163.0	57.0	150.0	209.0
156.0	57.0	157.0	212.0
164.0	56.0	146.0	209.0
163.0	59.0	145.0	204.0
168.0	59.0	144.0	205.0
162.99356079101562	57.264564514160156	145.04031372070312	206.4810028076172
159.0	57.0	154.0	206.0
164.0	55.0	147.0	206.0
164.91799926757812	54.292213439941406	145.59103393554688	204.02554321289062
163.44766235351562	52.415504455566406	146.58389282226562	205.41690063476562
165.56796264648438	57.18021774291992	148.79833984375	208.5201416015625
163.31399536132812	51.351539611816406	147.76783752441406	207.07601928710938
168.46560668945312	60.898223876953125	148.05438232421875	207.47756958007812
161.6259307861328	54.26563262939453	150.60665893554688	211.05422973632812
161.60006713867188	49.02958297729492	152.1624755859375	213.23446655273438
160.30874633789062	45.974037170410156	151.96420288085938	212.9565887451172
163.0	58.0	148.0	195.0
163.29856872558594	53.2936897277832	149.10208129882812	196.45205688476562
161.35458374023438	52.89960861206055	153.26641845703125	201.9388427734375
161.6222381591797	53.948829650878906	152.19235229492188	200.523681640625
164.0	58.0	144.0	201.0
165.0	57.0	145.0	196.0
168.0	57.0	147.0	200.0
166.0	58.0	144.0	198.0
167.082275390625	55.0125732421875	143.831298828125	197.76803588867188
165.5821990966797	53.30049514770508	145.54461669921875	200.12384033203125
162.0	54.0	150.0	208.0
171.0	57.0	144.0	212.0
173.8081817626953	45.3890266418457	143.37228393554688	211.0758514404297
170.0	57.0	142.0	213.0
178.0	60.0	131.0	188.0
175.0	59.0	137.0	204.0
170.7014617919922	44.34092330932617	137.36392211914062	204.54190063476562
109.0	5.0	116.0	158.0
185.72232055664062	75.98614501953125	114.3373031616211	155.73529052734375
162.0	60.0	148.0	198.0
159.0	54.0	153.0	214.0
157.8734588623047	40.845008850097656	154.87522888183594	216.6228790283203
158.0	53.0	152.0	213.0
164.47970581054688	44.445098876953125	148.0808563232422	207.508056640625
157.0	55.0	153.0	211.0
160.77316284179688	38.91058349609375	151.0251922607422	208.27658081054688
153.0786590576172	40.053627014160156	151.96290588378906	209.5697479248047
153.43997192382812	42.421234130859375	153.05111694335938	211.0704803466797
157.0	54.0	153.0	218.0
159.0	54.0	157.0	218.0
121.0	49.0	196.0	217.0
124.0	53.0	191.0	219.0
158.0	55.0	152.0	213.0
157.0	57.0	157.0	211.0
148.0	56.0	167.0	216.0
152.0	55.0	162.0	216.0
155.0	56.0	157.0	214.0
156.0	56.0	157.0	214.0
156.0	56.0	160.0	216.0
158.0	57.0	154.0	214.0
153.0	55.0	161.0	217.0
161.0	58.0	152.0	210.0
156.0	53.0	158.0	219.0
162.0	59.0	146.0	212.0
161.0	58.0	152.0	210.0
158.0	58.0	155.0	212.0
161.0	58.0	150.0	211.0
160.0	55.0	153.0	214.0
159.0	56.0	152.0	215.0
151.0	56.0	161.0	216.0
154.0	56.0	158.0	216.0
149.0	53.0	164.0	219.0
153.0	55.0	158.0	217.0
155.0	56.0	159.0	216.0
150.0	56.0	162.0	216.0
152.90830993652344	50.2114143371582	160.23536682128906	213.6471405029297
150.0	55.0	164.0	217.0
151.0	56.0	162.0	216.0
150.0	56.0	165.0	214.0
155.0	58.0	157.0	208.0
156.0	60.0	158.0	207.0
147.0	58.0	168.0	214.0
142.0	57.0	174.0	215.0
151.0	56.0	164.0	215.0
153.0	55.0	162.0	216.0
148.0	57.0	170.0	215.0
153.0	55.0	162.0	208.0
149.0	56.0	165.0	216.0
145.0	56.0	183.0	216.0
148.0	58.0	175.0	214.0
150.0	61.0	175.0	211.0
150.0	56.0	176.0	216.0
155.0	59.0	173.0	213.0
149.0	58.0	179.0	214.0
160.0	61.0	177.0	211.0
159.0	59.0	172.0	213.0
163.0	59.0	169.0	213.0
166.0	60.0	160.0	212.0
165.0	63.0	164.0	209.0
158.0	63.0	169.0	209.0
150.0	63.0	181.0	209.0
154.0	58.0	175.0	214.0
161.0	56.0	154.0	215.0
169.0	60.0	152.0	209.0
181.0	63.0	161.0	209.0
183.0	63.0	147.0	209.0
183.0	63.0	154.0	209.0
177.0	61.0	137.0	211.0
185.0	58.0	145.0	214.0
185.0	63.0	162.0	209.0
174.0	58.0	142.0	211.0
180.0	59.0	136.0	209.0
157.0	57.0	159.0	212.0
161.0	61.0	154.0	207.0
152.0	62.0	172.0	206.0
183.1088104248047	56.39971160888672	174.6609344482422	209.1869354248047
200.0	64.0	123.0	196.0
206.0	69.0	120.0	194.0
205.0	62.0	121.0	197.0
217.0	72.0	146.0	195.0
218.0	63.0	115.0	194.0
220.0	70.0	115.0	188.0
222.0	65.0	112.0	191.0
223.0	74.0	112.0	181.0
224.0	63.0	111.0	189.0
225.0	64.0	113.0	189.0
228.0	70.0	112.0	180.0
226.0	64.0	114.0	186.0
228.0	72.0	150.0	186.0
231.0	69.0	149.0	196.0
231.0	72.0	148.0	192.0
239.0	84.0	140.0	188.0
238.0	74.0	142.0	193.0
239.0	82.0	139.0	190.0
236.0	74.0	144.0	198.0
236.0	81.0	143.0	191.0
238.0	81.0	141.0	191.0
240.0	83.0	140.0	189.0
239.0	84.0	141.0	188.0
236.0	77.0	125.0	164.0
239.0	85.0	141.0	187.0
233.0	82.0	139.0	190.0
242.0	83.0	138.0	189.0
245.0	84.0	135.0	188.0
248.0	88.0	126.0	184.0
249.0	80.0	132.0	192.0
248.0	83.0	132.0	189.0
249.0	80.0	131.0	192.0
250.0	81.0	131.0	191.0
250.0	80.0	131.0	192.0
248.0	79.0	134.0	193.0
237.0	84.0	133.0	188.0
248.0	79.0	133.0	193.0
236.0	81.0	135.0	191.0
249.0	77.0	132.0	195.0
227.0	81.0	148.0	191.0
257.0	82.0	118.0	190.0
254.0	83.0	124.0	189.0
252.0	84.0	119.0	188.0
256.0	88.0	122.0	184.0
253.0	80.0	122.0	192.0
253.0	77.0	119.0	195.0
254.0	79.0	118.0	193.0
255.0	76.0	120.0	196.0
254.0	73.0	122.0	199.0
253.0	75.0	120.0	197.0
254.0	75.0	119.0	197.0
252.0	74.0	122.0	198.0
253.0	75.0	122.0	197.0
255.0	73.0	120.0	198.0
254.0	72.0	122.0	199.0
252.0	73.0	124.0	197.0
254.0	71.0	124.0	200.0
255.0	71.0	124.0	200.0
252.0	72.0	121.0	197.0
250.0	71.0	128.0	199.0
255.0	71.0	118.0	195.0
248.0	70.0	130.0	200.0
247.0	70.0	131.0	201.0
247.0	72.0	130.0	198.0
249.0	69.0	129.0	202.0
249.0	70.0	129.0	201.0
247.0	70.0	130.0	200.0
248.0	74.0	130.0	195.0
247.0	69.0	130.0	202.0
247.0	69.0	131.0	201.0
244.0	73.0	134.0	196.0
247.0	70.0	131.0	200.0
245.0	71.0	133.0	198.0
244.0	71.0	135.0	199.0
245.0	73.0	134.0	197.0
247.0	70.0	130.0	200.0
244.0	76.0	134.0	195.0
247.0	70.0	132.0	201.0
245.0	75.0	134.0	196.0
247.0	71.0	131.0	200.0
244.0	72.0	134.0	199.0
246.0	71.0	132.0	200.0
245.0	70.0	133.0	201.0
244.0	75.0	134.0	196.0
244.0	80.0	136.0	192.0
245.0	76.0	134.0	195.0
244.0	76.0	134.0	193.0
245.0	74.0	133.0	196.0
244.0	76.0	134.0	195.0
246.0	70.0	133.0	201.0
246.0	70.0	132.0	199.0
244.0	76.0	134.0	195.0
245.0	76.0	134.0	195.0
243.0	79.0	137.0	193.0
244.0	74.0	134.0	197.0
245.0	81.0	135.0	190.0
245.0	76.0	134.0	194.0
244.0	75.0	134.0	195.0
243.0	77.0	137.0	194.0
244.0	74.0	135.0	197.0
248.0	72.0	125.0	198.0
249.0	72.0	120.0	194.0
244.0	75.0	135.0	196.0
243.0	73.0	136.0	198.0
247.0	70.0	132.0	200.0
245.0	76.0	135.0	195.0
248.0	71.0	122.0	198.0
244.0	81.0	136.0	191.0
246.0	70.0	133.0	202.0
244.0	73.0	135.0	198.0
245.0	70.0	134.0	200.0
244.0	78.0	135.0	192.0
243.0	73.0	136.0	198.0
243.0	79.0	136.0	193.0
242.0	73.0	137.0	198.0
246.0	77.0	133.0	194.0
241.0	74.0	138.0	197.0
244.0	75.0	136.0	196.0
246.0	73.0	133.0	198.0
242.0	76.0	137.0	194.0
245.0	73.0	134.0	198.0
246.0	73.0	133.0	197.0
244.0	69.0	135.0	203.0
248.0	71.0	127.0	198.0
242.0	73.0	137.0	198.0
244.0	69.0	135.0	202.0
246.0	70.0	129.0	200.0
242.0	71.0	137.0	200.0
243.0	71.0	137.0	201.0
241.0	69.0	139.0	202.0
240.0	67.0	138.0	205.0
239.0	67.0	136.0	205.0
240.0	68.0	136.0	204.0
241.0	67.0	134.0	205.0
238.0	68.0	137.0	204.0
242.0	70.0	137.0	201.0
238.0	68.0	139.0	203.0
237.0	68.0	142.0	204.0
240.0	67.0	139.0	205.0
239.0	67.0	141.0	205.0
239.0	66.0	140.0	206.0
240.0	69.0	142.0	203.0
240.0	67.0	138.0	205.0
240.0	65.0	140.0	207.0
244.0	74.0	136.0	196.0
238.0	65.0	144.0	207.0
240.0	67.0	137.0	205.0
242.0	70.0	141.0	200.0
241.0	71.0	140.0	199.0
238.0	66.0	141.0	206.0
241.0	65.0	139.0	207.0
240.0	65.0	140.0	207.0
239.0	65.0	140.0	207.0
243.0	68.0	138.0	202.0
241.0	68.0	139.0	202.0
243.0	71.0	138.0	198.0
245.0	69.0	135.0	200.0
240.0	65.0	139.0	207.0
242.0	69.0	140.0	202.0
245.0	70.0	136.0	199.0
245.0	70.0	135.0	199.0
243.0	69.0	139.0	202.0
243.0	70.0	138.0	200.0
246.0	71.0	134.0	199.0
244.0	69.0	137.0	201.0
246.0	69.0	135.0	200.0
244.0	70.0	136.0	200.0
245.0	69.0	136.0	201.0
240.0	64.0	139.0	208.0
243.0	70.0	138.0	200.0
245.0	70.0	136.0	199.0
244.0	68.0	137.0	201.0
245.0	69.0	135.0	201.0
243.0	69.0	139.0	201.0
244.0	68.0	138.0	202.0
245.0	71.0	137.0	199.0
245.0	70.0	136.0	200.0
244.0	68.0	137.0	202.0
243.0	68.0	139.0	202.0
244.0	69.0	138.0	201.0
244.0	68.0	137.0	201.0
245.0	69.0	135.0	200.0
244.0	69.0	137.0	201.0
246.0	69.0	136.0	201.0
242.0	68.0	140.0	202.0
246.0	71.0	136.0	199.0
245.0	69.0	137.0	202.0
245.0	69.0	137.0	201.0
245.0	70.0	137.0	200.0
245.0	69.0	136.0	202.0
243.0	68.0	138.0	202.0
244.0	68.0	138.0	204.0
245.0	70.0	136.0	199.0
245.0	69.0	137.0	201.0
245.0	69.0	137.0	201.0
243.0	68.0	139.0	202.0
246.0	70.0	135.0	200.0
241.0	64.0	139.0	208.0
245.0	70.0	136.0	200.0
242.0	68.0	139.0	202.0
245.0	68.0	137.0	203.0
243.0	69.0	139.0	201.0
245.0	71.0	136.0	199.0
246.0	70.0	136.0	199.0
169.0	59.0	146.0	213.0
244.0	67.0	138.0	203.0
246.0	70.0	135.0	199.0
245.0	69.0	136.0	201.0
244.0	68.0	139.0	203.0
245.0	69.0	138.0	201.0
245.0	70.0	136.0	200.0
244.0	69.0	138.0	201.0
245.0	69.0	137.0	200.0
244.0	69.0	138.0	201.0
244.0	69.0	137.0	201.0
245.0	70.0	135.0	199.0
246.0	73.0	134.0	196.0
247.0	76.0	134.0	195.0
250.0	87.0	132.0	183.0
249.0	76.0	133.0	193.0
248.0	73.0	133.0	197.0
248.0	78.0	134.0	193.0
246.0	78.0	134.0	192.0
247.0	82.0	134.0	187.0
249.0	80.0	133.0	190.0
251.0	77.0	129.0	192.0
247.0	78.0	133.0	191.0
246.0	78.0	135.0	193.0
249.0	80.0	132.0	191.0
249.0	78.0	132.0	191.0
248.0	78.0	133.0	191.0
246.0	74.0	134.0	194.0
249.0	71.0	131.0	198.0
246.0	74.0	134.0	196.0
247.0	71.0	134.0	199.0
246.0	77.0	135.0	191.0
245.0	69.0	135.0	200.0
245.0	77.0	134.0	192.0
248.0	75.0	132.0	193.0
246.0	79.0	134.0	189.0
245.0	70.0	134.0	198.0
247.0	72.0	132.0	193.0
248.0	72.0	130.0	192.0
247.0	72.0	130.0	191.0
248.0	77.0	129.0	185.0
246.0	72.0	130.0	185.0
243.0	63.0	132.0	197.0
248.0	85.0	127.0	168.0
247.0	75.0	128.0	178.0
250.0	76.0	125.0	174.0
253.0	77.0	122.0	169.0
253.0	75.0	121.0	171.0
254.0	70.0	120.0	173.0
253.0	70.0	120.0	171.0
254.0	64.0	121.0	179.0
253.0	53.0	121.0	190.0
253.0	54.0	121.0	184.0
252.0	66.0	122.0	170.0
252.0	52.0	119.0	182.0
251.0	52.0	119.0	180.0
250.0	49.0	119.0	181.0
250.0	43.0	118.0	186.0
251.0	41.0	116.0	187.0
249.0	43.0	116.0	181.0
249.0	41.0	115.0	183.0
248.0	43.0	110.0	175.0
247.0	41.0	111.0	177.0
245.0	41.0	110.0	171.0
245.0	40.0	108.0	174.0
244.0	39.0	109.0	172.0
241.0	39.0	111.0	172.0
240.0	39.0	111.0	171.0
240.0	39.0	110.0	165.0
238.0	39.0	109.0	168.0
237.0	39.0	108.0	164.0
235.0	39.0	107.0	164.0
237.0	39.0	103.0	161.0
234.0	38.0	108.0	162.0
236.0	38.0	106.0	160.0
237.0	38.0	104.0	163.0
240.0	38.0	102.0	158.0
242.0	38.0	100.0	160.0
241.0	37.0	102.0	160.0
242.0	37.0	102.0	157.0
245.0	38.0	99.0	157.0
246.0	37.0	98.0	156.0
247.0	38.0	97.0	154.0
248.0	37.0	97.0	155.0
248.0	38.0	96.0	154.0
247.0	37.0	97.0	150.0
249.0	37.0	96.0	155.0
250.0	37.0	94.0	156.0
250.0	37.0	93.0	150.0
250.0	37.0	94.0	153.0
251.0	37.0	93.0	151.0
251.0	36.0	93.0	152.0
250.0	36.0	92.0	148.0
251.0	36.0	93.0	152.0
250.0	36.0	94.0	151.0
251.0	35.0	91.0	148.0
251.0	35.0	93.0	152.0
249.0	36.0	92.0	147.0
250.0	35.0	93.0	149.0
251.0	36.0	91.0	146.0
251.0	35.0	92.0	148.0
252.0	35.0	89.0	147.0
252.0	37.0	90.0	144.0
253.0	36.0	89.0	146.0
253.0	36.0	90.0	145.0
253.0	36.0	90.0	146.0
252.0	34.0	92.0	149.0
251.0	35.0	92.0	148.0
252.0	36.0	90.0	146.0
252.0	36.0	92.0	146.0
253.0	36.0	91.0	145.0
252.0	35.0	90.0	147.0
253.0	36.0	90.0	145.0
253.0	36.0	90.0	144.0
253.0	36.0	90.0	146.0
253.0	37.0	90.0	142.0
255.0	33.0	89.0	151.0
252.0	34.0	90.0	147.0
253.0	35.0	89.0	147.0
253.0	36.0	90.0	146.0
253.0	35.0	91.0	145.0
253.0	36.0	90.0	146.0
253.0	36.0	88.0	146.0
252.0	35.0	91.0	147.0
252.0	34.0	91.0	148.0
253.0	36.0	89.0	144.0
253.0	33.0	89.0	151.0
253.0	35.0	89.0	145.0
253.0	37.0	89.0	141.0
252.0	34.0	90.0	147.0
252.0	35.0	91.0	147.0
254.0	35.0	90.0	145.0
255.0	34.0	88.0	146.0
255.0	36.0	88.0	143.0
256.0	35.0	88.0	150.0
255.0	33.0	90.0	150.0
256.0	36.0	86.0	144.0
