405.0	130.0	16.0	38.0
405.0	129.0	14.0	39.0
405.0	132.0	14.0	39.0
403.0	128.0	16.0	41.0
400.0	128.0	16.0	41.0
404.0	129.0	20.0	44.0
410.0	128.0	17.0	43.0
403.0	130.0	17.0	41.0
401.1354675292969	129.96453857421875	16.900196075439453	40.75929260253906
398.8692321777344	129.72116088867188	17.198335647583008	41.47834014892578
405.0	128.0	16.0	42.0
396.0	128.0	19.0	43.0
395.21441650390625	126.4876480102539	19.263376235961914	43.59606170654297
393.9385070800781	125.72953033447266	18.961776733398438	42.91349411010742
399.0	126.0	16.0	43.0
395.8167419433594	123.23045349121094	16.222158432006836	43.59705352783203
393.13848876953125	123.38273620605469	16.44683265686035	44.20086669921875
392.4106750488281	124.84187316894531	16.505191802978516	44.357704162597656
390.4578552246094	124.0910415649414	16.660686492919922	44.77559280395508
388.11956787109375	125.6431884765625	16.7425537109375	44.99561309814453
392.0	125.0	15.0	45.0
385.0	127.0	19.0	46.0
385.0622863769531	126.0673828125	18.652652740478516	45.1590576171875
384.0	128.0	17.0	43.0
381.0	127.0	19.0	44.0
381.0	128.0	16.0	43.0
369.0	124.0	19.0	48.0
362.0	129.0	19.0	45.0
371.0465393066406	127.33760070800781	18.812694549560547	44.5563850402832
361.0	124.0	18.0	49.0
366.5455627441406	125.29505920410156	18.084497451782227	49.230018615722656
359.0	127.0	17.0	46.0
364.0	127.0	19.0	46.0
361.2579345703125	127.71977233886719	19.242748260498047	46.587711334228516
351.0	131.0	20.0	44.0
353.0	127.0	19.0	47.0
351.0	127.0	19.0	47.0
349.0	129.0	20.0	45.0
348.0	130.0	19.0	45.0
347.0	128.0	20.0	47.0
347.03778076171875	125.56806945800781	19.95275115966797	46.88896560668945
346.02935791015625	124.7945327758789	20.091684341430664	47.215457916259766
346.405029296875	125.6368408203125	19.94194984436035	46.86357879638672
346.3811950683594	126.49543762207031	20.169963836669922	47.399410247802734
345.5701599121094	125.22535705566406	20.024839401245117	47.05836486816406
343.2051086425781	124.59150695800781	20.226177215576172	47.53151321411133
342.58380126953125	125.51066589355469	20.071468353271484	47.16794967651367
338.9767150878906	126.58601379394531	20.12898826599121	47.30311965942383
339.78955078125	124.6534423828125	20.271574020385742	47.6381950378418
343.0	132.0	19.0	40.0
331.0	131.0	19.0	40.0
342.0	133.0	16.0	39.0
343.0	130.0	14.0	42.0
335.8339538574219	129.5611572265625	13.99296760559082	41.97890090942383
337.0	132.0	16.0	39.0
336.0	130.0	15.0	45.0
334.0	132.0	16.0	41.0
329.0	131.0	19.0	43.0
328.0	133.0	21.0	44.0
320.0	132.0	19.0	45.0
319.0	132.0	20.0	45.0
318.0	134.0	19.0	44.0
316.0	135.0	22.0	44.0
319.0	135.0	20.0	43.0
324.0	135.0	15.0	40.0
315.0	134.0	19.0	43.0
315.0	133.0	21.0	44.0
315.0	132.0	20.0	47.0
318.0	131.0	18.0	46.0
314.5123596191406	129.400146484375	18.22972869873047	46.58708190917969
315.0	132.0	18.0	45.0
313.0	132.0	18.0	45.0
309.0	133.0	21.0	46.0
293.0	135.0	25.0	47.0
291.0	135.0	25.0	47.0
299.0	134.0	22.0	47.0
306.0	135.0	22.0	45.0
298.2955627441406	135.5753173828125	21.71535301208496	44.41776657104492
295.71026611328125	136.77230834960938	21.682254791259766	44.350067138671875
293.9348449707031	137.69906616210938	21.416257858276367	43.80598449707031
301.0	135.0	23.0	43.0
290.47369384765625	136.04420471191406	23.030027389526367	43.05613708496094
301.0	135.0	15.0	43.0
296.0	134.0	19.0	47.0
293.27960205078125	132.45770263671875	18.519817352294922	45.81218338012695
295.0	136.0	17.0	44.0
292.4093322753906	133.52157592773438	17.341156005859375	44.88299560546875
292.0498962402344	135.8142547607422	17.19732093811035	44.51071548461914
287.54949951171875	136.01461791992188	17.140737533569336	44.36426544189453
281.0	134.0	21.0	47.0
281.11456298828125	135.68167114257812	20.50146484375	45.88423156738281
271.0	138.0	25.0	46.0
274.2816162109375	135.82623291015625	24.71821403503418	45.48151397705078
274.0	136.0	23.0	45.0
272.6204833984375	134.40219116210938	22.872745513916016	44.75102615356445
271.8500061035156	134.38095092773438	23.04373550415039	45.085567474365234
271.0	135.0	21.0	44.0
272.23809814453125	133.82717895507812	21.183204650878906	44.38385772705078
260.0	134.0	21.0	50.0
259.0	136.0	18.0	44.0
268.7123107910156	135.09384155273438	18.393173217773438	44.961090087890625
271.0	136.0	21.0	41.0
266.4112854003906	137.4870147705078	20.831878662109375	40.67176818847656
268.0	135.0	19.0	45.0
263.6292419433594	135.96292114257812	18.984939575195312	44.964332580566406
267.0	134.0	26.0	45.0
256.6389465332031	134.56077575683594	25.96022605895996	44.93115997314453
255.8522186279297	133.5938720703125	26.024860382080078	45.043025970458984
260.0	133.0	19.0	44.0
256.7395935058594	134.22378540039062	19.149089813232422	44.34526443481445
255.416259765625	133.75502014160156	19.0423641204834	44.098114013671875
256.0	135.0	16.0	41.0
244.0	137.0	14.0	42.0
243.0	137.0	14.0	43.0
242.0	140.0	13.0	36.0
240.0	140.0	14.0	38.0
245.9327392578125	140.0028076171875	13.921663284301758	37.78737258911133
235.0	136.0	17.0	44.0
241.60165405273438	137.56321716308594	16.810916900634766	43.5106086730957
232.0	132.0	16.0	43.0
230.0	134.0	18.0	46.0
229.0	143.0	14.0	37.0
227.0	141.0	15.0	40.0
224.0	139.0	15.0	41.0
224.0	138.0	15.0	39.0
223.0	137.0	17.0	41.0
221.0	136.0	17.0	43.0
220.0	137.0	16.0	43.0
235.0	137.0	14.0	42.0
234.0	138.0	15.0	39.0
233.0	140.0	12.0	36.0
232.0	138.0	13.0	38.0
230.0	139.0	13.0	40.0
229.0	140.0	13.0	38.0
224.0	139.0	16.0	44.0
224.0	137.0	16.0	44.0
223.0	139.0	13.0	36.0
221.0	138.0	15.0	39.0
219.0	139.0	16.0	43.0
217.0	138.0	17.0	44.0
214.0	139.0	19.0	44.0
212.0	137.0	19.0	44.0
211.0	137.0	19.0	45.0
212.0	136.0	18.0	44.0
208.0	139.0	17.0	41.0
206.0	140.0	20.0	42.0
194.0	139.0	19.0	43.0
197.0	139.0	18.0	43.0
190.0	139.0	20.0	43.0
190.0	138.0	18.0	45.0
189.0	139.0	19.0	44.0
188.0	139.0	21.0	45.0
189.0	139.0	22.0	45.0
185.0	138.0	22.0	46.0
182.0	140.0	20.0	44.0
182.0	138.0	17.0	44.0
182.0	139.0	21.0	46.0
179.7060546875	136.79486083984375	21.127517700195312	46.27932357788086
179.3857421875	136.5485076904297	21.254837036132812	46.5582160949707
177.85009765625	136.55223083496094	21.266315460205078	46.58335876464844
178.0	140.0	20.0	42.0
175.66543579101562	139.5433349609375	20.136184692382812	42.285987854003906
172.0	142.0	19.0	44.0
170.0	142.0	21.0	46.0
170.0	142.0	19.0	45.0
168.0	142.0	21.0	46.0
166.0	141.0	21.0	46.0
166.0	141.0	22.0	46.0
166.0	142.0	19.0	44.0
166.0	143.0	19.0	43.0
163.0	141.0	23.0	44.0
161.0	143.0	22.0	42.0
160.0	145.0	20.0	42.0
160.0	145.0	21.0	43.0
157.66079711914062	141.13905334472656	20.666961669921875	42.31806182861328
158.0	144.0	22.0	42.0
158.0	144.0	22.0	44.0
154.5988006591797	140.6233673095703	22.041231155395508	44.082462310791016
154.0	145.0	19.0	43.0
154.9774932861328	142.05703735351562	19.167078018188477	43.37812042236328
145.0	146.0	19.0	40.0
152.08934020996094	142.7277069091797	19.098312377929688	40.206974029541016
142.0	146.0	20.0	41.0
142.0	145.0	20.0	41.0
141.0	145.0	19.0	40.0
138.0	142.0	19.0	41.0
137.0	144.0	19.0	40.0
135.63719177246094	143.00892639160156	18.939529418945312	39.87269592285156
134.52853393554688	144.57931518554688	18.954410552978516	39.904022216796875
134.08555603027344	146.2723846435547	19.00868797302246	40.01829528808594
136.21331787109375	144.29579162597656	19.01649284362793	40.034725189208984
135.93472290039062	145.5461883544922	19.104576110839844	40.22016143798828
132.47848510742188	144.26156616210938	18.893667221069336	39.776145935058594
133.0	145.0	15.0	42.0
130.0	147.0	17.0	43.0
124.0	146.0	23.0	45.0
123.1534652709961	143.02139282226562	22.708141326904297	44.42897415161133
126.0	147.0	26.0	43.0
122.45235443115234	145.7644805908203	25.53127670288086	42.22480392456055
120.0	148.0	23.0	44.0
120.0	148.0	21.0	44.0
117.0	148.0	21.0	45.0
130.0	146.0	21.0	41.0
128.1205596923828	146.06491088867188	21.13501739501953	41.263607025146484
122.49727630615234	149.79490661621094	21.171966552734375	41.33574676513672
121.59141540527344	147.11898803710938	21.145381927490234	41.283843994140625
124.0	147.0	18.0	42.0
120.0	143.0	22.0	48.0
119.92973327636719	142.1065673828125	22.13279151916504	48.28972625732422
117.0	146.0	20.0	45.0
117.0	145.0	21.0	44.0
116.0	144.0	20.0	48.0
115.0	146.0	23.0	44.0
115.0	147.0	23.0	44.0
113.0	146.0	23.0	44.0
112.0	146.0	24.0	43.0
111.0	146.0	23.0	42.0
110.0	145.0	24.0	44.0
111.0	145.0	22.0	44.0
110.0	145.0	21.0	44.0
108.0	147.0	20.0	43.0
108.0	146.0	18.0	44.0
112.0447006225586	145.0526123046875	17.899404525756836	43.75409698486328
110.39564514160156	142.18148803710938	18.139957427978516	44.34211349487305
109.4066162109375	141.08822631835938	18.431995391845703	45.05598068237305
110.42618560791016	141.34820556640625	18.27959632873535	44.683448791503906
113.3331527709961	149.52450561523438	18.369014739990234	44.90202713012695
127.4120101928711	159.68038940429688	18.541988372802734	45.324851989746094
145.24928283691406	187.0181884765625	18.533580780029297	45.30430221557617
147.41334533691406	188.83009338378906	18.801488876342773	45.959190368652344
146.7876434326172	189.8377227783203	18.963321685791016	46.35477828979492
146.04251098632812	190.60055541992188	18.854825973510742	46.089569091796875
146.55633544921875	186.27757263183594	18.927135467529297	46.266319274902344
146.8146209716797	192.2353515625	18.746742248535156	45.82535934448242
148.23703002929688	189.70828247070312	19.017105102539062	46.486244201660156
147.9456787109375	189.96145629882812	18.777114868164062	45.89960479736328
146.98049926757812	190.72219848632812	18.836063385009766	46.043701171875
148.29519653320312	190.13253784179688	18.937191009521484	46.2909049987793
147.8421173095703	189.38270568847656	18.79026985168457	45.9317626953125
147.0117950439453	188.14573669433594	18.494508743286133	45.20878982543945
146.88156127929688	188.75253295898438	18.592327117919922	45.44790267944336
145.55775451660156	194.3741912841797	18.25436019897461	44.62176513671875
147.73524475097656	189.2690887451172	18.470699310302734	45.15059280395508
147.19949340820312	187.340576171875	18.264312744140625	44.646095275878906
148.03262329101562	188.9661407470703	18.478069305419922	45.168609619140625
148.48080444335938	190.16452026367188	18.463476181030273	45.132938385009766
149.3014373779297	188.32553100585938	18.876819610595703	46.14332962036133
148.50656127929688	188.97084045410156	18.695205688476562	45.69938659667969
70.0	150.0	20.0	42.0
66.0	149.0	23.0	44.0
53.0	150.0	26.0	45.0
60.028587341308594	148.35769653320312	26.465045928955078	45.80487823486328
48.0	149.0	23.0	47.0
51.0	147.0	27.0	49.0
51.0	148.0	25.0	47.0
51.0	150.0	27.0	43.0
51.0	150.0	27.0	44.0
50.0	150.0	27.0	44.0
46.91447830200195	149.9617919921875	27.168176651000977	44.27406311035156
44.41523361206055	147.1060333251953	27.657176971435547	45.07094955444336
43.0	150.0	23.0	44.0
44.46835708618164	150.52841186523438	23.110700607299805	44.21177673339844
45.0	150.0	17.0	41.0
37.0	149.0	26.0	46.0
40.65864944458008	148.82943725585938	25.647953033447266	45.37714385986328
38.24602508544922	148.3356170654297	25.66805648803711	45.41271209716797
37.26365280151367	148.52391052246094	25.99924659729004	45.99866485595703
36.0	152.0	20.0	40.0
36.992576599121094	150.31228637695312	20.26076316833496	40.52152633666992
36.0	152.0	19.0	40.0
36.0	150.0	25.0	42.0
31.0	151.0	24.0	41.0
26.0	149.0	24.0	46.0
28.281299591064453	146.4060821533203	24.49631118774414	46.951255798339844
26.0	150.0	25.0	44.0
19.0	150.0	29.0	47.0
29.0	149.0	17.0	45.0
22.0	149.0	21.0	46.0
23.43119239807129	147.61032104492188	20.759984970092773	45.47425842285156
22.892358779907227	147.1839599609375	20.669261932373047	45.27553176879883
21.652931213378906	149.25094604492188	20.59922218322754	45.122108459472656
21.063730239868164	148.34762573242188	20.939899444580078	45.86835479736328
19.480323791503906	148.80081176757812	21.36647605895996	46.802764892578125
18.655569076538086	147.37060546875	21.180522918701172	46.39543914794922
7.0	152.0	14.0	35.0
5.0	152.0	16.0	37.0
1.0	152.0	18.0	39.0
1.0	151.0	17.0	42.0
0.0	150.0	19.0	50.0
0.0	151.0	17.0	47.0
0.0	149.0	20.0	51.0
8.913595199584961	146.83193969726562	19.61789321899414	50.02562713623047
8.0	150.0	16.0	44.0
6.0	151.0	19.0	42.0
5.378275394439697	149.2164306640625	19.161203384399414	42.356346130371094
5.8658294677734375	148.2422637939453	19.313587188720703	42.69318771362305
2.0	149.0	20.0	41.0
3.3062005043029785	149.75064086914062	19.74275779724121	40.47264862060547
1.0	148.0	18.0	44.0
0.0	151.0	16.0	40.0
