455.0	158.0	9.0	23.0
452.93695068359375	158.38742065429688	10.0	22.915708541870117
452.0	159.0	10.0	24.0
451.0	159.0	9.0	23.0
449.3081970214844	158.3857879638672	10.0	22.789684295654297
446.93621826171875	159.08432006835938	10.134048461914062	22.800045013427734
446.2796936035156	159.27174377441406	10.153181076049805	22.680770874023438
446.0	159.0	9.0	23.0
443.24493408203125	158.0824737548828	10.0	23.209135055541992
443.0	158.0	10.0	24.0
440.623291015625	157.25363159179688	10.098686218261719	23.804931640625
438.8775329589844	158.13522338867188	10.127341270446777	23.69228744506836
438.01483154296875	157.69900512695312	10.1539888381958	23.710357666015625
436.728759765625	158.4190216064453	10.116697311401367	23.4720401763916
435.0810546875	159.46237182617188	10.217775344848633	23.677392959594727
434.34967041015625	159.02182006835938	10.189115524291992	23.58612823486328
432.9775390625	159.3054656982422	10.184741973876953	23.385833740234375
430.8135681152344	157.64402770996094	10.277685165405273	23.520099639892578
431.0	159.0	9.0	22.0
429.3419494628906	159.10549926757812	10.0	22.043426513671875
427.5452575683594	158.85630798339844	10.188520431518555	22.415414810180664
426.0287170410156	158.96368408203125	10.148176193237305	22.3266544342041
424.5431213378906	159.65928649902344	10.210740089416504	22.352174758911133
423.20599365234375	160.08126831054688	10.207541465759277	22.295534133911133
423.0	161.0	9.0	22.0
420.10089111328125	159.66317749023438	10.0	21.892047882080078
419.5686950683594	159.90835571289062	10.019805908203125	21.617368698120117
417.67291259765625	158.776611328125	10.05927562713623	21.608951568603516
415.4287109375	159.132568359375	10.119043350219727	21.422422409057617
415.33929443359375	158.8980255126953	10.264878273010254	21.66765785217285
413.31591796875	159.364501953125	10.286293029785156	21.712860107421875
412.61187744140625	160.10223388671875	10.228425979614258	21.590713500976562
410.6683044433594	161.09085083007812	10.07218074798584	21.15437126159668
409.6702575683594	160.65658569335938	10.024136543273926	20.84993553161621
408.4953308105469	160.44973754882812	10.026506423950195	20.782243728637695
407.32196044921875	159.46328735351562	10.030763626098633	20.5546875
406.1788330078125	159.59136962890625	10.035257339477539	20.24846839904785
405.3201599121094	159.0546417236328	10.084220886230469	20.151744842529297
403.8077392578125	160.73812866210938	10.224527359008789	20.344701766967773
401.52825927734375	160.71209716796875	10.249774932861328	20.35268783569336
399.81365966796875	160.47605895996094	10.220878601074219	20.29518699645996
291.0	161.0	9.0	26.0
398.0	161.0	8.0	22.0
395.447021484375	160.48660278320312	10.0	21.889232635498047
394.22198486328125	159.1246795654297	10.119793891906738	22.121540069580078
393.0	157.0	10.0	26.0
391.62548828125	157.15267944335938	10.081629753112793	26.0272159576416
392.0	160.0	8.0	23.0
388.6236267089844	160.7249298095703	10.0	22.788280487060547
386.8434143066406	160.00015258789062	10.020044326782227	22.653717041015625
388.0	158.0	12.0	26.0
386.0	162.0	9.0	22.0
383.8470764160156	159.6643524169922	10.0	22.22208595275879
382.65484619140625	160.3282012939453	10.038151741027832	22.211124420166016
380.9294128417969	159.9837188720703	10.10728931427002	22.353656768798828
379.4024353027344	159.52304077148438	10.245331764221191	22.65895652770996
378.3646545410156	160.6581573486328	10.110420227050781	22.292949676513672
376.8450622558594	161.05844116210938	10.112325668334961	22.184070587158203
374.6294250488281	161.58619689941406	10.136704444885254	22.150907516479492
374.2538146972656	160.60113525390625	10.167171478271484	21.937143325805664
371.46466064453125	161.03219604492188	10.219365119934082	22.049758911132812
370.72747802734375	161.07080078125	10.222134590148926	22.052349090576172
368.81488037109375	160.80064392089844	10.218461990356445	21.930246353149414
367.0	158.0	8.0	26.0
365.5555114746094	158.7601318359375	10.0	25.859060287475586
364.3200378417969	159.2172393798828	10.081350326538086	25.835468292236328
362.96466064453125	160.11117553710938	10.063299179077148	25.360126495361328
360.94488525390625	160.68038940429688	10.124041557312012	25.35979652404785
359.9468994140625	160.05825805664062	10.281744003295898	25.743555068969727
358.287353515625	159.3476104736328	10.312657356262207	25.80867576599121
356.83349609375	158.96548461914062	10.327211380004883	25.8450984954834
355.7195129394531	159.54641723632812	10.098676681518555	25.223875045776367
353.77099609375	159.5454864501953	10.321483612060547	25.7803897857666
352.15386962890625	159.543212890625	10.352082252502441	25.834476470947266
350.5445251464844	160.02719116210938	10.491832733154297	26.1832332611084
349.56768798828125	160.42959594726562	10.374269485473633	25.889841079711914
347.86688232421875	160.0927276611328	10.235848426818848	25.54439926147461
346.40338134765625	159.9910430908203	10.111132621765137	25.228071212768555
344.7323913574219	160.15850830078125	10.075342178344727	25.0687198638916
343.060546875	159.3780059814453	10.093783378601074	24.578542709350586
341.88079833984375	159.87954711914062	10.119555473327637	24.641298294067383
339.6495056152344	160.30783081054688	10.194541931152344	24.714366912841797
330.0	157.0	9.0	23.0
330.0	156.0	8.0	23.0
329.0	158.0	8.0	21.0
333.17144775390625	163.4876251220703	10.0	21.161029815673828
332.68609619140625	162.780029296875	10.100000381469727	20.9559383392334
330.4430236816406	162.00218200683594	10.094381332397461	20.89256477355957
329.82928466796875	161.35362243652344	10.12617301940918	20.851648330688477
328.9477233886719	160.84066772460938	10.233652114868164	21.00316047668457
327.34869384765625	160.79052734375	10.214329719543457	20.963504791259766
326.0	160.0	9.0	26.0
323.3849182128906	160.67039489746094	10.0	26.12334632873535
322.00885009765625	161.04586791992188	10.128900527954102	26.453073501586914
317.763671875	159.50991821289062	10.054862022399902	25.79119873046875
318.74847412109375	160.73379516601562	10.17497444152832	25.88180923461914
317.20745849609375	159.802734375	10.103742599487305	25.506357192993164
315.1209411621094	159.78982543945312	10.260475158691406	25.902019500732422
312.60711669921875	159.9621124267578	10.213193893432617	25.754552841186523
311.3359680175781	159.18728637695312	10.112500190734863	25.36395263671875
310.867919921875	159.94363403320312	10.086502075195312	25.11716079711914
308.8534851074219	161.58030700683594	10.050332069396973	24.73509979248047
307.43927001953125	161.79739379882812	10.128183364868164	24.449399948120117
305.59552001953125	161.91891479492188	10.143644332885742	24.226131439208984
304.279541015625	161.31527709960938	10.2329740524292	24.425382614135742
303.134033203125	161.1715850830078	10.10203742980957	24.07017707824707
301.32733154296875	160.93678283691406	10.11886215209961	24.054183959960938
299.9540100097656	161.5193634033203	10.266139030456543	24.27092933654785
298.2134094238281	161.1759796142578	10.279474258422852	24.239831924438477
296.73638916015625	161.0580291748047	10.499932289123535	24.759689331054688
294.64166259765625	161.8473358154297	10.357056617736816	24.42277717590332
293.18743896484375	162.03018188476562	10.266654968261719	24.20960235595703
291.6385192871094	162.26614379882812	10.232312202453613	24.128620147705078
289.94500732421875	162.63290405273438	10.27601146697998	24.231666564941406
287.8402404785156	161.21958923339844	10.408551216125488	24.544204711914062
188.0	167.0	8.0	22.0
184.6797637939453	166.08029174804688	10.0	22.124631881713867
182.6817626953125	167.87762451171875	10.0648832321167	21.953693389892578
283.0	162.0	8.0	26.0
280.2691955566406	162.03811645507812	10.0	26.506628036499023
279.0	164.0	11.0	24.0
277.08831787109375	163.4432373046875	11.097084045410156	24.21181869506836
275.03472900390625	162.64480590820312	10.924068450927734	23.83432960510254
274.34149169921875	161.99008178710938	11.012439727783203	24.02713966369629
271.90948486328125	162.03781127929688	11.023504257202148	24.05128288269043
270.7942810058594	161.8931884765625	10.848465919494629	23.669384002685547
269.837890625	162.5082550048828	10.755229949951172	23.465961456298828
168.0	167.0	8.0	23.0
165.8662872314453	166.3509063720703	10.0	23.269786834716797
162.84127807617188	165.13851928710938	10.114741325378418	23.27800941467285
162.5585479736328	165.4097137451172	10.253473281860352	23.532052993774414
160.7675018310547	165.32632446289062	10.289395332336426	23.574737548828125
158.71791076660156	165.35842895507812	10.480695724487305	24.013042449951172
157.13510131835938	165.42849731445312	10.67138671875	24.449947357177734
155.58909606933594	165.06536865234375	10.611371994018555	24.312442779541016
154.04473876953125	166.77198791503906	10.496983528137207	24.050357818603516
153.0	168.0	9.0	22.0
151.90097045898438	166.3426055908203	10.0	22.535337448120117
149.43551635742188	164.9681396484375	10.133862495422363	22.766067504882812
149.10305786132812	163.20608520507812	10.165742874145508	22.837688446044922
148.00344848632812	163.75721740722656	10.130537986755371	22.69327163696289
147.99935913085938	161.92637634277344	10.242135047912598	22.913389205932617
147.72598266601562	163.06051635742188	10.362184524536133	23.151973724365234
146.9530792236328	162.86624145507812	10.20609188079834	22.6859188079834
146.65089416503906	163.74037170410156	10.15689754486084	22.460693359375
145.03939819335938	163.66908264160156	10.186150550842285	22.45421600341797
300.0	158.0	8.0	20.0
301.0	157.0	7.0	19.0
108.0	163.0	10.0	20.0
108.4823226928711	162.6909942626953	10.173354148864746	20.183555603027344
109.65521240234375	162.20315551757812	10.218965530395508	20.274045944213867
110.97064208984375	161.99916076660156	10.399160385131836	20.59476089477539
111.81617736816406	161.8833770751953	10.240236282348633	20.273286819458008
112.03572082519531	162.1787872314453	10.135915756225586	20.01198959350586
112.95445251464844	162.6453857421875	10.093343734741211	19.69463348388672
238.0	161.0	10.0	23.0
235.5301055908203	160.42214965820312	10.126913070678711	23.020734786987305
135.0	162.0	10.0	27.0
133.5017547607422	159.90037536621094	10.016985893249512	26.384475708007812
131.94357299804688	159.92947387695312	10.041708946228027	26.254064559936523
131.00009155273438	161.20376586914062	10.114112854003906	26.23439598083496
128.52157592773438	161.7289276123047	10.146539688110352	26.174245834350586
127.5469741821289	162.99288940429688	10.097406387329102	25.884414672851562
125.65962219238281	163.5590362548828	10.227877616882324	26.218875885009766
125.0	166.0	10.0	24.0
122.9345703125	163.78335571289062	10.16830062866211	24.311697006225586
121.24346923828125	164.2749786376953	10.14631175994873	24.245418548583984
119.77496337890625	163.47445678710938	10.125009536743164	24.194204330444336
118.36387634277344	163.4124298095703	10.238672256469727	24.431217193603516
115.523193359375	163.55960083007812	10.342264175415039	24.67840576171875
113.56846618652344	164.32691955566406	10.28843879699707	24.549968719482422
113.0	167.0	11.0	23.0
110.81640625	166.70394897460938	10.80717658996582	22.596820831298828
108.16279602050781	167.1999053955078	10.971765518188477	22.940959930419922
106.5303726196289	169.1666717529297	11.06618881225586	23.138391494750977
104.44136810302734	166.7904052734375	11.149394035339355	23.312366485595703
103.14102935791016	167.9547119140625	11.006399154663086	23.013378143310547
101.09515380859375	165.54519653320312	10.9528169631958	22.90134048461914
99.52965545654297	164.7542724609375	10.988987922668457	22.976970672607422
98.87156677246094	166.69998168945312	11.032052993774414	23.067014694213867
96.52503967285156	166.5675506591797	11.093965530395508	23.196468353271484
95.5765609741211	167.55262756347656	11.154867172241211	23.323806762695312
93.39111328125	168.60977172851562	11.287617683410645	23.601375579833984
91.69493103027344	168.4160919189453	11.090670585632324	23.189579010009766
89.56037902832031	168.4837646484375	11.157752990722656	23.329845428466797
88.98049926757812	167.763427734375	11.005327224731445	23.01113510131836
86.98509216308594	167.052001953125	10.854368209838867	22.695493698120117
85.73075103759766	167.5826416015625	10.7782621383667	22.536361694335938
84.74996948242188	167.21688842773438	10.768564224243164	22.516082763671875
83.34596252441406	167.5247039794922	10.669595718383789	22.30914878845215
82.38905334472656	168.06417846679688	10.639739990234375	22.246723175048828
82.0	168.0	9.0	26.0
82.11338806152344	167.54403686523438	10.0	25.921594619750977
83.0	167.0	9.0	27.0
83.3764877319336	166.65634155273438	10.0	26.751474380493164
84.90991973876953	165.34507751464844	10.0366849899292	26.780414581298828
87.21192932128906	165.76583862304688	10.121831893920898	26.772476196289062
89.71849060058594	164.28189086914062	10.155523300170898	26.724645614624023
94.14826965332031	165.59744262695312	10.11955451965332	26.46539878845215
97.64495086669922	166.63803100585938	10.260496139526367	26.833999633789062
101.59733581542969	165.92686462402344	10.15167236328125	26.36456871032715
103.71183776855469	167.25399780273438	10.164592742919922	26.398122787475586
107.73323059082031	168.10504150390625	10.05860424041748	25.911468505859375
111.0835952758789	167.37083435058594	10.076409339904785	25.8248233795166
113.551513671875	167.8719482421875	10.136568069458008	25.753915786743164
116.17567443847656	166.80575561523438	10.094378471374512	25.537124633789062
118.20735168457031	165.88552856445312	10.308363914489746	26.002471923828125
121.0	166.0	11.0	28.0
122.62089538574219	165.6324920654297	10.925847053527832	27.81124496459961
124.96702575683594	167.25454711914062	10.964893341064453	27.910634994506836
126.69747161865234	167.95498657226562	10.862899780273438	27.651016235351562
127.32231140136719	168.71142578125	10.867097854614258	27.661701202392578
130.0	170.0	9.0	24.0
131.0	168.0	10.0	27.0
131.3048553466797	165.87594604492188	10.172243118286133	27.369176864624023
133.80393981933594	167.10414123535156	10.210609436035156	27.381710052490234
135.85122680664062	165.4688262939453	10.159281730651855	26.978519439697266
137.3572235107422	166.45994567871094	10.10734748840332	26.72688865661621
139.234619140625	166.34658813476562	10.275304794311523	27.12668800354004
141.2899932861328	166.91104125976562	10.146728515625	26.787246704101562
142.67684936523438	167.1229705810547	10.219385147094727	26.872028350830078
144.57284545898438	167.57101440429688	10.41533088684082	27.387271881103516
146.74822998046875	166.94180297851562	10.370537757873535	27.269489288330078
148.7811279296875	165.89340209960938	10.434285163879395	27.43711280822754
150.60423278808594	165.74539184570312	10.41649055480957	27.39031982421875
153.2119140625	164.7140655517578	10.203996658325195	26.831562042236328
155.5975341796875	165.1943359375	10.243722915649414	26.936023712158203
157.97640991210938	164.43771362304688	10.327978134155273	27.157573699951172
159.9879150390625	165.03378295898438	10.172039031982422	26.63751220703125
161.25540161132812	164.43069458007812	10.22603988647461	26.738927841186523
162.52940368652344	164.03392028808594	10.166736602783203	26.51447105407715
163.39212036132812	162.4576416015625	10.246114730834961	26.721485137939453
162.4828643798828	161.87777709960938	10.196233749389648	26.59139633178711
162.0	160.0	11.0	29.0
258.0	158.0	9.0	25.0
161.0	157.0	12.0	29.0
158.82400512695312	154.9989013671875	12.096914291381836	29.234210968017578
159.0	156.0	13.0	27.0
157.3984375	155.8465576171875	12.914697647094727	26.822834014892578
156.05606079101562	154.89974975585938	12.893136978149414	26.77805519104004
157.0	155.0	10.0	26.0
158.0	153.0	9.0	27.0
156.0549774169922	150.84193420410156	10.0	27.017309188842773
155.7417755126953	150.0831756591797	10.033031463623047	26.664159774780273
154.74392700195312	148.93753051757812	10.102701187133789	26.670602798461914
154.4349822998047	148.45654296875	10.153892517089844	26.598791122436523
153.97323608398438	147.64439392089844	10.123942375183105	26.280284881591797
153.32302856445312	147.32394409179688	10.166425704956055	26.3548641204834
152.73106384277344	148.2382049560547	10.077812194824219	25.841644287109375
153.0	148.0	10.0	27.0
152.01370239257812	146.11801147460938	10.084218978881836	27.01424789428711
152.0689239501953	145.8556671142578	10.024636268615723	26.501052856445312
150.45257568359375	144.69448852539062	10.057873725891113	26.488567352294922
148.03500366210938	145.09849548339844	10.166242599487305	26.631389617919922
147.3835906982422	144.00369262695312	10.158632278442383	26.611454010009766
145.88290405273438	144.61734008789062	10.123628616333008	26.519763946533203
144.03099060058594	145.59628295898438	10.068440437316895	26.183053970336914
142.9691925048828	146.5886688232422	10.195196151733398	26.484691619873047
141.0	149.0	10.0	28.0
140.0	151.0	10.0	26.0
137.0721435546875	151.0772247314453	10.08409309387207	26.173105239868164
135.90931701660156	151.02500915527344	10.076505661010742	25.902673721313477
134.0	152.0	10.0	27.0
131.11007690429688	151.24205017089844	10.250368118286133	27.36163330078125
129.0	153.0	13.0	28.0
126.38641357421875	151.95217895507812	12.879241943359375	27.739904403686523
123.92159271240234	152.3925323486328	12.95263957977295	27.897991180419922
122.9078598022461	153.6823272705078	12.749547958374023	27.4605655670166
122.0	154.0	10.0	29.0
121.0	155.0	9.0	28.0
119.0	156.0	10.0	28.0
116.8593521118164	154.2450714111328	10.114542007446289	27.787384033203125
115.1594009399414	153.9949951171875	10.291125297546387	28.272506713867188
113.458251953125	153.82711791992188	10.28803825378418	28.232585906982422
110.0	156.0	15.0	28.0
109.0	157.0	14.0	27.0
108.0	158.0	12.0	26.0
106.22786712646484	159.15109252929688	12.07435417175293	26.161102294921875
105.0	159.0	11.0	27.0
103.3416519165039	159.19049072265625	10.900887489318848	26.756723403930664
101.77653503417969	158.9092559814453	10.880953788757324	26.70779800415039
100.04237365722656	157.77197265625	10.925382614135742	26.816852569580078
99.0	157.0	11.0	28.0
98.0	156.0	12.0	29.0
95.80286407470703	154.83493041992188	11.930638313293457	28.83237648010254
96.91566467285156	154.96932983398438	11.792879104614258	28.499462127685547
96.16629028320312	155.793701171875	11.62984561920166	28.105464935302734
95.53473663330078	156.17198181152344	11.718485832214355	28.31968116760254
94.77762603759766	155.4765167236328	11.982973098754883	28.9588565826416
94.96963500976562	153.9260711669922	12.026280403137207	29.06351661682129
96.39216613769531	152.30032348632812	12.076739311218262	29.185461044311523
98.0	151.0	12.0	30.0
99.21427917480469	147.40774536132812	11.920408248901367	29.8010196685791
103.0	145.0	11.0	30.0
104.0	143.0	15.0	28.0
108.0	137.0	10.0	29.0
109.47209167480469	132.2754364013672	10.0590238571167	28.720111846923828
111.0	128.0	11.0	28.0
111.70123291015625	122.9177017211914	11.011320114135742	28.028818130493164
113.0	118.0	10.0	29.0
114.0	113.0	10.0	29.0
114.0	109.0	11.0	29.0
115.0	108.0	11.0	28.0
113.8018569946289	106.69120788574219	11.026510238647461	28.067480087280273
113.24317932128906	109.093994140625	11.005889892578125	28.014989852905273
112.1177749633789	111.58998107910156	10.880782127380371	27.696537017822266
110.0	114.0	9.0	28.0
108.0	115.0	9.0	28.0
104.82533264160156	115.1466064453125	10.0	27.804378509521484
103.0	115.0	10.0	30.0
101.33296966552734	114.81282806396484	10.0	29.43380355834961
99.97178649902344	115.37030029296875	10.117405891418457	29.499868392944336
98.22431945800781	116.3880615234375	10.109830856323242	29.22821044921875
95.24530792236328	117.2026138305664	10.173418998718262	29.13156509399414
93.88225555419922	118.39839935302734	10.22928237915039	29.232799530029297
92.0	121.0	12.0	28.0
91.0	122.0	11.0	27.0
88.1790771484375	123.1989517211914	10.941490173339844	26.85638427734375
87.3409194946289	122.16804504394531	10.918359756469727	26.799610137939453
85.68558502197266	122.60438537597656	10.998747825622559	26.99692726135254
84.19515228271484	122.18833923339844	11.051458358764648	27.12630844116211
81.0	122.0	13.0	30.0
80.07581329345703	123.48892974853516	13.1846923828125	30.42621421813965
76.78337860107422	124.121826171875	13.246084213256836	30.567890167236328
75.57498168945312	123.88996887207031	13.192652702331543	30.444589614868164
74.74635314941406	126.92236328125	13.045495986938477	30.104995727539062
71.92362976074219	126.1800537109375	12.983663558959961	29.962305068969727
71.0	126.0	11.0	31.0
70.0	126.0	11.0	31.0
67.0	126.0	13.0	31.0
65.0	127.0	15.0	30.0
64.0	128.0	15.0	30.0
60.799034118652344	126.95976257324219	15.187276840209961	30.374553680419922
61.0	129.0	13.0	29.0
59.0	131.0	13.0	30.0
57.581298828125	131.0538787841797	12.719549179077148	29.35280418395996
56.6761589050293	131.37757873535156	12.486870765686035	28.815853118896484
54.88446044921875	131.0062255859375	12.26130199432373	28.295312881469727
55.22412109375	130.38009643554688	12.033323287963867	27.769207000732422
53.38227462768555	130.1886749267578	12.034741401672363	27.772480010986328
54.28090286254883	127.67079162597656	12.075483322143555	27.866497039794922
53.21015548706055	128.0518798828125	11.99770450592041	27.6870059967041
16.0	129.0	12.0	30.0
46.0	145.0	7.0	13.0
43.46537780761719	144.8984832763672	10.0	12.943263053894043
42.4670524597168	144.9658203125	10.182677268981934	13.140225410461426
42.552433013916016	143.3667755126953	10.421634674072266	13.448588371276855
38.68524169921875	141.13336181640625	10.528875350952148	13.586977005004883
36.74535369873047	144.97567749023438	13.380964279174805	17.941360473632812
34.27839660644531	146.93368530273438	14.939630508422852	20.45943260192871
34.0	136.0	13.0	30.0
32.636634826660156	136.52162170410156	12.962270736694336	29.912933349609375
32.0	137.0	10.0	31.0
31.0	138.0	10.0	30.0
30.0	139.0	9.0	29.0
29.038049697875977	138.2263641357422	10.0	29.058481216430664
27.198013305664062	137.3245086669922	10.085094451904297	29.115686416625977
26.14894676208496	138.15003967285156	10.160143852233887	29.332355499267578
22.0	137.0	12.0	30.0
21.0	138.0	12.0	29.0
19.78465461730957	138.00738525390625	12.061848640441895	29.149465560913086
18.384695053100586	139.13137817382812	12.146960258483887	29.355154037475586
16.506587982177734	139.6477813720703	12.181343078613281	29.438247680664062
15.400720596313477	139.9927520751953	12.130086898803711	29.314376831054688
13.770342826843262	140.2654571533203	12.022582054138184	29.0545711517334
11.80102252960205	139.67208862304688	12.069174766540527	29.16716957092285
10.942293167114258	139.3816680908203	12.063817024230957	29.154224395751953
9.955217361450195	138.39236450195312	11.977556228637695	28.94576072692871
8.434670448303223	138.85989379882812	11.930831909179688	28.832843780517578
8.247998237609863	138.5111083984375	11.962420463562012	28.909183502197266
8.216981887817383	138.33303833007812	11.804967880249023	28.528675079345703
8.0	139.0	12.0	29.0
8.693479537963867	139.36892700195312	12.047418594360352	29.11459732055664
10.988131523132324	137.75926208496094	11.976554870605469	28.943340301513672
14.782793045043945	137.35101318359375	12.221297264099121	29.534801483154297
20.0	129.0	13.0	36.0
27.0	128.0	13.0	37.0
32.86133575439453	126.65867614746094	13.194753646850586	37.554298400878906
42.0	132.0	15.0	31.0
49.73749542236328	129.57687377929688	14.886751174926758	30.76595115661621
57.93156814575195	129.81869506835938	15.115287780761719	31.238262176513672
64.50953674316406	130.2620086669922	14.910494804382324	30.815021514892578
72.90190887451172	129.83763122558594	15.043911933898926	31.090749740600586
80.71629333496094	128.87318420410156	14.838218688964844	30.665653228759766
88.5312728881836	127.33316802978516	15.043943405151367	31.090816497802734
95.7896957397461	126.85552978515625	15.028285026550293	31.058460235595703
104.0	128.0	15.0	30.0
112.0	128.0	14.0	31.0
119.0	127.0	15.0	33.0
127.34761810302734	127.0682144165039	14.689516067504883	32.316932678222656
134.26531982421875	127.13691711425781	14.751629829406738	32.45357894897461
141.0	129.0	12.0	29.0
204.0	123.0	12.0	32.0
149.0	128.0	11.0	30.0
150.31800842285156	128.06167602539062	10.936039924621582	29.825565338134766
151.36227416992188	126.69012451171875	10.982522964477539	29.95233726501465
155.0	126.0	13.0	34.0
158.8968963623047	125.83502197265625	12.809915542602539	33.50285720825195
164.17852783203125	126.12364196777344	13.027485847473145	34.0718879699707
168.0	131.0	16.0	30.0
176.75140380859375	131.5001983642578	15.66259765625	29.367374420166016
188.0	130.0	11.0	32.0
196.0	130.0	13.0	33.0
206.0	128.0	12.0	34.0
214.0	128.0	15.0	33.0
223.41079711914062	128.20462036132812	14.871973991394043	32.71834182739258
236.52944946289062	128.00424194335938	14.9963960647583	32.99207305908203
251.0	127.0	12.0	35.0
263.33428955078125	126.54630279541016	12.157556533813477	35.45954132080078
275.0	127.0	13.0	37.0
284.4481506347656	127.69563293457031	13.016786575317383	37.04777526855469
295.0	129.0	15.0	35.0
303.0	127.0	15.0	37.0
312.0	128.0	13.0	35.0
316.05816650390625	127.92546081542969	12.782918930053711	34.415550231933594
321.0	130.0	13.0	34.0
321.6577453613281	131.41586303710938	12.789487838745117	33.44942855834961
322.0	133.0	11.0	32.0
320.0	134.0	11.0	32.0
318.2806396484375	135.87803649902344	11.158448219299316	32.460941314697266
316.0	134.0	12.0	34.0
315.0	134.0	12.0	34.0
313.4782409667969	134.5222930908203	12.085485458374023	34.24220657348633
313.05084228515625	134.5352020263672	12.00757884979248	34.0214729309082
310.9792785644531	134.6192169189453	12.046427726745605	34.13154983520508
310.8680725097656	136.2032470703125	11.974794387817383	33.9285888671875
310.3063049316406	134.37368774414062	11.820652961730957	33.49185562133789
308.0	141.0	12.0	30.0
307.4269104003906	141.775634765625	11.728130340576172	29.320323944091797
306.6043395996094	142.51771545410156	11.923788070678711	29.80946922302246
305.0	142.0	11.0	32.0
303.0	141.0	12.0	32.0
302.0	141.0	12.0	33.0
301.2467041015625	140.62716674804688	11.95656967163086	32.88056564331055
299.8954162597656	141.0519561767578	12.117606163024902	33.32341766357422
299.0	143.0	11.0	33.0
298.0	144.0	11.0	32.0
297.0	146.0	10.0	31.0
295.0	146.0	12.0	31.0
293.54833984375	145.75509643554688	11.837037086486816	30.57901382446289
291.88616943359375	144.66055297851562	11.915385246276855	30.78141212463379
291.3027038574219	145.1322784423828	12.128905296325684	31.333003997802734
289.43505859375	145.09017944335938	12.080716133117676	31.208515167236328
289.3140563964844	144.88999938964844	11.936753273010254	30.83660888671875
288.38336181640625	147.32144165039062	11.946186065673828	30.860973358154297
286.95794677734375	148.8472900390625	11.86859130859375	30.660518646240234
286.1379089355469	149.8626708984375	12.151704788208008	31.391897201538086
284.88543701171875	149.59446716308594	12.003840446472168	31.009912490844727
284.4212646484375	149.2752685546875	12.014542579650879	31.03755760192871
284.0	150.0	11.0	32.0
282.5166015625	148.7373504638672	11.011957168579102	32.03478240966797
282.0	150.0	11.0	32.0
280.78253173828125	148.68533325195312	10.935505867004395	31.8123779296875
278.95355224609375	149.13296508789062	10.907675743103027	31.73141860961914
277.8639221191406	149.63906860351562	11.04844856262207	32.14094161987305
277.0	151.0	12.0	33.0
275.4903869628906	151.5504608154297	11.957075119018555	32.8819580078125
274.9114990234375	151.284912109375	12.02440357208252	33.067108154296875
275.0	152.0	12.0	33.0
274.2456970214844	151.2257843017578	12.048821449279785	33.13425827026367
273.3016662597656	150.47067260742188	12.108141899108887	33.29738998413086
272.5948791503906	152.33975219726562	12.222528457641602	33.6119499206543
272.0	152.0	13.0	34.0
271.6461181640625	153.68423461914062	12.82121467590332	33.53240203857422
271.9248962402344	154.04672241210938	12.717498779296875	33.261146545410156
270.6909484863281	154.4312744140625	12.699213027954102	33.21331787109375
270.29052734375	154.8441619873047	12.736395835876465	33.310569763183594
270.0	154.0	13.0	34.0
270.00927734375	152.03793334960938	12.906146049499512	33.75453567504883
269.21209716796875	153.25900268554688	12.663494110107422	33.119911193847656
269.9643859863281	153.8536376953125	12.52869987487793	32.767372131347656
268.94488525390625	154.04202270507812	12.459331512451172	32.58594512939453
268.0	156.0	13.0	35.0
267.6781311035156	155.7515869140625	13.089197158813477	35.240142822265625
267.2976379394531	157.20152282714844	12.885111808776855	34.6906852722168
267.57781982421875	157.2485809326172	12.548673629760742	33.784889221191406
266.1907043457031	156.859619140625	12.657724380493164	34.078487396240234
267.0	155.0	12.0	37.0
265.92596435546875	153.77651977539062	12.062142372131348	37.19160079956055
266.0413513183594	153.829345703125	12.105463027954102	37.325172424316406
264.8944091796875	155.3804931640625	11.96851921081543	36.902931213378906
265.57525634765625	156.63308715820312	12.060873985290527	37.18769073486328
265.0	158.0	12.0	36.0
264.9661865234375	157.89987182617188	11.989742279052734	35.9692268371582
264.7740173339844	157.95013427734375	11.906158447265625	35.718475341796875
264.10986328125	159.14492797851562	11.835250854492188	35.50575256347656
262.98040771484375	156.86181640625	11.777853012084961	35.33356475830078
261.0	156.0	13.0	39.0
259.3450012207031	155.45388793945312	13.282663345336914	39.84798812866211
258.9947509765625	155.89036560058594	13.321792602539062	39.96537780761719
258.0	160.0	13.0	37.0
257.60943603515625	161.11541748046875	12.821647644042969	36.49238586425781
257.15997314453125	160.6817169189453	12.9031982421875	36.72449493408203
256.3998718261719	161.770263671875	12.790473937988281	36.403663635253906
254.0	161.0	14.0	38.0
254.2162322998047	159.3277587890625	14.058511734008789	38.1588134765625
252.41732788085938	159.17947387695312	14.08232307434082	38.22344207763672
251.5148162841797	159.35826110839844	14.063865661621094	38.17333984375
251.3878173828125	161.75193786621094	13.986238479614258	37.9626350402832
250.2886962890625	163.64260864257812	13.688061714172363	37.153297424316406
249.7758331298828	165.05862426757812	13.404687881469727	36.38414001464844
249.45761108398438	163.4912872314453	13.175897598266602	35.76313018798828
248.72390747070312	164.1689453125	13.100278854370117	35.55788040161133
247.2418670654297	164.1809539794922	13.137240409851074	35.658199310302734
245.55313110351562	164.07974243164062	13.092611312866211	35.53706741333008
243.71408081054688	162.9241943359375	13.043612480163574	35.404075622558594
243.8142547607422	163.41445922851562	12.960075378417969	35.177330017089844
243.604248046875	164.9049072265625	13.065167427062988	35.46257781982422
242.3175811767578	165.4094696044922	12.951074600219727	35.15290069580078
240.0251007080078	168.36964416503906	12.85664176940918	34.896583557128906
240.2798309326172	167.7863006591797	12.784261703491211	34.70012283325195
239.64511108398438	167.02041625976562	12.860862731933594	34.90803909301758
238.59451293945312	167.3097686767578	12.657709121704102	34.35662078857422
237.35787963867188	167.13687133789062	12.573664665222168	34.128501892089844
237.72451782226562	166.9957733154297	12.650840759277344	34.337982177734375
236.5757598876953	166.6636199951172	12.811793327331543	34.77485656738281
236.06063842773438	167.31277465820312	12.79490852355957	34.729026794433594
235.9661102294922	167.9767608642578	12.504478454589844	33.940711975097656
234.8042449951172	168.06736755371094	12.559407234191895	34.08980178833008
233.02230834960938	169.87673950195312	12.549983024597168	34.0642204284668
232.39926147460938	169.83737182617188	12.5337553024292	34.020172119140625
231.62954711914062	169.42288208007812	12.569787979125977	34.11797332763672
231.2109832763672	166.93682861328125	12.698359489440918	34.46695327758789
230.76541137695312	166.9088897705078	12.700948715209961	34.47398376464844
229.44088745117188	167.27053833007812	12.605154037475586	34.213966369628906
229.39126586914062	167.68087768554688	12.631658554077148	34.28590774536133
228.1220245361328	168.0052947998047	12.687047004699707	34.43624496459961
227.57052612304688	170.52886962890625	12.7432222366333	34.58871841430664
227.160888671875	171.1717987060547	12.900733947753906	35.01625061035156
226.0	169.0	13.0	38.0
225.0	168.0	14.0	39.0
225.0	169.0	13.0	36.0
224.28500366210938	166.95082092285156	12.785196304321289	35.40515899658203
224.82546997070312	167.8768768310547	12.762441635131836	35.34214401245117
223.4413299560547	169.46629333496094	12.85863208770752	35.60851287841797
223.33718872070312	169.06649780273438	12.811704635620117	35.47855758666992
222.98452758789062	170.329345703125	12.722561836242676	35.2317008972168
221.0	170.0	15.0	38.0
220.99093627929688	170.593994140625	14.98187255859375	37.95407485961914
220.36984252929688	170.13803100585938	15.033108711242676	38.08386993408203
219.9047393798828	167.46498107910156	14.732757568359375	37.32297897338867
219.08694458007812	168.2422637939453	14.756271362304688	37.382545471191406
220.0	166.0	13.0	41.0
219.1431427001953	165.27835083007812	13.039835929870605	41.125633239746094
218.9566192626953	164.66128540039062	13.136421203613281	41.43024444580078
216.0	168.0	16.0	42.0
215.5911407470703	167.9971466064453	15.793108940124512	41.4569091796875
215.14566040039062	169.31149291992188	15.736348152160645	41.30791473388672
215.974609375	168.37062072753906	15.715168952941895	41.2523193359375
215.09744262695312	167.5882568359375	15.18852710723877	39.86988067626953
214.0	167.0	15.0	42.0
214.43771362304688	165.98373413085938	14.785794258117676	41.40022659301758
213.9099578857422	166.363037109375	14.890658378601074	41.69384765625
214.64291381835938	166.28721618652344	14.39533519744873	40.306941986083984
212.0	168.0	17.0	42.0
213.0	168.0	15.0	40.0
213.0	168.0	15.0	39.0
213.0	167.0	14.0	40.0
213.91592407226562	165.52932739257812	13.837312698364258	39.53517532348633
213.2817840576172	162.46658325195312	13.775619506835938	39.358909606933594
212.64749145507812	158.68792724609375	14.112889289855957	40.32253646850586
211.1588134765625	154.09796142578125	14.212882995605469	40.60823440551758
208.0	149.0	15.0	41.0
207.0	145.0	14.0	41.0
204.17800903320312	139.68453979492188	14.0599946975708	41.175697326660156
201.0	135.0	14.0	40.0
198.0667724609375	130.30516052246094	13.983098983764648	39.95171356201172
194.0	120.0	15.0	43.0
188.0	111.0	15.0	45.0
182.0	104.0	15.0	44.0
175.0	96.0	16.0	42.0
170.0	88.0	15.0	43.0
164.0	87.0	15.0	39.0
160.83973693847656	84.64899444580078	14.749377250671387	38.34838104248047
156.0	82.0	15.0	40.0
152.0	80.0	14.0	38.0
148.97067260742188	78.66938018798828	13.807291030883789	37.476932525634766
145.1827392578125	74.92572784423828	14.12767219543457	38.346534729003906
139.0	71.0	15.0	41.0
136.0657501220703	67.84266662597656	14.691322326660156	40.15628433227539
131.9221649169922	66.6499252319336	14.613690376281738	39.94408416748047
129.77603149414062	67.4609146118164	14.476037979125977	39.567832946777344
126.0	70.0	15.0	39.0
124.0	69.0	15.0	41.0
123.0	68.0	15.0	43.0
121.46443176269531	65.94833374023438	15.221209526062012	43.634132385253906
122.0	69.0	14.0	43.0
121.8150405883789	67.17662048339844	14.070451736450195	43.21638107299805
120.06193542480469	66.64053344726562	14.207300186157227	43.63670349121094
121.87418365478516	67.22135162353516	13.894363403320312	42.675537109375
121.0	69.0	14.0	43.0
121.0	71.0	14.0	42.0
121.0	71.0	14.0	42.0
120.0	72.0	15.0	41.0
121.0	71.0	14.0	42.0
122.4668197631836	70.13887023925781	13.764076232910156	41.29222869873047
121.64970397949219	68.60752868652344	14.112451553344727	42.33735275268555
121.0	70.0	15.0	43.0
121.0	70.0	14.0	43.0
121.0	70.0	15.0	43.0
120.96287536621094	68.71630859375	14.881439208984375	42.660125732421875
121.66398620605469	70.29791259765625	14.976896286010742	42.93376922607422
121.25980377197266	71.60282135009766	14.905553817749023	42.72925567626953
120.29052734375	70.45588684082031	14.97740364074707	42.93522262573242
121.40751647949219	71.67208862304688	15.061843872070312	43.17728805541992
120.0	72.0	16.0	43.0
121.0	71.0	14.0	43.0
120.3961181640625	69.7303237915039	14.21150016784668	43.64961242675781
120.51997375488281	68.85929870605469	14.327265739440918	44.00517654418945
120.76082611083984	70.2296142578125	14.46875286102295	44.43973922729492
120.58939361572266	70.47344970703125	14.421829223632812	44.295616149902344
121.0	75.0	14.0	42.0
121.71040344238281	74.32078552246094	13.869680404663086	41.609046936035156
121.49723052978516	73.37384796142578	14.00725269317627	42.02176284790039
122.7723159790039	72.50534057617188	13.69493579864502	41.08481216430664
120.0	73.0	15.0	43.0
120.8509750366211	71.09708404541016	15.01966667175293	43.05638122558594
120.31712341308594	71.56413269042969	15.011579513549805	43.03319549560547
121.54673767089844	70.73930358886719	15.125103950500488	43.35863494873047
122.0970687866211	72.31549072265625	15.191774368286133	43.54975509643555
122.0580825805664	72.92623138427734	15.190347671508789	43.5456657409668
121.26063537597656	72.50486755371094	15.618705749511719	44.773624420166016
121.9260025024414	74.48738098144531	15.496164321899414	44.42233657836914
121.19160461425781	72.537109375	15.440478324890137	44.26270294189453
120.3803939819336	71.4772720336914	15.570693969726562	44.635990142822266
121.26753234863281	71.70033264160156	15.433789253234863	44.2435302734375
121.75975036621094	70.91630554199219	15.521324157714844	44.49446487426758
121.87723541259766	72.3919906616211	15.563043594360352	44.61405563354492
121.951904296875	73.16645812988281	15.358665466308594	44.02817153930664
121.77143859863281	73.6822280883789	15.325329780578613	43.93260955810547
122.0	75.0	15.0	45.0
121.0	75.0	16.0	44.0
121.9948501586914	73.23475646972656	16.00559425354004	44.015384674072266
122.0	73.0	15.0	47.0
122.32905578613281	70.11865234375	14.959383010864258	46.87273025512695
122.23054504394531	69.85331726074219	14.799771308898926	46.37261199951172
123.06239318847656	69.82608032226562	14.761157035827637	46.251625061035156
122.0	72.0	16.0	48.0
122.0	74.0	15.0	47.0
122.0	75.0	16.0	46.0
122.0	76.0	16.0	45.0
122.39996337890625	76.74343872070312	15.90253734588623	44.72588348388672
122.0	76.0	17.0	45.0
122.0	74.0	17.0	48.0
121.27203369140625	71.3006362915039	17.011943817138672	48.033729553222656
123.0	73.0	16.0	48.0
122.5599594116211	73.10548400878906	15.916345596313477	47.7490348815918
122.33467102050781	72.2371826171875	16.128414154052734	48.38523483276367
124.0	76.0	15.0	47.0
123.70829772949219	76.24454498291016	14.999674797058105	46.99897766113281
124.0	78.0	15.0	46.0
125.4673080444336	76.10194396972656	14.948326110839844	45.84153366088867
124.0	76.0	17.0	47.0
124.0	74.0	17.0	49.0
124.0	74.0	17.0	49.0
124.84146881103516	71.780517578125	17.057188034057617	49.16483688354492
125.80183410644531	72.78075408935547	16.974117279052734	48.925392150878906
125.78047180175781	72.94778442382812	17.022140502929688	49.06381607055664
124.0	77.0	18.0	46.0
125.40345764160156	79.05975341796875	17.921903610229492	45.80042266845703
125.1269302368164	76.07498168945312	18.13113021850586	46.33511734008789
125.0	76.0	17.0	48.0
125.59659576416016	75.26481628417969	16.911529541015625	47.75020217895508
125.654541015625	74.96846771240234	17.264007568359375	48.74542999267578
126.0	76.0	17.0	49.0
126.0	75.0	17.0	51.0
126.0	77.0	17.0	50.0
127.0	79.0	15.0	48.0
127.0	80.0	15.0	46.0
127.3169174194336	79.5885238647461	14.917306900024414	45.74640655517578
126.82420349121094	79.25447082519531	14.930084228515625	45.78559112548828
126.0	76.0	16.0	50.0
126.84468078613281	74.20629119873047	15.899518966674805	49.685997009277344
125.0	75.0	19.0	52.0
124.78526306152344	73.82616424560547	19.059749603271484	52.16352462768555
125.16532135009766	75.12429809570312	19.072799682617188	52.199241638183594
126.0	77.0	17.0	51.0
126.9784927368164	77.08247375488281	16.924333572387695	50.77299880981445
127.26116943359375	78.81559753417969	16.939573287963867	50.81871795654297
126.05574035644531	77.19849395751953	17.05099868774414	51.15298843383789
125.94482421875	76.30138397216797	16.881561279296875	50.64468002319336
125.78194427490234	76.05314636230469	16.80718994140625	50.42156219482422
126.08477783203125	76.77415466308594	16.789897918701172	50.36968231201172
126.335693359375	77.384765625	16.577322006225586	49.73195266723633
126.0564956665039	77.73555755615234	16.617374420166016	49.85211181640625
125.67462158203125	80.2297134399414	16.219682693481445	48.65903854370117
125.6026840209961	81.75102233886719	16.298053741455078	48.8941535949707
125.1669692993164	80.33240509033203	16.248638153076172	48.74590301513672
126.29316711425781	79.84819030761719	15.987897872924805	47.963687896728516
125.88459777832031	78.5283432006836	16.092344284057617	48.27702331542969
124.96098327636719	78.17143249511719	16.00334930419922	48.01004409790039
124.92928314208984	79.15855407714844	16.122615814208984	48.36784744262695
125.32891845703125	79.3102798461914	16.17853355407715	48.535606384277344
125.73345947265625	80.20973205566406	16.007108688354492	48.02133560180664
125.75221252441406	83.1793441772461	16.097543716430664	48.29263687133789
126.05435943603516	82.25628662109375	15.915939331054688	47.74782180786133
126.06465148925781	82.77887725830078	15.728105545043945	47.18431854248047
125.27085876464844	81.8618392944336	15.806302070617676	47.418907165527344
96.0	81.0	20.0	52.0
102.57930755615234	79.98936462402344	19.64757537841797	51.08369445800781
99.14747619628906	80.94242095947266	19.56035041809082	50.856910705566406
101.51368713378906	83.65499877929688	19.36264419555664	50.34286880493164
101.22356414794922	83.75788116455078	21.789566040039062	49.36030197143555
102.92393493652344	84.34396362304688	21.487688064575195	48.676448822021484
112.56730651855469	84.68183898925781	21.506240844726562	48.71847915649414
111.96998596191406	83.97171783447266	21.451745986938477	48.595035552978516
109.1173095703125	81.89737701416016	21.350605010986328	48.36591720581055
115.019287109375	82.9259033203125	21.416683197021484	48.51560592651367
117.55143737792969	80.68165588378906	21.644329071044922	49.03129959106445
116.9964599609375	81.501220703125	21.783357620239258	49.34624099731445
117.9554672241211	81.88543701171875	21.84915542602539	49.49530029296875
116.80903625488281	85.03194427490234	21.882408142089844	49.57062911987305
118.76338958740234	85.98811340332031	21.75119972229004	49.273399353027344
119.5867919921875	85.9084701538086	21.912654876708984	49.6391487121582
119.82997131347656	83.52983856201172	22.336212158203125	50.59864044189453
120.8297348022461	84.5167236328125	22.224720001220703	50.3460693359375
121.4919204711914	85.18498229980469	22.228858947753906	50.355445861816406
122.2967758178711	84.34288024902344	22.59729766845703	51.19007873535156
123.57328033447266	85.1180419921875	22.74832534790039	51.532203674316406
124.77567291259766	85.73538208007812	22.721757888793945	51.472023010253906
125.85456848144531	85.91973876953125	22.683963775634766	51.38640594482422
129.40733337402344	87.1116714477539	23.110942840576172	52.3536491394043
129.36029052734375	87.10064697265625	23.024097442626953	52.15692138671875
128.4523468017578	85.20016479492188	23.175708770751953	52.5003662109375
132.2538604736328	84.31737518310547	22.964336395263672	52.02154541015625
125.7846908569336	84.17767333984375	22.733121871948242	51.497772216796875
127.40907287597656	85.00422668457031	22.915597915649414	51.91114044189453
128.67013549804688	82.84266662597656	22.654544830322266	51.31977081298828
128.833251953125	83.35147857666016	22.748735427856445	51.53314208984375
128.91046142578125	84.49275207519531	22.702007293701172	51.427284240722656
131.80633544921875	87.59890747070312	22.82248878479004	51.70021438598633
130.832763671875	89.46951293945312	22.867401123046875	51.80195999145508
133.8242645263672	89.49018096923828	22.605762481689453	51.209266662597656
133.970458984375	88.58219909667969	22.811824798583984	51.676063537597656
134.86428833007812	87.28173828125	22.443403244018555	50.84147262573242
136.23953247070312	86.22142028808594	22.528860092163086	51.03506088256836
136.4108123779297	85.54006958007812	22.577205657958984	51.14458465576172
137.39840698242188	85.29708099365234	22.937744140625	51.96132278442383
141.0	86.0	20.0	56.0
142.0	88.0	19.0	55.0
144.0	90.0	18.0	54.0
145.0	90.0	19.0	55.0
146.5926055908203	85.65486145019531	18.79339599609375	54.401939392089844
147.28915405273438	86.6591567993164	18.819910049438477	54.47868728637695
149.85610961914062	85.15779876708984	18.953105926513672	54.86425018310547
149.86907958984375	86.10650634765625	18.91437339782715	54.75212860107422
153.20291137695312	86.26676940917969	19.145124435424805	55.42009353637695
155.42611694335938	87.9074478149414	19.017099380493164	55.04949188232422
151.0	89.0	24.0	58.0
153.74185180664062	89.5184326171875	24.079971313476562	58.193267822265625
157.0	89.0	21.0	56.0
158.47366333007812	87.94417572021484	20.997661590576172	55.9937629699707
157.7765655517578	86.5135726928711	21.384479522705078	57.0252799987793
160.630615234375	84.84708404541016	21.190860748291016	56.50896072387695
164.0	89.0	20.0	55.0
166.0	90.0	19.0	55.0
168.0	91.0	19.0	55.0
169.9251708984375	90.76283264160156	18.947059631347656	54.84675216674805
171.0	92.0	21.0	55.0
172.0	90.0	22.0	59.0
174.0	91.0	21.0	56.0
176.0303955078125	89.23103332519531	21.20519256591797	56.54718017578125
176.87783813476562	88.59640502929688	21.26751708984375	56.71337890625
180.9740753173828	89.23289489746094	20.855615615844727	55.6149787902832
181.6032257080078	91.42709350585938	21.50618553161621	57.34983444213867
182.0	89.0	23.0	58.0
184.0	95.0	22.0	48.0
186.31317138671875	97.5645523071289	21.756511688232422	47.468753814697266
187.71286010742188	97.79685974121094	21.781869888305664	47.524078369140625
190.40505981445312	98.36521911621094	21.47698974609375	46.858882904052734
192.05319213867188	97.4247817993164	21.432119369506836	46.760986328125
194.65179443359375	95.8332290649414	21.761131286621094	47.47883224487305
197.0	92.0	22.0	54.0
200.0	93.0	21.0	53.0
202.0	93.0	21.0	53.0
204.53855895996094	95.4952163696289	21.105592727661133	53.2664909362793
207.0	98.0	19.0	51.0
208.379150390625	98.92269134521484	19.19407081604004	51.52092742919922
212.0	95.0	19.0	55.0
214.2809600830078	93.56088256835938	19.011491775512695	55.03325653076172
217.6140899658203	94.45799255371094	18.93433380126953	54.809906005859375
219.4984893798828	94.41680908203125	18.795269012451172	54.4073486328125
222.48074340820312	94.60427856445312	19.15127944946289	55.43790817260742
220.0	90.0	23.0	57.0
222.5531768798828	92.27465057373047	23.243410110473633	57.603233337402344
225.408935546875	94.34217834472656	23.583982467651367	58.447265625
226.8107147216797	96.4628677368164	23.57061195373535	58.41413116455078
229.1853485107422	96.57743072509766	23.459331512451172	58.13835525512695
231.2236785888672	91.68260192871094	23.600221633911133	58.487510681152344
236.0	99.0	18.0	49.0
239.0	100.0	17.0	53.0
240.88381958007812	96.69599151611328	16.925945281982422	52.76911544799805
243.3575439453125	96.9660873413086	16.9656925201416	52.893035888671875
244.4794921875	99.87305450439453	16.911479949951172	52.724021911621094
243.0	100.0	20.0	58.0
242.2963409423828	99.34324645996094	19.77834129333496	57.35719680786133
243.14315795898438	100.93460083007812	19.515560150146484	56.595130920410156
243.23233032226562	100.2641830444336	19.392803192138672	56.2391357421875
240.6273956298828	101.10176086425781	19.286378860473633	55.93050003051758
239.3427734375	101.16564178466797	19.12070655822754	55.450042724609375
236.27127075195312	100.20745086669922	19.289199829101562	55.93867111206055
229.6905975341797	97.77766418457031	19.170740127563477	55.59514236450195
224.70553588867188	99.70622253417969	19.231842041015625	55.77234649658203
217.8442840576172	99.80311584472656	19.35483169555664	56.12900924682617
210.50137329101562	103.5942611694336	19.272384643554688	55.88991165161133
205.56979370117188	107.537109375	19.465822219848633	56.45087814331055
198.11203002929688	106.2300033569336	19.477163314819336	56.48377227783203
188.19772338867188	102.38371276855469	19.54684066772461	56.68583297729492
183.0	102.0	22.0	57.0
175.99050903320312	103.3426742553711	22.15126609802246	57.39191818237305
168.87271118164062	101.41082763671875	22.2137393951416	57.55377960205078
162.71546936035156	105.5533676147461	21.94106674194336	56.84730911254883
154.91123962402344	106.64453125	21.967613220214844	56.91608810424805
147.995361328125	108.7451400756836	21.881683349609375	56.693458557128906
143.76181030273438	107.02079010009766	21.84158706665039	56.589569091796875
138.6366424560547	107.0527572631836	21.60835838317871	55.98529815673828
135.4331512451172	105.1810073852539	21.410287857055664	55.47211456298828
131.78549194335938	103.0001449584961	21.598295211791992	55.959228515625
128.42611694335938	101.85050201416016	21.861949920654297	56.642333984375
124.4368896484375	101.97380065917969	22.01141357421875	57.02958297729492
120.4779281616211	104.48958587646484	22.17266845703125	57.44738006591797
115.60377502441406	104.11529541015625	22.306774139404297	57.794830322265625
112.07624816894531	109.60383605957031	22.4879207611084	58.26416778564453
104.0	105.0	25.0	68.0
99.11146545410156	107.60969543457031	24.871749877929688	67.65116119384766
95.0	109.0	23.0	64.0
89.61231994628906	107.67523193359375	22.969135284423828	63.91411209106445
84.77439880371094	109.43326568603516	22.824033737182617	63.510353088378906
78.45378112792969	109.52445220947266	22.96133041381836	63.89240264892578
71.32555389404297	109.23311614990234	22.931575775146484	63.80961227416992
63.98412322998047	111.97457122802734	23.374771118164062	65.04285430908203
57.55217361450195	113.96443176269531	23.679615020751953	65.89111328125
51.27684783935547	116.26993560791016	23.401264190673828	65.1165771484375
44.14003372192383	116.990478515625	23.181659698486328	64.50550842285156
38.961463928222656	117.85621643066406	22.985172271728516	63.95875930786133
33.43189239501953	117.01470947265625	23.049009323120117	64.13639068603516
27.785436630249023	118.07511138916016	23.124691009521484	64.34698486328125
23.858203887939453	116.35379791259766	23.074604034423828	64.20760345458984
22.718101501464844	116.3796615600586	22.89266014099121	63.701324462890625
21.909591674804688	118.00626373291016	22.948379516601562	63.85637283325195
22.643449783325195	122.62672424316406	22.629878997802734	62.9701042175293
22.12474250793457	122.22105407714844	22.90694808959961	63.74108123779297
21.487802505493164	124.85444641113281	23.368425369262695	65.02519226074219
18.57660484313965	124.48575592041016	23.656269073486328	65.8261489868164
18.0	126.0	21.0	66.0
16.0	125.0	23.0	66.0
14.656143188476562	122.99855041503906	23.169801712036133	66.48725891113281
14.894070625305176	123.65032958984375	22.831607818603516	65.51679229736328
15.328554153442383	125.41502380371094	22.826433181762695	65.50193786621094
15.519978523254395	125.76521301269531	22.578800201416016	64.79133605957031
17.026973724365234	126.7115478515625	22.36103630065918	64.16645050048828
18.24329948425293	124.88961029052734	22.80742073059082	65.44738006591797
20.0	119.0	24.0	72.0
22.0	117.0	24.0	67.0
24.111495971679688	113.78434753417969	23.801990509033203	66.44721984863281
26.527795791625977	110.68022155761719	23.60384750366211	65.8940658569336
27.459884643554688	109.70467376708984	23.408214569091797	65.3479232788086
27.60256004333496	105.51753234863281	23.562231063842773	65.77788543701172
30.35159683227539	105.15248107910156	23.540842056274414	65.71817779541016
29.0	106.0	25.0	69.0
32.04621887207031	103.4993667602539	25.456836700439453	70.26087188720703
30.901586532592773	104.5228042602539	25.15804672241211	69.43621063232422
34.0	106.0	25.0	70.0
39.15285110473633	104.80023193359375	25.14400863647461	70.40323638916016
42.0379638671875	103.7649154663086	24.76679801940918	69.3470458984375
42.181297302246094	100.40165710449219	24.96636199951172	69.90582275390625
44.97792434692383	102.60882568359375	25.1594295501709	70.4464111328125
49.699310302734375	102.41139221191406	24.813701629638672	69.4783706665039
51.380348205566406	105.48222351074219	24.45657730102539	68.47842407226562
53.88368606567383	106.09458923339844	23.95686149597168	67.0792236328125
54.365692138671875	106.33638000488281	24.253551483154297	67.90995788574219
57.057518005371094	106.3701171875	23.967458724975586	67.10890197753906
58.7654914855957	102.83290100097656	24.119783401489258	67.53540802001953
61.9107780456543	100.5240249633789	24.07330894470215	67.40528869628906
64.01435852050781	100.41044616699219	24.456201553344727	68.47738647460938
66.118896484375	100.23219299316406	24.776836395263672	69.37516021728516
67.19453430175781	101.80609893798828	24.98495864868164	69.95790100097656
69.93529510498047	101.95636749267578	24.72244644165039	69.22286224365234
70.30750274658203	105.94084167480469	24.565942764282227	68.7846450805664
73.54273223876953	105.30731201171875	24.24160385131836	67.87650299072266
74.0	107.0	21.0	66.0
76.60026550292969	106.04798889160156	20.682689666748047	65.00273895263672
75.0	105.0	23.0	68.0
76.55594635009766	102.52629089355469	22.955759048461914	67.86920928955078
72.08805084228516	101.15104675292969	22.950000762939453	67.85218811035156
67.92991638183594	100.05674743652344	22.822917938232422	67.4764633178711
67.26239776611328	105.33724212646484	22.856489181518555	67.57571411132812
64.50984191894531	106.44905090332031	22.444961547851562	66.35902404785156
61.82415771484375	109.30934143066406	22.59392738342285	66.79944610595703
57.4017219543457	107.9371109008789	22.938283920288086	67.81754302978516
54.0	106.0	24.0	67.0
52.0	104.0	24.0	71.0
48.0	105.0	25.0	69.0
46.29066467285156	103.6744155883789	25.023244857788086	69.06415557861328
44.67646789550781	103.56851959228516	25.017101287841797	69.04720306396484
42.75621795654297	103.8131332397461	25.03982162475586	69.10990905761719
37.0	102.0	29.0	74.0
40.0	106.0	23.0	75.0
36.0	112.0	24.0	64.0
34.62200164794922	110.0461654663086	23.836074829101562	63.56285858154297
34.12200164794922	107.43924713134766	24.11123275756836	64.2966079711914
31.0	103.0	27.0	75.0
28.0	104.0	28.0	72.0
26.45794677734375	104.2151107788086	27.53762435913086	70.81103515625
25.577320098876953	105.58979797363281	27.16316795349121	69.84814453125
22.664037704467773	106.1343765258789	26.93145179748535	69.25230407714844
19.0	109.0	25.0	70.0
16.857208251953125	111.05643463134766	24.81352996826172	69.4778823852539
14.497503280639648	109.6739730834961	24.724868774414062	69.22962951660156
12.0	106.0	25.0	77.0
8.0	105.0	26.0	74.0
9.881135940551758	105.98360443115234	25.583118438720703	72.81349182128906
7.9733405113220215	104.73419189453125	25.604450225830078	72.87419891357422
6.091876029968262	104.28376770019531	25.825164794921875	73.50238800048828
5.635449409484863	105.35359954833984	25.510578155517578	72.60701751708984
5.908625602722168	107.9771728515625	25.370290756225586	72.2077407836914
4.9939470291137695	108.0076904296875	25.175395965576172	71.65304565429688
4.504235744476318	108.75968933105469	24.931884765625	70.95997619628906
4.404895782470703	108.23258209228516	24.758922576904297	70.46769714355469
4.339395046234131	107.44160461425781	24.478900909423828	69.67071533203125
3.5728042125701904	107.9739761352539	23.95905113220215	68.19114685058594
3.366255283355713	104.91937255859375	23.655460357666016	67.32707977294922
2.965139627456665	105.06436920166016	23.7993106842041	67.73650360107422
2.5907845497131348	107.2899169921875	23.950977325439453	68.16817474365234
1.4299514293670654	110.14128112792969	24.2493953704834	69.01752471923828
-0.19702644646167755	112.59043884277344	24.32822608947754	69.24188232421875
0.0	109.0	21.0	76.0
0.7007591128349304	107.37315368652344	20.808349609375	75.30641174316406
0.0	104.0	24.0	79.0
0.0	105.0	25.0	75.0
0.0	104.0	25.0	76.0
0.0	104.0	27.0	76.0
1.0	106.0	27.0	74.0
1.0	105.0	28.0	76.0
3.0	107.0	26.0	78.0
4.0	111.0	25.0	73.0
4.176605224609375	108.13905334472656	25.100955963134766	73.2947998046875
4.333466529846191	105.6346435546875	24.935991287231445	72.81309509277344
6.548901557922363	105.984375	24.93848419189453	72.82038116455078
9.319931030273438	105.9296646118164	24.755521774291992	72.2861328125
8.516095161437988	105.21746826171875	24.581180572509766	71.77705383300781
2.0	107.0	39.0	72.0
3.635925769805908	109.65035247802734	38.503665924072266	71.08367919921875
1.0	110.0	37.0	70.0
10.0	114.0	23.0	68.0
8.333213806152344	112.51197814941406	22.855525970458984	67.57286071777344
2.0	110.0	35.0	71.0
5.0	109.0	25.0	73.0
1.0	104.0	27.0	80.0
0.6523609161376953	100.75406646728516	27.296621322631836	80.8788833618164
0.0	106.0	30.0	74.0
0.0	107.0	28.0	72.0
0.0	107.0	24.0	74.0
0.0	108.0	21.0	74.0
0.0	109.0	19.0	73.0
0.0	108.0	15.0	77.0
0.0	105.0	13.0	80.0
0.0	103.0	13.0	79.0
-1.0347548723220825	102.69831848144531	12.809476852416992	77.84220886230469
2.0	140.0	5.0	8.0
15.662840843200684	131.0606689453125	-4.664523124694824	23.47886085510254
29.249217987060547	109.73675537109375	11.403119087219238	31.40174674987793
26.713531494140625	108.75440216064453	7.354551315307617	31.35357093811035
30.624996185302734	99.35649108886719	10.0	31.533000946044922
34.6251106262207	101.73909759521484	9.61475658416748	31.752201080322266
36.33259963989258	100.26286315917969	11.55726146697998	34.39177322387695
37.7520637512207	100.20849609375	10.024833679199219	32.884769439697266
38.98049545288086	98.1171875	10.886836051940918	34.49451446533203
41.221622467041016	97.7446517944336	10.487287521362305	34.19407653808594
42.93681335449219	95.88561248779297	10.84988784790039	35.30143737792969
44.88845443725586	94.71297454833984	10.513298988342285	35.41183853149414
46.22904586791992	92.66558074951172	10.599170684814453	36.178096771240234
76.0	45.0	16.0	38.0
72.0	43.0	14.0	39.0
66.9530258178711	41.44249725341797	13.66046142578125	38.054141998291016
63.23309326171875	41.65471267700195	14.089831352233887	39.250247955322266
62.60405731201172	41.03025436401367	17.098188400268555	39.71904754638672
54.0	45.0	15.0	38.0
50.63298416137695	41.95783615112305	15.080523490905762	38.2039909362793
46.30244827270508	40.8854866027832	15.2030029296875	38.51427459716797
45.33477020263672	41.025630950927734	19.010570526123047	40.48204803466797
43.4515495300293	41.27702713012695	22.766294479370117	41.69710159301758
41.43460464477539	42.457149505615234	27.446395874023438	43.38056182861328
39.462093353271484	44.13224792480469	31.982162475585938	44.668888092041016
38.23952865600586	45.952945709228516	35.75050354003906	45.46586990356445
12.0	102.0	28.0	75.0
18.483657836914062	99.72029113769531	27.432910919189453	73.48100280761719
21.737995147705078	101.5457763671875	27.242712020874023	72.97154235839844
24.145870208740234	104.00955963134766	27.24613380432129	72.98069763183594
27.899032592773438	104.91104888916016	27.015066146850586	72.36177062988281
29.61484146118164	104.86405944824219	27.094310760498047	72.57402038574219
