243.0	176.0	10.0	9.0
242.8363494873047	175.18093872070312	10.142363548278809	10.0
243.1506805419922	175.0418701171875	10.155346870422363	10.059370040893555
243.0	176.0	9.0	9.0
242.0	176.0	10.0	8.0
243.0	176.0	9.0	8.0
242.17800903320312	175.20640563964844	10.0	10.0
241.55728149414062	175.13121032714844	10.013466835021973	10.013466835021973
239.6722412109375	174.90768432617188	10.139507293701172	10.139507293701172
238.75143432617188	173.54354858398438	10.216257095336914	10.216257095336914
238.36343383789062	171.91473388671875	10.078008651733398	10.078008651733398
237.54940795898438	169.00772094726562	10.092440605163574	10.092440605163574
235.0503692626953	164.55178833007812	10.14659309387207	10.14659309387207
235.4298553466797	161.74307250976562	10.128972053527832	10.128972053527832
237.4481658935547	158.19607543945312	10.163073539733887	10.163073539733887
249.0	187.0	11.0	10.0
246.3349609375	185.1686553955078	11.011866569519043	10.101258277893066
245.0	175.0	11.0	12.0
241.55361938476562	176.89894104003906	10.98403549194336	11.982583999633789
238.2902374267578	176.75146484375	11.013315200805664	12.0145263671875
234.2604522705078	176.48403930664062	10.83245849609375	11.817227363586426
230.35812377929688	176.4090118408203	10.836664199829102	11.821815490722656
227.0937042236328	176.08865356445312	11.016745567321777	12.018269538879395
222.6514129638672	175.92208862304688	10.941781997680664	11.936491966247559
221.96170043945312	175.12973022460938	10.821613311767578	11.805398941040039
226.56594848632812	173.79794311523438	10.732711791992188	11.708415031433105
226.51611328125	173.143798828125	10.804691314697266	11.786938667297363
223.91012573242188	172.46316528320312	10.558988571166992	11.518898963928223
222.4686279296875	171.16250610351562	10.420431137084961	11.367745399475098
221.08438110351562	163.70370483398438	10.322005271911621	11.26037311553955
219.4520263671875	164.2406005859375	10.354386329650879	11.295697212219238
216.54995727539062	169.4475860595703	10.262574195861816	11.195538520812988
214.12020874023438	171.98397827148438	10.26671314239502	11.158905982971191
213.6788787841797	172.28553771972656	10.001459121704102	10.802032470703125
213.97433471679688	173.6884002685547	10.0	10.594833374023438
210.8736114501953	176.70361328125	10.06610107421875	10.573036193847656
201.5989990234375	174.6189727783203	10.166383743286133	10.632100105285645
203.32748413085938	175.63177490234375	10.33357048034668	10.80694580078125
199.3590545654297	175.8070526123047	10.320327758789062	10.793096542358398
200.56463623046875	175.8739013671875	10.253310203552246	10.707086563110352
202.44651794433594	174.58755493164062	10.339838027954102	10.797442436218262
202.8217010498047	173.72433471679688	10.342625617980957	10.80035400390625
200.01809692382812	179.24435424804688	10.260408401489258	10.714497566223145
201.51010131835938	179.40078735351562	10.34382152557373	10.789313316345215
200.69573974609375	176.2775115966797	10.319899559020996	10.764361381530762
199.45790100097656	178.1858367919922	10.37895393371582	10.825959205627441
198.7189178466797	179.6328125	10.588111877441406	11.044124603271484
217.0	184.0	8.0	8.0
215.94387817382812	181.27481079101562	10.0	10.0
213.7181396484375	180.6243133544922	10.055158615112305	10.055158615112305
207.1507568359375	179.59837341308594	10.175528526306152	10.175528526306152
202.04251098632812	179.5875244140625	10.251808166503906	10.251808166503906
195.5645751953125	178.4344024658203	10.209205627441406	10.209205627441406
198.29318237304688	177.30455017089844	10.500313758850098	10.500313758850098
197.48382568359375	176.945068359375	10.966547012329102	10.966547012329102
197.01014709472656	177.5215606689453	11.1723051071167	11.1723051071167
196.69857788085938	178.39100646972656	11.34847640991211	11.34847640991211
195.62474060058594	178.28407287597656	11.347999572753906	11.347999572753906
197.04129028320312	179.35568237304688	11.290399551391602	11.290399551391602
196.22824096679688	180.1224365234375	11.315552711486816	11.315552711486816
193.57791137695312	180.74525451660156	11.246511459350586	11.246511459350586
189.8004608154297	180.87644958496094	11.247129440307617	11.247129440307617
183.98062133789062	183.39639282226562	11.390945434570312	11.390945434570312
188.41439819335938	182.82257080078125	11.379693031311035	11.379693031311035
185.74966430664062	182.75135803222656	11.480140686035156	11.480140686035156
185.215087890625	183.51602172851562	11.446394920349121	11.446394920349121
180.9951171875	183.65371704101562	11.499090194702148	11.499090194702148
177.9183807373047	183.1968994140625	11.493374824523926	11.493374824523926
179.62008666992188	184.1076202392578	11.399580955505371	11.399580955505371
177.7037811279297	182.3953094482422	11.417579650878906	11.417579650878906
177.27587890625	181.76904296875	11.506647109985352	11.506647109985352
176.1923065185547	180.5558319091797	11.54718017578125	11.54718017578125
175.0725860595703	181.35073852539062	11.572209358215332	11.572209358215332
174.1654510498047	179.95277404785156	11.562456130981445	11.562456130981445
171.98422241210938	180.30047607421875	11.638429641723633	11.638429641723633
170.30856323242188	180.8571014404297	11.641807556152344	11.641807556152344
169.15609741210938	181.37741088867188	11.72291088104248	11.72291088104248
167.32606506347656	182.2427215576172	11.763838768005371	11.763838768005371
166.49456787109375	182.29440307617188	11.863815307617188	11.863815307617188
154.0	186.0	9.0	9.0
152.98519897460938	183.856201171875	10.0	10.0
152.691162109375	182.62252807617188	10.069905281066895	10.069905281066895
152.66671752929688	182.42576599121094	10.143600463867188	10.143600463867188
152.8100128173828	183.01327514648438	10.209935188293457	10.209935188293457
153.5206756591797	185.07595825195312	10.239580154418945	10.239580154418945
156.96810913085938	185.59329223632812	10.091960906982422	10.091960906982422
156.24075317382812	183.5556182861328	10.223011016845703	10.223011016845703
153.6579132080078	182.19390869140625	10.174811363220215	10.174811363220215
152.71385192871094	180.97088623046875	10.179813385009766	10.179813385009766
153.09512329101562	179.52012634277344	10.152325630187988	10.152325630187988
152.68936157226562	180.41238403320312	10.139596939086914	10.139596939086914
153.73104858398438	180.78675842285156	10.254751205444336	10.254751205444336
154.1095733642578	181.12203979492188	10.323382377624512	10.323382377624512
153.32101440429688	181.36459350585938	10.456533432006836	10.456533432006836
157.2916717529297	192.28564453125	10.425235748291016	10.425235748291016
158.96328735351562	188.647705078125	10.416569709777832	10.416569709777832
160.54930114746094	186.3087615966797	10.41186237335205	10.41186237335205
161.93618774414062	184.4095001220703	10.509748458862305	10.509748458862305
163.4748077392578	183.98538208007812	10.585171699523926	10.585171699523926
164.75418090820312	183.8692626953125	10.621515274047852	10.621515274047852
167.09686279296875	185.75814819335938	10.653230667114258	10.653230667114258
169.02549743652344	188.81707763671875	10.780099868774414	10.780099868774414
169.4560546875	193.85140991210938	10.686446189880371	10.686446189880371
173.0	201.0	8.0	8.0
173.18951416015625	204.50802612304688	10.0	10.0
176.0	213.0	8.0	9.0
176.0	213.0	8.0	9.0
176.0	208.0	8.0	8.0
175.0	202.0	9.0	9.0
176.0	199.0	8.0	8.0
173.98428344726562	193.80303955078125	10.0	10.0
176.0	192.0	8.0	8.0
176.37472534179688	188.67848205566406	10.0	10.0
177.6398468017578	186.82305908203125	10.122895240783691	10.122895240783691
179.0857696533203	186.08511352539062	10.19353199005127	10.19353199005127
179.89697265625	186.15818786621094	10.147543907165527	10.147543907165527
181.71478271484375	186.94522094726562	10.106026649475098	10.106026649475098
182.2834930419922	188.49465942382812	10.295289993286133	10.295289993286133
186.0	193.0	8.0	8.0
187.0	197.0	8.0	8.0
187.0	202.0	9.0	9.0
189.0	208.0	8.0	9.0
188.08335876464844	212.01358032226562	10.0	10.0
187.8571319580078	206.01919555664062	10.078289031982422	10.078289031982422
188.0	202.0	9.0	8.0
189.0	198.0	7.0	8.0
189.0	194.0	8.0	7.0
188.44723510742188	188.97244262695312	10.0	10.0
190.0	188.0	8.0	8.0
191.0	187.0	8.0	8.0
192.0	187.0	8.0	8.0
192.0	187.0	8.0	8.0
192.0	188.0	9.0	8.0
192.0	191.0	9.0	9.0
192.0	194.0	9.0	10.0
193.0	200.0	8.0	8.0
193.0	206.0	7.0	8.0
192.0	211.0	8.0	9.0
190.1806182861328	206.3475799560547	10.0	10.0
191.0	203.0	8.0	8.0
188.6015625	197.43861389160156	10.0	10.0
187.9698944091797	193.49801635742188	10.078585624694824	10.078585624694824
187.47792053222656	189.8397674560547	10.259920120239258	10.259920120239258
187.79673767089844	188.01669311523438	10.366373062133789	10.366373062133789
188.20730590820312	185.98599243164062	10.231362342834473	10.231362342834473
188.66160583496094	185.30389404296875	10.30736255645752	10.30736255645752
188.9315643310547	185.266357421875	10.293157577514648	10.293157577514648
188.92831420898438	187.23263549804688	10.241042137145996	10.241042137145996
189.32510375976562	189.32516479492188	10.33677864074707	10.33677864074707
188.27566528320312	193.55523681640625	10.329294204711914	10.329294204711914
187.6380157470703	198.4784698486328	10.376627922058105	10.376627922058105
187.76792907714844	203.7698974609375	10.314233779907227	10.314233779907227
187.0	212.0	8.0	8.0
185.69143676757812	208.3698272705078	10.0	10.0
183.82363891601562	203.89224243164062	10.056452751159668	10.056452751159668
184.09161376953125	201.36785888671875	10.0	10.0
181.947509765625	195.74029541015625	10.072343826293945	10.072343826293945
179.5963592529297	192.58657836914062	10.075345993041992	10.075345993041992
178.847900390625	191.16650390625	10.193078994750977	10.193078994750977
178.60169982910156	189.93406677246094	10.221583366394043	10.221583366394043
179.37950134277344	189.71820068359375	10.128408432006836	10.128408432006836
180.63595581054688	190.4812469482422	10.097408294677734	10.097408294677734
181.0619354248047	192.8887939453125	10.177312850952148	10.177312850952148
182.6781768798828	197.4351806640625	10.130427360534668	10.130427360534668
184.1335906982422	203.28114318847656	10.367575645446777	10.367575645446777
185.53758239746094	209.2261962890625	10.400952339172363	10.400952339172363
186.46949768066406	213.12728881835938	10.26662826538086	10.26662826538086
187.18258666992188	207.3708038330078	10.458832740783691	10.458832740783691
186.03408813476562	202.8174285888672	10.516145706176758	10.516145706176758
185.54824829101562	198.896728515625	10.550545692443848	10.550545692443848
186.50082397460938	194.705810546875	10.583860397338867	10.583860397338867
187.7393035888672	192.8789825439453	10.645051956176758	10.645051956176758
188.03634643554688	190.4019012451172	10.482531547546387	10.482531547546387
189.21218872070312	189.64752197265625	10.470926284790039	10.470926284790039
190.3611297607422	190.41311645507812	10.320277214050293	10.320277214050293
191.55026245117188	190.8859100341797	10.316991806030273	10.316991806030273
192.24295043945312	194.31765747070312	10.185205459594727	10.185205459594727
193.6221466064453	196.89791870117188	10.285479545593262	10.285479545593262
195.0117645263672	200.79966735839844	10.15261173248291	10.15261173248291
196.0	207.0	9.0	9.0
195.71157836914062	211.2501983642578	10.0	10.0
194.39967346191406	212.83193969726562	10.008974075317383	10.008974075317383
193.8949737548828	208.6680450439453	10.02112102508545	10.02112102508545
193.7358856201172	203.9928741455078	10.0	10.0
192.6466522216797	200.18008422851562	10.100164413452148	10.100164413452148
192.24562072753906	198.4093017578125	10.135235786437988	10.135235786437988
192.92367553710938	196.6254425048828	10.090181350708008	10.090181350708008
193.01480102539062	195.52647399902344	10.092950820922852	10.092950820922852
192.47247314453125	194.8471221923828	10.129460334777832	10.129460334777832
191.87399291992188	194.3855438232422	10.042509078979492	10.042509078979492
191.02365112304688	193.87310791015625	10.005223274230957	10.005223274230957
189.33084106445312	194.2855682373047	10.039602279663086	10.039602279663086
187.8318328857422	193.90847778320312	10.02794075012207	10.02794075012207
187.81591796875	193.2605438232422	10.07408618927002	10.07408618927002
189.1050567626953	191.64173889160156	10.118940353393555	10.118940353393555
190.21339416503906	189.74411010742188	10.105745315551758	10.105745315551758
191.03366088867188	188.44338989257812	10.085241317749023	10.085241317749023
194.0	188.0	7.0	6.0
195.0	186.0	8.0	7.0
197.97381591796875	181.96424865722656	10.0	10.0
200.51390075683594	182.0092010498047	10.122334480285645	10.122334480285645
203.3424530029297	184.0332489013672	10.143217086791992	10.143217086791992
206.81344604492188	186.94354248046875	10.188103675842285	10.188103675842285
209.7587890625	189.19615173339844	10.332529067993164	10.332529067993164
212.4243621826172	192.79214477539062	10.369017601013184	10.369017601013184
214.3460693359375	195.92709350585938	10.277148246765137	10.277148246765137
289.0	126.0	7.0	8.0
287.4667053222656	124.4071044921875	10.0	10.0
288.7108459472656	126.13224792480469	10.041189193725586	10.041189193725586
287.6056823730469	130.32574462890625	10.29481315612793	10.29481315612793
230.0	196.0	9.0	10.0
232.0	193.0	8.0	8.0
234.0	191.0	7.0	7.0
235.0	187.0	8.0	8.0
236.0	185.0	8.0	7.0
237.12661743164062	180.5690460205078	10.0	10.0
238.4627685546875	178.45944213867188	10.114376068115234	10.114376068115234
240.20361328125	177.42462158203125	10.328879356384277	10.328879356384277
241.3971710205078	176.9913330078125	10.346048355102539	10.346048355102539
242.8809814453125	177.06253051757812	10.250100135803223	10.250100135803223
244.805419921875	177.4252166748047	10.106404304504395	10.106404304504395
245.9104461669922	177.9781494140625	10.032368659973145	10.032368659973145
247.07522583007812	179.3885040283203	10.128316879272461	10.128316879272461
247.9900360107422	180.5806121826172	10.184383392333984	10.184383392333984
247.9386444091797	181.4063720703125	10.306262016296387	10.306262016296387
248.26174926757812	181.818603515625	10.216961860656738	10.216961860656738
249.0412139892578	182.0049285888672	10.150697708129883	10.150697708129883
249.891357421875	181.60812377929688	10.145097732543945	10.145097732543945
249.8139190673828	180.83958435058594	10.114651679992676	10.114651679992676
250.0483856201172	179.60989379882812	10.059767723083496	10.059767723083496
250.77908325195312	177.9955596923828	10.07763957977295	10.07763957977295
250.9336700439453	175.24427795410156	10.188775062561035	10.188775062561035
251.01278686523438	173.04208374023438	10.03053092956543	10.03053092956543
252.04238891601562	171.24154663085938	10.133591651916504	10.133591651916504
251.7548828125	169.3009796142578	10.156340599060059	10.156340599060059
252.4477081298828	168.40245056152344	10.21135425567627	10.21135425567627
253.6987762451172	167.26223754882812	10.199800491333008	10.199800491333008
254.41671752929688	166.8585205078125	10.150607109069824	10.150607109069824
255.20858764648438	167.3218536376953	10.108114242553711	10.108114242553711
255.23098754882812	167.83926391601562	10.186378479003906	10.186378479003906
254.42727661132812	168.8481903076172	10.186731338500977	10.186731338500977
256.2991638183594	171.4350128173828	10.097843170166016	10.097843170166016
257.345458984375	172.578369140625	10.049833297729492	10.049833297729492
256.7217712402344	174.2030029296875	10.152235984802246	10.152235984802246
257.0	177.0	9.0	8.0
256.74224853515625	178.0680389404297	10.0	10.0
255.602783203125	179.2027587890625	10.047186851501465	10.047186851501465
255.0579071044922	180.02041625976562	10.090192794799805	10.090192794799805
254.5557098388672	180.3848419189453	10.13635540008545	10.13635540008545
254.31039428710938	179.79507446289062	10.042852401733398	10.042852401733398
253.6731414794922	179.173828125	10.113093376159668	10.113093376159668
252.74954223632812	178.18495178222656	10.20050048828125	10.20050048828125
252.6301727294922	177.0023956298828	10.221705436706543	10.221705436706543
250.7876739501953	175.28182983398438	10.275590896606445	10.275590896606445
250.95166015625	174.11795043945312	10.193634033203125	10.193634033203125
250.72055053710938	173.64804077148438	10.227458953857422	10.227458953857422
249.00625610351562	170.85592651367188	10.19837474822998	10.19837474822998
249.21084594726562	168.62371826171875	10.170740127563477	10.170740127563477
250.4138946533203	167.49679565429688	10.119516372680664	10.119516372680664
252.5731964111328	164.52694702148438	10.228055000305176	10.228055000305176
252.05422973632812	160.86642456054688	10.330753326416016	10.330753326416016
254.8935089111328	155.645263671875	10.254110336303711	10.254110336303711
256.6189270019531	150.68760681152344	10.194727897644043	10.194727897644043
265.0	146.0	7.0	7.0
263.54083251953125	148.6960906982422	5.469579696655273	6.267502784729004
274.0	133.0	7.0	8.0
274.6904602050781	128.7735595703125	10.0	10.0
279.3616943359375	124.88157653808594	10.12984848022461	10.12984848022461
283.329833984375	120.0841293334961	10.087357521057129	10.087357521057129
288.6314392089844	116.5439224243164	10.046732902526855	10.046732902526855
291.9164733886719	114.49388122558594	10.078327178955078	10.078327178955078
296.126220703125	111.63780212402344	10.143783569335938	10.143783569335938
301.1385192871094	109.99909973144531	10.220846176147461	10.220846176147461
305.73748779296875	108.3794937133789	10.145429611206055	10.145429611206055
309.66766357421875	107.99870300292969	10.36693000793457	10.36693000793457
314.329833984375	107.26652526855469	10.495251655578613	10.495251655578613
321.0	108.0	7.0	6.0
319.3544006347656	108.7694320678711	8.320327758789062	7.684277534484863
328.0	159.0	5.0	6.0
332.8665466308594	152.638427734375	5.49687385559082	2.4294521808624268
335.7032470703125	157.41738891601562	3.7015304565429688	1.8397533893585205
339.0832824707031	159.7815399169922	3.940898895263672	2.1018688678741455
340.9756164550781	161.96633911132812	3.8458404541015625	2.3873798847198486
343.5594787597656	164.34817504882812	4.285676956176758	3.1316463947296143
346.34783935546875	166.53469848632812	4.898797988891602	3.9323360919952393
294.0	141.0	4.0	4.0
307.9599914550781	156.43057250976562	3.7783279418945312	5.755887031555176
307.9094543457031	153.80221557617188	3.0492820739746094	3.196355104446411
309.66278076171875	158.88351440429688	2.1895275115966797	2.5609142780303955
311.4018249511719	161.6171875	2.734945297241211	2.078435182571411
312.151611328125	164.45559692382812	3.2312450408935547	1.8251965045928955
313.4615173339844	167.32069396972656	4.181196212768555	2.033841371536255
315.091552734375	169.94622802734375	5.295217514038086	2.46331524848938
317.1431579589844	172.49591064453125	6.411916732788086	3.08666729927063
319.5961608886719	174.9148712158203	7.471086502075195	3.85595440864563
241.0	209.0	7.0	8.0
244.9203643798828	210.4801788330078	10.0	10.0
245.8450164794922	210.7346954345703	10.05480670928955	10.05480670928955
245.43844604492188	210.6619110107422	10.090639114379883	10.090639114379883
245.48464965820312	209.63314819335938	10.132448196411133	10.132448196411133
245.8268585205078	210.2904052734375	10.11352825164795	10.11352825164795
424.0	176.0	7.0	7.0
426.0	169.0	7.0	8.0
428.0	162.0	9.0	9.0
429.2044372558594	157.05606079101562	10.0	10.0
433.0	154.0	8.0	8.0
436.0	150.0	8.0	8.0
439.0	147.0	7.0	7.0
440.0	143.0	9.0	8.0
441.7953186035156	139.003173828125	10.0	10.0
445.0	139.0	9.0	7.0
447.615234375	135.2970428466797	10.0	10.0
451.0	137.0	8.0	7.0
452.44805908203125	133.88357543945312	10.0	10.0
455.06390380859375	133.75515747070312	10.040765762329102	10.040765762329102
457.78131103515625	134.05905151367188	10.028718948364258	10.028718948364258
459.7142028808594	135.10140991210938	10.21276569366455	10.21276569366455
462.5740661621094	136.41128540039062	10.214193344116211	10.214193344116211
465.3736267089844	138.237548828125	10.419322967529297	10.419322967529297
468.008544921875	140.20419311523438	10.515823364257812	10.515823364257812
472.0	145.0	8.0	8.0
472.60400390625	147.03005981445312	10.0	10.0
476.0	153.0	9.0	9.0
477.523193359375	155.83775329589844	10.0	10.0
482.0	163.0	8.0	8.0
484.0	167.0	9.0	9.0
485.64776611328125	171.66737365722656	10.0	10.0
488.2913513183594	176.95663452148438	10.172719955444336	10.172719955444336
491.0	186.0	10.0	10.0
495.0	195.0	8.0	8.0
497.0	201.0	9.0	10.0
500.0	208.0	10.0	12.0
501.1414489746094	208.43115234375	10.075815200805664	12.020659446716309
505.0	203.0	7.0	10.0
498.8152770996094	205.6085968017578	10.0	10.026830673217773
499.32476806640625	206.1558380126953	10.06635570526123	10.082632064819336
457.0	201.0	14.0	11.0
468.6850280761719	204.15570068359375	15.468156814575195	16.913286209106445
478.78570556640625	210.2958984375	15.52482795715332	16.975252151489258
465.74395751953125	204.2682647705078	15.375081062316895	16.811513900756836
472.1242370605469	208.39028930664062	19.105085372924805	21.74022102355957
472.0088806152344	208.02777099609375	19.241308212280273	23.483442306518555
473.58270263671875	209.19854736328125	20.530052185058594	24.777992248535156
470.45257568359375	209.56668090820312	20.360239028930664	24.573041915893555
467.77935791015625	209.368408203125	20.521888732910156	24.768138885498047
452.5188903808594	207.89151000976562	20.625900268554688	24.89366912841797
440.7539978027344	204.72299194335938	20.661296844482422	24.936389923095703
441.1551208496094	217.90097045898438	20.856985092163086	25.17256736755371
422.8003845214844	227.85226440429688	20.963268280029297	25.300844192504883
413.0965270996094	216.68545532226562	21.01535415649414	25.363704681396484
404.15484619140625	217.45736694335938	21.381404876708984	25.805500030517578
405.0837707519531	217.6100311279297	21.478015899658203	25.922100067138672
421.263916015625	215.9017333984375	21.490863800048828	25.937606811523438
406.1767883300781	213.6150665283203	21.801841735839844	26.312931060791016
396.9129333496094	214.7842254638672	21.478261947631836	25.922399520874023
400.3905334472656	211.13449096679688	21.18511962890625	25.568603515625
401.8910827636719	213.5018768310547	18.423809051513672	26.575780868530273
401.0006103515625	214.72332763671875	16.603687286376953	27.26881217956543
399.0500793457031	216.63511657714844	15.180501937866211	27.723337173461914
395.2943420410156	218.00543212890625	14.159345626831055	28.12883186340332
389.95172119140625	219.73873901367188	13.420820236206055	28.436803817749023
382.919189453125	221.438720703125	12.904169082641602	28.69979476928711
375.4542236328125	223.1575164794922	12.83852767944336	28.96880340576172
369.4733581542969	224.35671997070312	13.487112045288086	29.352128982543945
365.8768005371094	224.86668395996094	14.70718765258789	29.853574752807617
364.0032958984375	225.0846710205078	16.04207420349121	30.374338150024414
363.1502990722656	225.43321228027344	17.19822883605957	30.79997444152832
362.7516784667969	225.85800170898438	18.1409854888916	31.077043533325195
362.5740661621094	226.31385803222656	18.8939151763916	31.213499069213867
362.5229187011719	226.78274536132812	19.488134384155273	31.23524284362793
362.5480651855469	227.23831176757812	19.958728790283203	31.171098709106445
362.6141662597656	227.6577606201172	20.33490562438965	31.049997329711914
362.7128601074219	228.05572509765625	20.634403228759766	30.892162322998047
362.8308410644531	228.44033813476562	20.87495231628418	30.71009635925293
362.9619445800781	228.81689453125	21.071048736572266	30.51148796081543
363.10211181640625	229.187744140625	21.234529495239258	30.301210403442383
363.2485656738281	229.55482482910156	21.374338150024414	30.08245849609375
363.3994445800781	229.91998291015625	21.497224807739258	29.857316970825195
363.5532531738281	230.2845458984375	21.60820198059082	29.627229690551758
363.7087707519531	230.64923095703125	21.710912704467773	29.39332389831543
363.86492919921875	231.01414489746094	21.807907104492188	29.156673431396484
364.0206604003906	231.37850952148438	21.900846481323242	28.918581008911133
364.1748352050781	231.74070739746094	21.990644454956055	28.680620193481445
364.3262023925781	232.09811401367188	22.077558517456055	28.444894790649414
364.47314453125	232.447021484375	22.161333084106445	28.213953018188477
364.6141052246094	232.7830352783203	22.241296768188477	27.99078369140625
364.747314453125	233.10125732421875	22.316560745239258	27.778593063354492
364.8711853027344	233.39695739746094	22.386140823364258	27.580514907836914
364.9843444824219	233.66600036621094	22.449174880981445	27.399255752563477
365.0858154296875	233.90545654296875	22.505020141601562	27.23682975769043
365.1750793457031	234.1138916015625	22.553407669067383	27.09430503845215
365.2521667480469	234.29147338867188	22.59441566467285	26.971736907958984
365.3175354003906	234.43968200683594	22.628427505493164	26.86836814880371
365.3719787597656	234.56112670898438	22.656091690063477	26.782716751098633
365.4165954589844	234.6589813232422	22.67818832397461	26.712875366210938
365.45263671875	234.7367401123047	22.695558547973633	26.65672492980957
365.4813537597656	234.7977294921875	22.709035873413086	26.61213493347168
365.5039978027344	234.84510803222656	22.719358444213867	26.577102661132812
365.5216369628906	234.88156127929688	22.727190017700195	26.549842834472656
365.5353088378906	234.90943908691406	22.73307991027832	26.528764724731445
376.95220947265625	215.39895629882812	22.547836303710938	26.312591552734375
377.8753356933594	222.20843505859375	19.72251319885254	27.589372634887695
369.65264892578125	222.63401794433594	18.63915252685547	28.864673614501953
383.2884216308594	210.3861846923828	19.050607681274414	29.501855850219727
380.34356689453125	210.85409545898438	19.271404266357422	29.84378433227539
385.8041076660156	206.59829711914062	19.327777862548828	29.93108558654785
387.7223205566406	210.92750549316406	17.039255142211914	30.29117774963379
385.7877502441406	213.61483764648438	15.715742111206055	30.66109848022461
381.5785827636719	217.021484375	14.37363052368164	30.730144500732422
375.42132568359375	219.9744873046875	13.669981002807617	30.74186134338379
379.4414978027344	200.28262329101562	13.861030578613281	31.171504974365234
368.2989807128906	190.6121826171875	13.804254531860352	31.043827056884766
375.2064514160156	195.36920166015625	11.306943893432617	32.44794464111328
372.9366760253906	191.50833129882812	13.452554702758789	32.60612106323242
376.89996337890625	193.64073181152344	9.942041397094727	33.08291244506836
377.8524475097656	191.9202880859375	9.927877426147461	33.544307708740234
380.8792724609375	192.3369140625	7.256366729736328	34.06711959838867
382.8755187988281	191.11505126953125	5.891681671142578	34.73095703125
384.9463195800781	190.2144012451172	3.9926681518554688	35.466705322265625
386.5154724121094	188.7663116455078	2.479654312133789	36.3206787109375
387.8569030761719	187.16781616210938	1.0470905303955078	37.23894500732422
389.43743896484375	185.30136108398438	-0.2204132080078125	38.24966049194336
391.510498046875	183.16465759277344	-1.4034290313720703	39.29185485839844
393.6253662109375	180.89370727539062	-2.684600830078125	40.250885009765625
395.77154541015625	178.59133911132812	-4.133440017700195	41.17398452758789
397.9956359863281	176.26083374023438	-5.751251220703125	42.07157897949219
400.33489990234375	174.00701904296875	-7.527093887329102	42.89707946777344
402.8171691894531	172.00872802734375	-9.43301773071289	43.57195281982422
405.5082702636719	170.47613525390625	-11.481039047241211	44.0504264831543
408.5057373046875	169.56373596191406	-13.72636604309082	44.35003662109375
411.9269714355469	169.34097290039062	-16.240217208862305	44.51726531982422
415.9123840332031	169.82363891601562	-19.062421798706055	44.55824661254883
420.5787658691406	171.01791381835938	-22.189451217651367	44.38945007324219
425.830322265625	172.81834411621094	-25.534833908081055	43.90882110595703
433.2111511230469	173.54640197753906	-31.495038986206055	41.28847122192383
449.5299987792969	165.6639404296875	-43.971351623535156	27.913908004760742
451.8132019042969	159.83950805664062	-49.14160919189453	20.355424880981445
455.2188720703125	156.16529846191406	-49.51652526855469	18.45473289489746
461.56494140625	153.84182739257812	-47.50440979003906	17.57060432434082
466.7803649902344	154.0094451904297	-45.10559844970703	16.818105697631836
469.4247131347656	155.24591064453125	-43.29322052001953	15.560845375061035
470.574951171875	156.14569091796875	-42.31663513183594	15.298314094543457
471.3151550292969	156.92019653320312	-41.671539306640625	15.395092964172363
471.91375732421875	157.56898498535156	-41.19291687011719	15.583283424377441
472.2728576660156	158.1310577392578	-40.86029052734375	15.752312660217285
472.2674865722656	158.61483764648438	-40.70172882080078	15.859604835510254
472.0640563964844	158.98159790039062	-40.66789245605469	15.934144020080566
471.8226623535156	159.20875549316406	-40.70873260498047	15.986149787902832
471.6121520996094	159.323974609375	-40.78239440917969	16.018037796020508
471.4513244628906	159.36109924316406	-40.861785888671875	16.034059524536133
471.3454284667969	159.3502655029297	-40.929954528808594	16.040067672729492
471.2914733886719	159.3158721923828	-40.97858428955078	16.040468215942383
471.2771301269531	159.27609252929688	-41.00665283203125	16.038015365600586
471.28741455078125	159.24169921875	-41.01776123046875	16.034563064575195
471.30908203125	159.21725463867188	-41.01738739013672	16.03132438659668
471.3326721191406	159.203125	-41.010841369628906	16.02888298034668
471.3525085449219	159.19747924804688	-41.00226593017578	16.027372360229492
471.3664855957031	159.19760131835938	-40.994293212890625	16.02669334411621
471.37445068359375	159.20082092285156	-40.98821258544922	16.026613235473633
471.3775939941406	159.20510864257812	-40.98435974121094	16.026891708374023
471.37750244140625	159.2091522216797	-40.98247528076172	16.02729606628418
471.37567138671875	159.21224975585938	-40.98204040527344	16.02769660949707
471.373291015625	159.21424865722656	-40.982460021972656	16.028024673461914
471.37103271484375	159.21524047851562	-40.98326873779297	16.028230667114258
471.3692932128906	159.2154998779297	-40.98412322998047	16.028348922729492
471.3681945800781	159.21530151367188	-40.98484802246094	16.02839469909668
471.36767578125	159.21490478515625	-40.9853515625	16.028383255004883
471.3675842285156	159.21446228027344	-40.985633850097656	16.028348922729492
471.36767578125	159.214111328125	-40.98573303222656	16.028295516967773
471.3679504394531	159.2138671875	-40.98572540283203	16.02826499938965
471.3681335449219	159.21371459960938	-40.98564910888672	16.028249740600586
471.36834716796875	159.2136688232422	-40.985565185546875	16.028226852416992
471.3684997558594	159.2136688232422	-40.98548889160156	16.028223037719727
471.3685607910156	159.2136993408203	-40.98542785644531	16.02821922302246
471.36859130859375	159.2137451171875	-40.985389709472656	16.028223037719727
471.3685607910156	159.21377563476562	-40.985374450683594	16.028223037719727
471.3685607910156	159.21380615234375	-40.985374450683594	16.028226852416992
471.3685607910156	159.2138214111328	-40.985374450683594	16.02823829650879
471.3685302734375	159.21383666992188	-40.985382080078125	16.028234481811523
471.3684997558594	159.21383666992188	-40.985389709472656	16.028230667114258
471.3684997558594	159.21383666992188	-40.98539733886719	16.028234481811523
471.3684997558594	159.21383666992188	-40.98540496826172	16.028234481811523
471.3684997558594	159.21383666992188	-40.98540496826172	16.028234481811523
471.3684997558594	159.21383666992188	-40.98540496826172	16.02823829650879
471.3684997558594	159.21383666992188	-40.98540496826172	16.02823829650879
471.3684997558594	159.21383666992188	-40.98540496826172	16.02823829650879
471.3684997558594	159.21383666992188	-40.98540496826172	16.02823829650879
471.3684997558594	159.21383666992188	-40.98540496826172	16.02823829650879
471.3684997558594	159.21383666992188	-40.98540496826172	16.02823829650879
471.3684997558594	159.21383666992188	-40.98540496826172	16.02823829650879
471.3684997558594	159.21383666992188	-40.98540496826172	16.02823829650879
471.3684997558594	159.21383666992188	-40.98540496826172	16.02823829650879
471.3684997558594	159.21383666992188	-40.98540496826172	16.02823829650879
471.3684997558594	159.21383666992188	-40.98540496826172	16.02823829650879
471.3684997558594	159.21383666992188	-40.98540496826172	16.02823829650879
471.3684997558594	159.21383666992188	-40.98540496826172	16.02823829650879
471.3684997558594	159.21383666992188	-40.98540496826172	16.02823829650879
471.3684997558594	159.21383666992188	-40.98540496826172	16.02823829650879
471.3684997558594	159.21383666992188	-40.98540496826172	16.02823829650879
471.3684997558594	159.21383666992188	-40.98540496826172	16.02823829650879
471.3684997558594	159.21383666992188	-40.98540496826172	16.02823829650879
471.3684997558594	159.21383666992188	-40.98540496826172	16.02823829650879
471.3684997558594	159.21383666992188	-40.98540496826172	16.02823829650879
471.3684997558594	159.21383666992188	-40.98540496826172	16.02823829650879
471.3684997558594	159.21383666992188	-40.98540496826172	16.02823829650879
471.3684997558594	159.21383666992188	-40.98540496826172	16.02823829650879
471.3684997558594	159.21383666992188	-40.98540496826172	16.02823829650879
471.3684997558594	159.21383666992188	-40.98540496826172	16.02823829650879
471.3684997558594	159.21383666992188	-40.98540496826172	16.02823829650879
471.3684997558594	159.21383666992188	-40.98540496826172	16.02823829650879
471.3684997558594	159.21383666992188	-40.98540496826172	16.02823829650879
471.3684997558594	159.21383666992188	-40.98540496826172	16.02823829650879
471.3684997558594	159.21383666992188	-40.98540496826172	16.02823829650879
471.3684997558594	159.21383666992188	-40.98540496826172	16.02823829650879
471.3684997558594	159.21383666992188	-40.98540496826172	16.02823829650879
471.3684997558594	159.21383666992188	-40.98540496826172	16.02823829650879
471.3684997558594	159.21383666992188	-40.98540496826172	16.02823829650879
471.3684997558594	159.21383666992188	-40.98540496826172	16.02823829650879
471.3684997558594	159.21383666992188	-40.98540496826172	16.02823829650879
471.3684997558594	159.21383666992188	-40.98540496826172	16.02823829650879
471.3684997558594	159.21383666992188	-40.98540496826172	16.02823829650879
471.3684997558594	159.21383666992188	-40.98540496826172	16.02823829650879
471.3684997558594	159.21383666992188	-40.98540496826172	16.02823829650879
471.3684997558594	159.21383666992188	-40.98540496826172	16.02823829650879
471.3684997558594	159.21383666992188	-40.98540496826172	16.02823829650879
471.3684997558594	159.21383666992188	-40.98540496826172	16.02823829650879
471.3684997558594	159.21383666992188	-40.98540496826172	16.02823829650879
471.3684997558594	159.21383666992188	-40.98540496826172	16.02823829650879
471.3684997558594	159.21383666992188	-40.98540496826172	16.02823829650879
471.3684997558594	159.21383666992188	-40.98540496826172	16.02823829650879
471.3684997558594	159.21383666992188	-40.98540496826172	16.02823829650879
471.3684997558594	159.21383666992188	-40.98540496826172	16.02823829650879
471.3684997558594	159.21383666992188	-40.98540496826172	16.02823829650879
471.3684997558594	159.21383666992188	-40.98540496826172	16.02823829650879
471.3684997558594	159.21383666992188	-40.98540496826172	16.02823829650879
471.3684997558594	159.21383666992188	-40.98540496826172	16.02823829650879
471.3684997558594	159.21383666992188	-40.98540496826172	16.02823829650879
471.3684997558594	159.21383666992188	-40.98540496826172	16.02823829650879
471.3684997558594	159.21383666992188	-40.98540496826172	16.02823829650879
471.3684997558594	159.21383666992188	-40.98540496826172	16.02823829650879
471.3684997558594	159.21383666992188	-40.98540496826172	16.02823829650879
471.3684997558594	159.21383666992188	-40.98540496826172	16.02823829650879
471.3684997558594	159.21383666992188	-40.98540496826172	16.02823829650879
471.3684997558594	159.21383666992188	-40.98540496826172	16.02823829650879
471.3684997558594	159.21383666992188	-40.98540496826172	16.02823829650879
471.3684997558594	159.21383666992188	-40.98540496826172	16.02823829650879
471.3684997558594	159.21383666992188	-40.98540496826172	16.02823829650879
471.3684997558594	159.21383666992188	-40.98540496826172	16.02823829650879
471.3684997558594	159.21383666992188	-40.98540496826172	16.02823829650879
471.3684997558594	159.21383666992188	-40.98540496826172	16.02823829650879
471.3684997558594	159.21383666992188	-40.98540496826172	16.02823829650879
471.3684997558594	159.21383666992188	-40.98540496826172	16.02823829650879
471.3684997558594	159.21383666992188	-40.98540496826172	16.02823829650879
471.3684997558594	159.21383666992188	-40.98540496826172	16.02823829650879
471.3684997558594	159.21383666992188	-40.98540496826172	16.02823829650879
471.3684997558594	159.21383666992188	-40.98540496826172	16.02823829650879
471.3684997558594	159.21383666992188	-40.98540496826172	16.02823829650879
471.3684997558594	159.21383666992188	-40.98540496826172	16.02823829650879
471.3684997558594	159.21383666992188	-40.98540496826172	16.02823829650879
471.3684997558594	159.21383666992188	-40.98540496826172	16.02823829650879
471.3684997558594	159.21383666992188	-40.98540496826172	16.02823829650879
471.3684997558594	159.21383666992188	-40.98540496826172	16.02823829650879
471.3684997558594	159.21383666992188	-40.98540496826172	16.02823829650879
471.3684997558594	159.21383666992188	-40.98540496826172	16.02823829650879
471.3684997558594	159.21383666992188	-40.98540496826172	16.02823829650879
471.3684997558594	159.21383666992188	-40.98540496826172	16.02823829650879
471.3684997558594	159.21383666992188	-40.98540496826172	16.02823829650879
471.3684997558594	159.21383666992188	-40.98540496826172	16.02823829650879
471.3684997558594	159.21383666992188	-40.98540496826172	16.02823829650879
471.3684997558594	159.21383666992188	-40.98540496826172	16.02823829650879
471.3684997558594	159.21383666992188	-40.98540496826172	16.02823829650879
471.3684997558594	159.21383666992188	-40.98540496826172	16.02823829650879
471.3684997558594	159.21383666992188	-40.98540496826172	16.02823829650879
471.3684997558594	159.21383666992188	-40.98540496826172	16.02823829650879
471.3684997558594	159.21383666992188	-40.98540496826172	16.02823829650879
471.3684997558594	159.21383666992188	-40.98540496826172	16.02823829650879
471.3684997558594	159.21383666992188	-40.98540496826172	16.02823829650879
471.3684997558594	159.21383666992188	-40.98540496826172	16.02823829650879
471.3684997558594	159.21383666992188	-40.98540496826172	16.02823829650879
471.3684997558594	159.21383666992188	-40.98540496826172	16.02823829650879
471.3684997558594	159.21383666992188	-40.98540496826172	16.02823829650879
471.3684997558594	159.21383666992188	-40.98540496826172	16.02823829650879
471.3684997558594	159.21383666992188	-40.98540496826172	16.02823829650879
471.3684997558594	159.21383666992188	-40.98540496826172	16.02823829650879
471.3684997558594	159.21383666992188	-40.98540496826172	16.02823829650879
471.3684997558594	159.21383666992188	-40.98540496826172	16.02823829650879
471.3684997558594	159.21383666992188	-40.98540496826172	16.02823829650879
471.3684997558594	159.21383666992188	-40.98540496826172	16.02823829650879
471.3684997558594	159.21383666992188	-40.98540496826172	16.02823829650879
471.3684997558594	159.21383666992188	-40.98540496826172	16.02823829650879
471.3684997558594	159.21383666992188	-40.98540496826172	16.02823829650879
471.3684997558594	159.21383666992188	-40.98540496826172	16.02823829650879
471.3684997558594	159.21383666992188	-40.98540496826172	16.02823829650879
471.3684997558594	159.21383666992188	-40.98540496826172	16.02823829650879
471.3684997558594	159.21383666992188	-40.98540496826172	16.02823829650879
471.3684997558594	159.21383666992188	-40.98540496826172	16.02823829650879
471.3684997558594	159.21383666992188	-40.98540496826172	16.02823829650879
471.3684997558594	159.21383666992188	-40.98540496826172	16.02823829650879
471.3684997558594	159.21383666992188	-40.98540496826172	16.02823829650879
471.3684997558594	159.21383666992188	-40.98540496826172	16.02823829650879
471.3684997558594	159.21383666992188	-40.98540496826172	16.02823829650879
471.3684997558594	159.21383666992188	-40.98540496826172	16.02823829650879
471.3684997558594	159.21383666992188	-40.98540496826172	16.02823829650879
471.3684997558594	159.21383666992188	-40.98540496826172	16.02823829650879
471.3684997558594	159.21383666992188	-40.98540496826172	16.02823829650879
471.3684997558594	159.21383666992188	-40.98540496826172	16.02823829650879
471.3684997558594	159.21383666992188	-40.98540496826172	16.02823829650879
471.3684997558594	159.21383666992188	-40.98540496826172	16.02823829650879
471.3684997558594	159.21383666992188	-40.98540496826172	16.02823829650879
471.3684997558594	159.21383666992188	-40.98540496826172	16.02823829650879
471.3684997558594	159.21383666992188	-40.98540496826172	16.02823829650879
471.3684997558594	159.21383666992188	-40.98540496826172	16.02823829650879
471.3684997558594	159.21383666992188	-40.98540496826172	16.02823829650879
471.3684997558594	159.21383666992188	-40.98540496826172	16.02823829650879
471.3684997558594	159.21383666992188	-40.98540496826172	16.02823829650879
471.3684997558594	159.21383666992188	-40.98540496826172	16.02823829650879
471.3684997558594	159.21383666992188	-40.98540496826172	16.02823829650879
471.3684997558594	159.21383666992188	-40.98540496826172	16.02823829650879
471.3684997558594	159.21383666992188	-40.98540496826172	16.02823829650879
471.3684997558594	159.21383666992188	-40.98540496826172	16.02823829650879
471.3684997558594	159.21383666992188	-40.98540496826172	16.02823829650879
471.3684997558594	159.21383666992188	-40.98540496826172	16.02823829650879
471.3684997558594	159.21383666992188	-40.98540496826172	16.02823829650879
471.3684997558594	159.21383666992188	-40.98540496826172	16.02823829650879
471.3684997558594	159.21383666992188	-40.98540496826172	16.02823829650879
471.3684997558594	159.21383666992188	-40.98540496826172	16.02823829650879
471.3684997558594	159.21383666992188	-40.98540496826172	16.02823829650879
471.3684997558594	159.21383666992188	-40.98540496826172	16.02823829650879
471.3684997558594	159.21383666992188	-40.98540496826172	16.02823829650879
471.3684997558594	159.21383666992188	-40.98540496826172	16.02823829650879
471.3684997558594	159.21383666992188	-40.98540496826172	16.02823829650879
471.3684997558594	159.21383666992188	-40.98540496826172	16.02823829650879
471.3684997558594	159.21383666992188	-40.98540496826172	16.02823829650879
471.3684997558594	159.21383666992188	-40.98540496826172	16.02823829650879
471.3684997558594	159.21383666992188	-40.98540496826172	16.02823829650879
471.3684997558594	159.21383666992188	-40.98540496826172	16.02823829650879
471.3684997558594	159.21383666992188	-40.98540496826172	16.02823829650879
471.3684997558594	159.21383666992188	-40.98540496826172	16.02823829650879
471.3684997558594	159.21383666992188	-40.98540496826172	16.02823829650879
471.3684997558594	159.21383666992188	-40.98540496826172	16.02823829650879
471.3684997558594	159.21383666992188	-40.98540496826172	16.02823829650879
471.3684997558594	159.21383666992188	-40.98540496826172	16.02823829650879
471.3684997558594	159.21383666992188	-40.98540496826172	16.02823829650879
471.3684997558594	159.21383666992188	-40.98540496826172	16.02823829650879
471.3684997558594	159.21383666992188	-40.98540496826172	16.02823829650879
471.3684997558594	159.21383666992188	-40.98540496826172	16.02823829650879
471.3684997558594	159.21383666992188	-40.98540496826172	16.02823829650879
471.3684997558594	159.21383666992188	-40.98540496826172	16.02823829650879
471.3684997558594	159.21383666992188	-40.98540496826172	16.02823829650879
471.3684997558594	159.21383666992188	-40.98540496826172	16.02823829650879
471.3684997558594	159.21383666992188	-40.98540496826172	16.02823829650879
471.3684997558594	159.21383666992188	-40.98540496826172	16.02823829650879
471.3684997558594	159.21383666992188	-40.98540496826172	16.02823829650879
471.3684997558594	159.21383666992188	-40.98540496826172	16.02823829650879
471.3684997558594	159.21383666992188	-40.98540496826172	16.02823829650879
471.3684997558594	159.21383666992188	-40.98540496826172	16.02823829650879
471.3684997558594	159.21383666992188	-40.98540496826172	16.02823829650879
471.3684997558594	159.21383666992188	-40.98540496826172	16.02823829650879
471.3684997558594	159.21383666992188	-40.98540496826172	16.02823829650879
471.3684997558594	159.21383666992188	-40.98540496826172	16.02823829650879
471.3684997558594	159.21383666992188	-40.98540496826172	16.02823829650879
471.3684997558594	159.21383666992188	-40.98540496826172	16.02823829650879
471.3684997558594	159.21383666992188	-40.98540496826172	16.02823829650879
471.3684997558594	159.21383666992188	-40.98540496826172	16.02823829650879
471.3684997558594	159.21383666992188	-40.98540496826172	16.02823829650879
471.3684997558594	159.21383666992188	-40.98540496826172	16.02823829650879
471.3684997558594	159.21383666992188	-40.98540496826172	16.02823829650879
471.3684997558594	159.21383666992188	-40.98540496826172	16.02823829650879
471.3684997558594	159.21383666992188	-40.98540496826172	16.02823829650879
471.3684997558594	159.21383666992188	-40.98540496826172	16.02823829650879
471.3684997558594	159.21383666992188	-40.98540496826172	16.02823829650879
471.3684997558594	159.21383666992188	-40.98540496826172	16.02823829650879
471.3684997558594	159.21383666992188	-40.98540496826172	16.02823829650879
471.3684997558594	159.21383666992188	-40.98540496826172	16.02823829650879
471.3684997558594	159.21383666992188	-40.98540496826172	16.02823829650879
471.3684997558594	159.21383666992188	-40.98540496826172	16.02823829650879
471.3684997558594	159.21383666992188	-40.98540496826172	16.02823829650879
471.3684997558594	159.21383666992188	-40.98540496826172	16.02823829650879
471.3684997558594	159.21383666992188	-40.98540496826172	16.02823829650879
471.3684997558594	159.21383666992188	-40.98540496826172	16.02823829650879
471.3684997558594	159.21383666992188	-40.98540496826172	16.02823829650879
471.3684997558594	159.21383666992188	-40.98540496826172	16.02823829650879
471.3684997558594	159.21383666992188	-40.98540496826172	16.02823829650879
471.3684997558594	159.21383666992188	-40.98540496826172	16.02823829650879
471.3684997558594	159.21383666992188	-40.98540496826172	16.02823829650879
471.3684997558594	159.21383666992188	-40.98540496826172	16.02823829650879
471.3684997558594	159.21383666992188	-40.98540496826172	16.02823829650879
471.3684997558594	159.21383666992188	-40.98540496826172	16.02823829650879
471.3684997558594	159.21383666992188	-40.98540496826172	16.02823829650879
471.3684997558594	159.21383666992188	-40.98540496826172	16.02823829650879
471.3684997558594	159.21383666992188	-40.98540496826172	16.02823829650879
471.3684997558594	159.21383666992188	-40.98540496826172	16.02823829650879
471.3684997558594	159.21383666992188	-40.98540496826172	16.02823829650879
471.3684997558594	159.21383666992188	-40.98540496826172	16.02823829650879
471.3684997558594	159.21383666992188	-40.98540496826172	16.02823829650879
471.3684997558594	159.21383666992188	-40.98540496826172	16.02823829650879
471.3684997558594	159.21383666992188	-40.98540496826172	16.02823829650879
471.3684997558594	159.21383666992188	-40.98540496826172	16.02823829650879
471.3684997558594	159.21383666992188	-40.98540496826172	16.02823829650879
471.3684997558594	159.21383666992188	-40.98540496826172	16.02823829650879
471.3684997558594	159.21383666992188	-40.98540496826172	16.02823829650879
471.3684997558594	159.21383666992188	-40.98540496826172	16.02823829650879
471.3684997558594	159.21383666992188	-40.98540496826172	16.02823829650879
471.3684997558594	159.21383666992188	-40.98540496826172	16.02823829650879
471.3684997558594	159.21383666992188	-40.98540496826172	16.02823829650879
471.3684997558594	159.21383666992188	-40.98540496826172	16.02823829650879
471.3684997558594	159.21383666992188	-40.98540496826172	16.02823829650879
471.3684997558594	159.21383666992188	-40.98540496826172	16.02823829650879
471.3684997558594	159.21383666992188	-40.98540496826172	16.02823829650879
471.3684997558594	159.21383666992188	-40.98540496826172	16.02823829650879
471.3684997558594	159.21383666992188	-40.98540496826172	16.02823829650879
471.3684997558594	159.21383666992188	-40.98540496826172	16.02823829650879
471.3684997558594	159.21383666992188	-40.98540496826172	16.02823829650879
471.3684997558594	159.21383666992188	-40.98540496826172	16.02823829650879
471.3684997558594	159.21383666992188	-40.98540496826172	16.02823829650879
471.3684997558594	159.21383666992188	-40.98540496826172	16.02823829650879
471.3684997558594	159.21383666992188	-40.98540496826172	16.02823829650879
471.3684997558594	159.21383666992188	-40.98540496826172	16.02823829650879
471.3684997558594	159.21383666992188	-40.98540496826172	16.02823829650879
471.3684997558594	159.21383666992188	-40.98540496826172	16.02823829650879
471.3684997558594	159.21383666992188	-40.98540496826172	16.02823829650879
471.3684997558594	159.21383666992188	-40.98540496826172	16.02823829650879
471.3684997558594	159.21383666992188	-40.98540496826172	16.02823829650879
471.3684997558594	159.21383666992188	-40.98540496826172	16.02823829650879
471.3684997558594	159.21383666992188	-40.98540496826172	16.02823829650879
471.3684997558594	159.21383666992188	-40.98540496826172	16.02823829650879
471.3684997558594	159.21383666992188	-40.98540496826172	16.02823829650879
471.3684997558594	159.21383666992188	-40.98540496826172	16.02823829650879
471.3684997558594	159.21383666992188	-40.98540496826172	16.02823829650879
471.3684997558594	159.21383666992188	-40.98540496826172	16.02823829650879
471.3684997558594	159.21383666992188	-40.98540496826172	16.02823829650879
471.3684997558594	159.21383666992188	-40.98540496826172	16.02823829650879
471.3684997558594	159.21383666992188	-40.98540496826172	16.02823829650879
471.3684997558594	159.21383666992188	-40.98540496826172	16.02823829650879
471.3684997558594	159.21383666992188	-40.98540496826172	16.02823829650879
471.3684997558594	159.21383666992188	-40.98540496826172	16.02823829650879
471.3684997558594	159.21383666992188	-40.98540496826172	16.02823829650879
471.3684997558594	159.21383666992188	-40.98540496826172	16.02823829650879
471.3684997558594	159.21383666992188	-40.98540496826172	16.02823829650879
471.3684997558594	159.21383666992188	-40.98540496826172	16.02823829650879
471.3684997558594	159.21383666992188	-40.98540496826172	16.02823829650879
471.3684997558594	159.21383666992188	-40.98540496826172	16.02823829650879
471.3684997558594	159.21383666992188	-40.98540496826172	16.02823829650879
471.3684997558594	159.21383666992188	-40.98540496826172	16.02823829650879
471.3684997558594	159.21383666992188	-40.98540496826172	16.02823829650879
471.3684997558594	159.21383666992188	-40.98540496826172	16.02823829650879
471.3684997558594	159.21383666992188	-40.98540496826172	16.02823829650879
471.3684997558594	159.21383666992188	-40.98540496826172	16.02823829650879
471.3684997558594	159.21383666992188	-40.98540496826172	16.02823829650879
471.3684997558594	159.21383666992188	-40.98540496826172	16.02823829650879
471.3684997558594	159.21383666992188	-40.98540496826172	16.02823829650879
471.3684997558594	159.21383666992188	-40.98540496826172	16.02823829650879
471.3684997558594	159.21383666992188	-40.98540496826172	16.02823829650879
471.3684997558594	159.21383666992188	-40.98540496826172	16.02823829650879
471.3684997558594	159.21383666992188	-40.98540496826172	16.02823829650879
471.3684997558594	159.21383666992188	-40.98540496826172	16.02823829650879
471.3684997558594	159.21383666992188	-40.98540496826172	16.02823829650879
471.3684997558594	159.21383666992188	-40.98540496826172	16.02823829650879
471.3684997558594	159.21383666992188	-40.98540496826172	16.02823829650879
471.3684997558594	159.21383666992188	-40.98540496826172	16.02823829650879
471.3684997558594	159.21383666992188	-40.98540496826172	16.02823829650879
471.3684997558594	159.21383666992188	-40.98540496826172	16.02823829650879
471.3684997558594	159.21383666992188	-40.98540496826172	16.02823829650879
471.3684997558594	159.21383666992188	-40.98540496826172	16.02823829650879
471.3684997558594	159.21383666992188	-40.98540496826172	16.02823829650879
471.3684997558594	159.21383666992188	-40.98540496826172	16.02823829650879
471.3684997558594	159.21383666992188	-40.98540496826172	16.02823829650879
471.3684997558594	159.21383666992188	-40.98540496826172	16.02823829650879
471.3684997558594	159.21383666992188	-40.98540496826172	16.02823829650879
471.3684997558594	159.21383666992188	-40.98540496826172	16.02823829650879
471.3684997558594	159.21383666992188	-40.98540496826172	16.02823829650879
471.3684997558594	159.21383666992188	-40.98540496826172	16.02823829650879
471.3684997558594	159.21383666992188	-40.98540496826172	16.02823829650879
471.3684997558594	159.21383666992188	-40.98540496826172	16.02823829650879
471.3684997558594	159.21383666992188	-40.98540496826172	16.02823829650879
471.3684997558594	159.21383666992188	-40.98540496826172	16.02823829650879
471.3684997558594	159.21383666992188	-40.98540496826172	16.02823829650879
471.3684997558594	159.21383666992188	-40.98540496826172	16.02823829650879
471.3684997558594	159.21383666992188	-40.98540496826172	16.02823829650879
471.3684997558594	159.21383666992188	-40.98540496826172	16.02823829650879
471.3684997558594	159.21383666992188	-40.98540496826172	16.02823829650879
471.3684997558594	159.21383666992188	-40.98540496826172	16.02823829650879
471.3684997558594	159.21383666992188	-40.98540496826172	16.02823829650879
471.3684997558594	159.21383666992188	-40.98540496826172	16.02823829650879
471.3684997558594	159.21383666992188	-40.98540496826172	16.02823829650879
471.3684997558594	159.21383666992188	-40.98540496826172	16.02823829650879
471.3684997558594	159.21383666992188	-40.98540496826172	16.02823829650879
471.3684997558594	159.21383666992188	-40.98540496826172	16.02823829650879
471.3684997558594	159.21383666992188	-40.98540496826172	16.02823829650879
471.3684997558594	159.21383666992188	-40.98540496826172	16.02823829650879
471.3684997558594	159.21383666992188	-40.98540496826172	16.02823829650879
471.3684997558594	159.21383666992188	-40.98540496826172	16.02823829650879
471.3684997558594	159.21383666992188	-40.98540496826172	16.02823829650879
471.3684997558594	159.21383666992188	-40.98540496826172	16.02823829650879
471.3684997558594	159.21383666992188	-40.98540496826172	16.02823829650879
471.3684997558594	159.21383666992188	-40.98540496826172	16.02823829650879
471.3684997558594	159.21383666992188	-40.98540496826172	16.02823829650879
471.3684997558594	159.21383666992188	-40.98540496826172	16.02823829650879
471.3684997558594	159.21383666992188	-40.98540496826172	16.02823829650879
471.3684997558594	159.21383666992188	-40.98540496826172	16.02823829650879
471.3684997558594	159.21383666992188	-40.98540496826172	16.02823829650879
471.3684997558594	159.21383666992188	-40.98540496826172	16.02823829650879
471.3684997558594	159.21383666992188	-40.98540496826172	16.02823829650879
471.3684997558594	159.21383666992188	-40.98540496826172	16.02823829650879
471.3684997558594	159.21383666992188	-40.98540496826172	16.02823829650879
471.3684997558594	159.21383666992188	-40.98540496826172	16.02823829650879
471.3684997558594	159.21383666992188	-40.98540496826172	16.02823829650879
471.3684997558594	159.21383666992188	-40.98540496826172	16.02823829650879
471.3684997558594	159.21383666992188	-40.98540496826172	16.02823829650879
471.3684997558594	159.21383666992188	-40.98540496826172	16.02823829650879
471.3684997558594	159.21383666992188	-40.98540496826172	16.02823829650879
471.3684997558594	159.21383666992188	-40.98540496826172	16.02823829650879
471.3684997558594	159.21383666992188	-40.98540496826172	16.02823829650879
471.3684997558594	159.21383666992188	-40.98540496826172	16.02823829650879
471.3684997558594	159.21383666992188	-40.98540496826172	16.02823829650879
471.3684997558594	159.21383666992188	-40.98540496826172	16.02823829650879
471.3684997558594	159.21383666992188	-40.98540496826172	16.02823829650879
471.3684997558594	159.21383666992188	-40.98540496826172	16.02823829650879
471.3684997558594	159.21383666992188	-40.98540496826172	16.02823829650879
471.3684997558594	159.21383666992188	-40.98540496826172	16.02823829650879
471.3684997558594	159.21383666992188	-40.98540496826172	16.02823829650879
471.3684997558594	159.21383666992188	-40.98540496826172	16.02823829650879
471.3684997558594	159.21383666992188	-40.98540496826172	16.02823829650879
471.3684997558594	159.21383666992188	-40.98540496826172	16.02823829650879
471.3684997558594	159.21383666992188	-40.98540496826172	16.02823829650879
471.3684997558594	159.21383666992188	-40.98540496826172	16.02823829650879
471.3684997558594	159.21383666992188	-40.98540496826172	16.02823829650879
471.3684997558594	159.21383666992188	-40.98540496826172	16.02823829650879
471.3684997558594	159.21383666992188	-40.98540496826172	16.02823829650879
471.3684997558594	159.21383666992188	-40.98540496826172	16.02823829650879
471.3684997558594	159.21383666992188	-40.98540496826172	16.02823829650879
471.3684997558594	159.21383666992188	-40.98540496826172	16.02823829650879
471.3684997558594	159.21383666992188	-40.98540496826172	16.02823829650879
471.3684997558594	159.21383666992188	-40.98540496826172	16.02823829650879
471.3684997558594	159.21383666992188	-40.98540496826172	16.02823829650879
471.3684997558594	159.21383666992188	-40.98540496826172	16.02823829650879
471.3684997558594	159.21383666992188	-40.98540496826172	16.02823829650879
471.3684997558594	159.21383666992188	-40.98540496826172	16.02823829650879
471.3684997558594	159.21383666992188	-40.98540496826172	16.02823829650879
471.3684997558594	159.21383666992188	-40.98540496826172	16.02823829650879
471.3684997558594	159.21383666992188	-40.98540496826172	16.02823829650879
471.3684997558594	159.21383666992188	-40.98540496826172	16.02823829650879
471.3684997558594	159.21383666992188	-40.98540496826172	16.02823829650879
471.3684997558594	159.21383666992188	-40.98540496826172	16.02823829650879
471.3684997558594	159.21383666992188	-40.98540496826172	16.02823829650879
471.3684997558594	159.21383666992188	-40.98540496826172	16.02823829650879
471.3684997558594	159.21383666992188	-40.98540496826172	16.02823829650879
471.3684997558594	159.21383666992188	-40.98540496826172	16.02823829650879
471.3684997558594	159.21383666992188	-40.98540496826172	16.02823829650879
471.3684997558594	159.21383666992188	-40.98540496826172	16.02823829650879
471.3684997558594	159.21383666992188	-40.98540496826172	16.02823829650879
471.3684997558594	159.21383666992188	-40.98540496826172	16.02823829650879
471.3684997558594	159.21383666992188	-40.98540496826172	16.02823829650879
471.3684997558594	159.21383666992188	-40.98540496826172	16.02823829650879
471.3684997558594	159.21383666992188	-40.98540496826172	16.02823829650879
471.3684997558594	159.21383666992188	-40.98540496826172	16.02823829650879
471.3684997558594	159.21383666992188	-40.98540496826172	16.02823829650879
471.3684997558594	159.21383666992188	-40.98540496826172	16.02823829650879
471.3684997558594	159.21383666992188	-40.98540496826172	16.02823829650879
471.3684997558594	159.21383666992188	-40.98540496826172	16.02823829650879
471.3684997558594	159.21383666992188	-40.98540496826172	16.02823829650879
471.3684997558594	159.21383666992188	-40.98540496826172	16.02823829650879
471.3684997558594	159.21383666992188	-40.98540496826172	16.02823829650879
471.3684997558594	159.21383666992188	-40.98540496826172	16.02823829650879
471.3684997558594	159.21383666992188	-40.98540496826172	16.02823829650879
471.3684997558594	159.21383666992188	-40.98540496826172	16.02823829650879
471.3684997558594	159.21383666992188	-40.98540496826172	16.02823829650879
471.3684997558594	159.21383666992188	-40.98540496826172	16.02823829650879
471.3684997558594	159.21383666992188	-40.98540496826172	16.02823829650879
471.3684997558594	159.21383666992188	-40.98540496826172	16.02823829650879
471.3684997558594	159.21383666992188	-40.98540496826172	16.02823829650879
471.3684997558594	159.21383666992188	-40.98540496826172	16.02823829650879
471.3684997558594	159.21383666992188	-40.98540496826172	16.02823829650879
471.3684997558594	159.21383666992188	-40.98540496826172	16.02823829650879
471.3684997558594	159.21383666992188	-40.98540496826172	16.02823829650879
471.3684997558594	159.21383666992188	-40.98540496826172	16.02823829650879
471.3684997558594	159.21383666992188	-40.98540496826172	16.02823829650879
471.3684997558594	159.21383666992188	-40.98540496826172	16.02823829650879
471.3684997558594	159.21383666992188	-40.98540496826172	16.02823829650879
471.3684997558594	159.21383666992188	-40.98540496826172	16.02823829650879
471.3684997558594	159.21383666992188	-40.98540496826172	16.02823829650879
471.3684997558594	159.21383666992188	-40.98540496826172	16.02823829650879
471.3684997558594	159.21383666992188	-40.98540496826172	16.02823829650879
471.3684997558594	159.21383666992188	-40.98540496826172	16.02823829650879
471.3684997558594	159.21383666992188	-40.98540496826172	16.02823829650879
471.3684997558594	159.21383666992188	-40.98540496826172	16.02823829650879
471.3684997558594	159.21383666992188	-40.98540496826172	16.02823829650879
471.3684997558594	159.21383666992188	-40.98540496826172	16.02823829650879
471.3684997558594	159.21383666992188	-40.98540496826172	16.02823829650879
471.3684997558594	159.21383666992188	-40.98540496826172	16.02823829650879
471.3684997558594	159.21383666992188	-40.98540496826172	16.02823829650879
471.3684997558594	159.21383666992188	-40.98540496826172	16.02823829650879
471.3684997558594	159.21383666992188	-40.98540496826172	16.02823829650879
471.3684997558594	159.21383666992188	-40.98540496826172	16.02823829650879
471.3684997558594	159.21383666992188	-40.98540496826172	16.02823829650879
471.3684997558594	159.21383666992188	-40.98540496826172	16.02823829650879
471.3684997558594	159.21383666992188	-40.98540496826172	16.02823829650879
471.3684997558594	159.21383666992188	-40.98540496826172	16.02823829650879
471.3684997558594	159.21383666992188	-40.98540496826172	16.02823829650879
471.3684997558594	159.21383666992188	-40.98540496826172	16.02823829650879
471.3684997558594	159.21383666992188	-40.98540496826172	16.02823829650879
471.3684997558594	159.21383666992188	-40.98540496826172	16.02823829650879
471.3684997558594	159.21383666992188	-40.98540496826172	16.02823829650879
471.3684997558594	159.21383666992188	-40.98540496826172	16.02823829650879
471.3684997558594	159.21383666992188	-40.98540496826172	16.02823829650879
471.3684997558594	159.21383666992188	-40.98540496826172	16.02823829650879
471.3684997558594	159.21383666992188	-40.98540496826172	16.02823829650879
471.3684997558594	159.21383666992188	-40.98540496826172	16.02823829650879
471.3684997558594	159.21383666992188	-40.98540496826172	16.02823829650879
471.3684997558594	159.21383666992188	-40.98540496826172	16.02823829650879
471.3684997558594	159.21383666992188	-40.98540496826172	16.02823829650879
471.3684997558594	159.21383666992188	-40.98540496826172	16.02823829650879
471.3684997558594	159.21383666992188	-40.98540496826172	16.02823829650879
471.3684997558594	159.21383666992188	-40.98540496826172	16.02823829650879
471.3684997558594	159.21383666992188	-40.98540496826172	16.02823829650879
471.3684997558594	159.21383666992188	-40.98540496826172	16.02823829650879
471.3684997558594	159.21383666992188	-40.98540496826172	16.02823829650879
471.3684997558594	159.21383666992188	-40.98540496826172	16.02823829650879
471.3684997558594	159.21383666992188	-40.98540496826172	16.02823829650879
471.3684997558594	159.21383666992188	-40.98540496826172	16.02823829650879
471.3684997558594	159.21383666992188	-40.98540496826172	16.02823829650879
471.3684997558594	159.21383666992188	-40.98540496826172	16.02823829650879
471.3684997558594	159.21383666992188	-40.98540496826172	16.02823829650879
471.3684997558594	159.21383666992188	-40.98540496826172	16.02823829650879
471.3684997558594	159.21383666992188	-40.98540496826172	16.02823829650879
471.3684997558594	159.21383666992188	-40.98540496826172	16.02823829650879
471.3684997558594	159.21383666992188	-40.98540496826172	16.02823829650879
471.3684997558594	159.21383666992188	-40.98540496826172	16.02823829650879
471.3684997558594	159.21383666992188	-40.98540496826172	16.02823829650879
471.3684997558594	159.21383666992188	-40.98540496826172	16.02823829650879
471.3684997558594	159.21383666992188	-40.98540496826172	16.02823829650879
471.3684997558594	159.21383666992188	-40.98540496826172	16.02823829650879
471.3684997558594	159.21383666992188	-40.98540496826172	16.02823829650879
471.3684997558594	159.21383666992188	-40.98540496826172	16.02823829650879
471.3684997558594	159.21383666992188	-40.98540496826172	16.02823829650879
471.3684997558594	159.21383666992188	-40.98540496826172	16.02823829650879
471.3684997558594	159.21383666992188	-40.98540496826172	16.02823829650879
471.3684997558594	159.21383666992188	-40.98540496826172	16.02823829650879
471.3684997558594	159.21383666992188	-40.98540496826172	16.02823829650879
471.3684997558594	159.21383666992188	-40.98540496826172	16.02823829650879
471.3684997558594	159.21383666992188	-40.98540496826172	16.02823829650879
471.3684997558594	159.21383666992188	-40.98540496826172	16.02823829650879
471.3684997558594	159.21383666992188	-40.98540496826172	16.02823829650879
471.3684997558594	159.21383666992188	-40.98540496826172	16.02823829650879
471.3684997558594	159.21383666992188	-40.98540496826172	16.02823829650879
471.3684997558594	159.21383666992188	-40.98540496826172	16.02823829650879
471.3684997558594	159.21383666992188	-40.98540496826172	16.02823829650879
471.3684997558594	159.21383666992188	-40.98540496826172	16.02823829650879
471.3684997558594	159.21383666992188	-40.98540496826172	16.02823829650879
471.3684997558594	159.21383666992188	-40.98540496826172	16.02823829650879
471.3684997558594	159.21383666992188	-40.98540496826172	16.02823829650879
471.3684997558594	159.21383666992188	-40.98540496826172	16.02823829650879
471.3684997558594	159.21383666992188	-40.98540496826172	16.02823829650879
471.3684997558594	159.21383666992188	-40.98540496826172	16.02823829650879
471.3684997558594	159.21383666992188	-40.98540496826172	16.02823829650879
471.3684997558594	159.21383666992188	-40.98540496826172	16.02823829650879
471.3684997558594	159.21383666992188	-40.98540496826172	16.02823829650879
471.3684997558594	159.21383666992188	-40.98540496826172	16.02823829650879
471.3684997558594	159.21383666992188	-40.98540496826172	16.02823829650879
471.3684997558594	159.21383666992188	-40.98540496826172	16.02823829650879
471.3684997558594	159.21383666992188	-40.98540496826172	16.02823829650879
471.3684997558594	159.21383666992188	-40.98540496826172	16.02823829650879
471.3684997558594	159.21383666992188	-40.98540496826172	16.02823829650879
471.3684997558594	159.21383666992188	-40.98540496826172	16.02823829650879
471.3684997558594	159.21383666992188	-40.98540496826172	16.02823829650879
471.3684997558594	159.21383666992188	-40.98540496826172	16.02823829650879
471.3684997558594	159.21383666992188	-40.98540496826172	16.02823829650879
471.3684997558594	159.21383666992188	-40.98540496826172	16.02823829650879
471.3684997558594	159.21383666992188	-40.98540496826172	16.02823829650879
471.3684997558594	159.21383666992188	-40.98540496826172	16.02823829650879
471.3684997558594	159.21383666992188	-40.98540496826172	16.02823829650879
471.3684997558594	159.21383666992188	-40.98540496826172	16.02823829650879
471.3684997558594	159.21383666992188	-40.98540496826172	16.02823829650879
471.3684997558594	159.21383666992188	-40.98540496826172	16.02823829650879
471.3684997558594	159.21383666992188	-40.98540496826172	16.02823829650879
471.3684997558594	159.21383666992188	-40.98540496826172	16.02823829650879
471.3684997558594	159.21383666992188	-40.98540496826172	16.02823829650879
471.3684997558594	159.21383666992188	-40.98540496826172	16.02823829650879
471.3684997558594	159.21383666992188	-40.98540496826172	16.02823829650879
471.3684997558594	159.21383666992188	-40.98540496826172	16.02823829650879
471.3684997558594	159.21383666992188	-40.98540496826172	16.02823829650879
471.3684997558594	159.21383666992188	-40.98540496826172	16.02823829650879
471.3684997558594	159.21383666992188	-40.98540496826172	16.02823829650879
471.3684997558594	159.21383666992188	-40.98540496826172	16.02823829650879
