328.0	166.0	18.0	49.0
327.0	165.0	19.0	49.0
325.62835693359375	166.65139770507812	19.036245346069336	49.093475341796875
325.52520751953125	167.20237731933594	19.43021011352539	50.109493255615234
326.4677734375	166.47799682617188	19.271846771240234	49.701087951660156
324.4345397949219	166.5596160888672	19.290618896484375	49.7495002746582
323.53570556640625	168.03933715820312	19.197874069213867	49.51031494140625
322.1385803222656	167.24267578125	19.20633316040039	49.53212356567383
321.56036376953125	166.37515258789062	19.17208480834961	49.44380569458008
320.0997619628906	163.7723846435547	18.973403930664062	48.93141174316406
319.9461669921875	164.07241821289062	19.044994354248047	49.11603927612305
318.7017517089844	164.31793212890625	19.049015045166016	49.126407623291016
317.0898742675781	162.07839965820312	18.863637924194336	48.64833450317383
316.4930114746094	164.71963500976562	19.026123046875	49.06737518310547
315.6240234375	165.484375	18.76597023010254	48.396453857421875
314.53302001953125	166.0377655029297	19.017513275146484	49.04517364501953
312.78582763671875	170.83132934570312	18.749765396118164	48.35466766357422
310.91900634765625	172.27737426757812	18.606775283813477	47.985897064208984
309.55010986328125	169.15240478515625	19.03048324584961	49.07861328125
308.5819396972656	166.22750854492188	19.011592864990234	49.02989959716797
305.34368896484375	164.81668090820312	18.898101806640625	48.73721694946289
304.32867431640625	165.89175415039062	18.589956283569336	47.94252395629883
302.0733337402344	166.81716918945312	18.461410522460938	47.61100387573242
300.0716247558594	166.8636016845703	18.31758689880371	47.240089416503906
297.0157775878906	167.0950927734375	18.15511703491211	46.821083068847656
295.80938720703125	167.5536346435547	18.29170036315918	47.1733283996582
293.7086486816406	166.66014099121094	18.36418914794922	47.36027145385742
290.9646911621094	166.0303192138672	18.401521682739258	47.45655059814453
287.90185546875	167.6682586669922	18.458145141601562	47.602577209472656
285.4419860839844	167.7398223876953	18.453960418701172	47.59178924560547
284.0	166.0	20.0	52.0
281.5027770996094	164.59774780273438	20.464197158813477	53.2069091796875
278.9327697753906	163.97669982910156	20.65460205078125	53.70195770263672
276.16729736328125	163.1713104248047	20.82756996154785	54.15167999267578
273.52203369140625	164.20516967773438	21.043991088867188	54.714378356933594
270.5157775878906	163.2268829345703	20.53224754333496	53.38385009765625
269.66326904296875	165.51950073242188	20.559261322021484	53.45408248901367
266.9619445800781	164.12179565429688	20.08456039428711	52.2198600769043
265.7163391113281	164.07269287109375	19.822275161743164	51.53791427612305
263.41241455078125	164.52439880371094	19.727806091308594	51.29229736328125
262.00933837890625	164.81332397460938	19.5474796295166	50.823448181152344
259.15850830078125	165.87359619140625	19.627931594848633	51.032630920410156
259.27001953125	165.9910125732422	19.77238655090332	51.4082145690918
258.6268310546875	166.41995239257812	20.0084285736084	52.02192306518555
255.7510986328125	165.83602905273438	20.16893196105957	52.43922805786133
253.853515625	167.37307739257812	19.986186981201172	51.96409225463867
252.3167266845703	166.923583984375	19.91592025756836	51.781402587890625
250.8996124267578	166.5106658935547	19.510295867919922	50.726776123046875
250.5000762939453	161.73292541503906	19.363941192626953	50.34625244140625
248.79641723632812	162.49505615234375	19.453372955322266	50.57877731323242
235.87594604492188	166.5907745361328	19.626638412475586	51.029266357421875
239.76669311523438	166.7209930419922	19.640056610107422	51.06415939331055
241.72720336914062	164.89242553710938	19.800464630126953	51.48122024536133
238.14273071289062	166.13247680664062	19.841520309448242	51.58796310424805
236.9207000732422	167.3012237548828	19.824169158935547	51.5428466796875
234.5309295654297	165.39657592773438	20.48294448852539	53.25566482543945
235.5179443359375	161.67881774902344	20.635618209838867	53.652610778808594
233.2705078125	160.3867645263672	20.684484481811523	53.77965545654297
232.2088165283203	164.32521057128906	20.442218780517578	53.149757385253906
231.77883911132812	164.65792846679688	20.6647891998291	53.72843551635742
230.99319458007812	165.8783416748047	20.94329833984375	54.45255661010742
229.98025512695312	162.24530029296875	20.972612380981445	54.528778076171875
229.16641235351562	167.65261840820312	20.89187240600586	54.31885528564453
229.3016357421875	163.20785522460938	20.800418853759766	54.08107376098633
230.2610321044922	160.35047912597656	21.158544540405273	55.01219940185547
232.0335235595703	159.5053253173828	21.532573699951172	55.98468017578125
229.9622344970703	158.35238647460938	21.815433502197266	56.720115661621094
231.9537811279297	159.42324829101562	21.638059616088867	56.258949279785156
231.3732452392578	160.62710571289062	21.457063674926758	55.788360595703125
231.72314453125	162.50830078125	21.782827377319336	56.635353088378906
230.4050750732422	161.500732421875	22.141157150268555	57.5670051574707
230.1004638671875	161.7537841796875	21.725839614868164	56.48717498779297
231.0916748046875	164.88320922851562	21.81532859802246	56.7198486328125
230.0939178466797	166.08041381835938	21.922863006591797	56.99943923950195
217.4298095703125	167.27218627929688	21.89190101623535	56.91893768310547
226.7365264892578	165.53070068359375	21.680601119995117	56.36955642700195
232.9179229736328	165.28155517578125	21.61783790588379	56.20637130737305
231.6398468017578	167.2196044921875	21.49363136291504	55.8834342956543
229.91055297851562	167.6468505859375	21.697919845581055	56.414581298828125
230.90335083007812	166.00302124023438	21.616018295288086	56.201637268066406
229.9084014892578	166.21633911132812	21.953033447265625	57.07787322998047
233.62747192382812	167.3481903076172	21.851789474487305	56.81464385986328
233.6681365966797	165.49285888671875	21.77278709411621	56.60923385620117
230.31033325195312	167.95948791503906	21.7547664642334	56.56238555908203
228.1916961669922	163.59239196777344	22.084278106689453	57.41911697387695
231.04397583007812	165.46420288085938	22.342649459838867	58.09088134765625
230.9219512939453	160.74305725097656	22.83135986328125	59.36152267456055
235.0	165.0	18.0	51.0
234.48379516601562	166.50079345703125	18.216381072998047	51.61307907104492
233.3816680908203	165.6896514892578	18.708404541015625	53.00714111328125
233.205078125	166.1705780029297	18.764562606811523	53.16625213623047
232.72817993164062	166.42999267578125	18.668663024902344	52.89453887939453
232.72097778320312	167.87722778320312	18.64699363708496	52.8331413269043
232.9072723388672	167.24285888671875	18.415607452392578	52.17754364013672
232.8112335205078	166.55435180664062	18.535503387451172	52.517250061035156
232.8679962158203	165.67141723632812	19.005420684814453	53.84868240356445
232.6317138671875	166.4438018798828	19.139881134033203	54.229652404785156
233.2790985107422	165.65457153320312	19.45488929748535	55.12217330932617
233.2249755859375	166.38424682617188	19.30475616455078	54.696800231933594
234.0	165.0	18.0	55.0
234.4184112548828	165.34275817871094	18.329219818115234	56.005950927734375
233.82241821289062	165.30386352539062	18.275470733642578	55.84171676635742
233.1082763671875	165.36697387695312	18.3798770904541	56.160736083984375
232.37289428710938	166.7002716064453	18.436038970947266	56.33234405517578
232.150146484375	166.94189453125	18.64638328552246	56.975059509277344
232.62265014648438	167.24819946289062	18.723834991455078	57.21171951293945
231.60189819335938	168.29556274414062	18.404010772705078	56.23447799682617
231.7284698486328	168.21121215820312	18.210521697998047	55.64326095581055
232.0937042236328	167.36390686035156	18.161087036132812	55.492210388183594
232.16488647460938	167.62820434570312	18.542158126831055	56.656593322753906
232.3980255126953	166.98861694335938	18.551143646240234	56.684051513671875
231.7978515625	165.6123809814453	18.49917984008789	56.5252685546875
231.0	166.0	17.0	56.0
231.018310546875	165.33792114257812	17.122859954833984	56.40471267700195
230.78439331054688	163.84780883789062	17.354351043701172	57.167274475097656
232.14315795898438	164.27012634277344	17.162418365478516	56.5350227355957
230.86349487304688	163.93783569335938	17.075450897216797	56.24854278564453
230.3568878173828	165.37911987304688	17.02384376525879	56.07854080200195
231.0574188232422	165.17898559570312	17.134563446044922	56.443260192871094
230.76541137695312	165.9243621826172	17.035770416259766	56.117835998535156
229.82861328125	164.7129364013672	17.132205963134766	56.435508728027344
228.5437774658203	165.9330596923828	17.089635848999023	56.29528045654297
227.6863555908203	165.53773498535156	16.985107421875	55.950950622558594
227.7974395751953	163.456298828125	17.166641235351562	56.5489387512207
227.77413940429688	163.98568725585938	17.21548843383789	56.7098503112793
227.31253051757812	163.02740478515625	17.12714195251465	56.41883087158203
226.527587890625	165.66873168945312	17.01511001586914	56.04978561401367
226.91995239257812	164.84310913085938	17.11307716369629	56.37249755859375
226.37319946289062	166.66575622558594	16.974897384643555	55.91731643676758
226.4462432861328	167.9740447998047	17.280853271484375	56.9251708984375
226.84957885742188	166.61463928222656	17.155616760253906	56.51262283325195
226.4398651123047	162.75047302246094	17.030200958251953	56.0994873046875
226.62167358398438	167.85794067382812	16.961383819580078	55.87279510498047
226.0554962158203	168.03750610351562	16.77620506286621	55.262794494628906
225.2397918701172	167.5101776123047	17.040348052978516	56.1329231262207
225.00540161132812	168.11697387695312	17.009830474853516	56.03240203857422
224.0	169.0	19.0	55.0
225.5592498779297	168.31825256347656	19.03728675842285	55.107933044433594
226.1024627685547	168.34347534179688	19.02585220336914	55.0748291015625
226.14999389648438	169.42855834960938	19.03391456604004	55.09816360473633
226.15847778320312	168.6036376953125	19.06551742553711	55.18964767456055
225.35726928710938	169.42420959472656	18.96328353881836	54.893707275390625
225.73410034179688	170.15599060058594	19.077434539794922	55.224143981933594
225.35952758789062	169.9004669189453	18.95322036743164	54.86457443237305
225.7801971435547	169.2904510498047	18.86066246032715	54.596641540527344
225.21044921875	169.39352416992188	18.98381996154785	54.953155517578125
225.1777801513672	169.14666748046875	19.036426544189453	55.105438232421875
224.165771484375	168.7470245361328	19.050031661987305	55.14482498168945
223.45272827148438	167.98361206054688	18.86814308166504	54.618309020996094
224.298095703125	169.1843719482422	18.823015213012695	54.4876708984375
223.48995971679688	167.20404052734375	18.967592239379883	54.90618133544922
223.81838989257812	167.2392120361328	18.91716957092285	54.760215759277344
224.05850219726562	167.2358856201172	18.78513526916504	54.37800979614258
223.7834014892578	168.74868774414062	18.630908966064453	53.93156814575195
222.0	169.0	20.0	52.0
220.3000030517578	169.82406616210938	19.664623260498047	51.128028869628906
220.25210571289062	170.66419982910156	19.411273956298828	50.46931838989258
221.0	169.0	20.0	51.0
221.0	168.0	19.0	53.0
220.7786865234375	166.29464721679688	19.108503341674805	53.30266571044922
221.4599609375	166.93472290039062	18.955053329467773	52.87462615966797
221.3975830078125	168.81491088867188	19.059036254882812	53.1646842956543
222.11526489257812	171.46510314941406	18.967975616455078	52.910667419433594
223.0	171.0	18.0	51.0
223.29965209960938	171.60983276367188	18.133169174194336	51.37731170654297
222.43228149414062	173.5415496826172	18.233360290527344	51.66118621826172
223.9110565185547	174.13999938964844	18.225513458251953	51.63895797729492
224.84585571289062	175.11181640625	17.981361389160156	50.94719696044922
225.7398223876953	174.06617736816406	18.04300880432129	51.121864318847656
225.77078247070312	175.3644256591797	18.009984970092773	51.02829360961914
226.4060821533203	173.70199584960938	18.2193546295166	51.62150955200195
227.4930419921875	173.9501495361328	18.15692138671875	51.444618225097656
226.52340698242188	173.34756469726562	17.736446380615234	50.253273010253906
228.0	172.0	15.0	49.0
228.79446411132812	171.6627960205078	15.095245361328125	49.311134338378906
228.21810913085938	171.13357543945312	15.598416328430176	50.95482635498047
228.8267059326172	171.71182250976562	15.607335090637207	50.98395919799805
229.4143524169922	169.3701934814453	15.75231647491455	51.45756912231445
229.5941925048828	169.87205505371094	15.88444995880127	51.88920974731445
229.5255584716797	168.5142822265625	16.09352684020996	52.57218551635742
229.67764282226562	168.275634765625	16.181781768798828	52.8604850769043
229.75894165039062	170.38870239257812	16.180572509765625	52.856529235839844
228.0	169.0	18.0	54.0
229.11868286132812	170.83773803710938	17.853801727294922	53.56140899658203
229.68496704101562	171.4741668701172	17.566120147705078	52.6983642578125
230.22225952148438	172.72653198242188	17.49869728088379	52.49610137939453
229.1947784423828	172.66403198242188	17.534564971923828	52.60370635986328
229.92324829101562	174.4538116455078	17.390329360961914	52.170997619628906
230.048828125	173.10015869140625	17.372100830078125	52.11631393432617
229.7290496826172	173.63818359375	17.44575309753418	52.3372688293457
228.82638549804688	172.7362518310547	17.549474716186523	52.6484375
229.636962890625	172.1690216064453	17.098474502563477	51.295433044433594
228.93106079101562	171.62542724609375	17.10919189453125	51.32758712768555
228.90267944335938	171.90631103515625	17.255401611328125	51.76621627807617
228.1398162841797	170.64462280273438	17.287639617919922	51.8629264831543
228.0	171.0	20.0	53.0
228.0	171.0	19.0	53.0
227.6318359375	169.76724243164062	19.31668472290039	53.883384704589844
227.59814453125	169.8065948486328	19.187519073486328	53.5230827331543
227.59091186523438	171.35301208496094	19.18557357788086	53.51765823364258
226.56936645507812	172.23423767089844	18.966793060302734	52.907379150390625
226.91207885742188	171.88430786132812	18.485776901245117	51.56560134887695
225.2625732421875	171.62916564941406	18.29250144958496	51.026466369628906
224.9384002685547	171.92333984375	18.05172348022461	50.35482406616211
224.46597290039062	172.8888397216797	17.948869705200195	50.06791687011719
223.1237030029297	172.35116577148438	18.11478042602539	50.530723571777344
221.60354614257812	170.5888671875	18.165653228759766	50.67262649536133
219.9084014892578	167.28543090820312	18.632396697998047	51.9745979309082
220.21810913085938	168.4550323486328	18.215145111083984	50.81068420410156
219.2672576904297	168.59365844726562	18.225051879882812	50.83832550048828
218.6910858154297	171.39089965820312	18.50708770751953	51.62506103515625
217.0173797607422	169.96768188476562	18.46078872680664	51.49591827392578
216.5521240234375	165.6353302001953	18.401865005493164	51.33155059814453
216.19589233398438	167.98599243164062	18.022851943969727	50.2743034362793
214.22842407226562	167.7720489501953	18.25600814819336	50.924686431884766
213.52725219726562	168.00051879882812	18.341562271118164	51.163333892822266
212.3896484375	169.4128875732422	18.05685806274414	50.36915588378906
211.64602661132812	169.59510803222656	18.098918914794922	50.48648452758789
211.2854461669922	169.36964416503906	18.124691009521484	50.558380126953125
210.6167755126953	170.04251098632812	18.151960372924805	50.63444519042969
210.5955047607422	168.21803283691406	18.465526580810547	51.509132385253906
210.74996948242188	169.1566162109375	18.511110305786133	51.63628387451172
209.347900390625	170.6342315673828	18.585399627685547	51.8435173034668
209.2017822265625	170.16873168945312	18.546842575073242	51.7359619140625
209.6421356201172	169.7067108154297	18.593542098999023	51.866233825683594
209.99008178710938	167.15138244628906	18.845569610595703	52.56926345825195
210.17507934570312	166.46327209472656	18.98717498779297	52.964271545410156
210.72586059570312	166.77099609375	19.01428985595703	53.0399055480957
210.49923706054688	166.29824829101562	19.37068748474121	54.0340690612793
274.0	163.0	18.0	52.0
274.1603088378906	163.39503479003906	18.022159576416016	52.06401824951172
273.0	162.0	18.0	53.0
273.0	161.0	18.0	53.0
272.9312438964844	159.31442260742188	18.190061569213867	53.55963134765625
272.5389099121094	159.75694274902344	18.129486083984375	53.38126754760742
272.22979736328125	159.1117401123047	17.987342834472656	52.962730407714844
271.4974670410156	159.54891967773438	18.052017211914062	53.153160095214844
271.3129577636719	160.4469451904297	17.888111114501953	52.67055130004883
270.4757080078125	159.86282348632812	17.8302001953125	52.500038146972656
270.2890319824219	160.566162109375	17.76669692993164	52.31304931640625
270.5083923339844	158.76348876953125	17.782567977905273	52.35978317260742
219.0	164.0	21.0	56.0
219.0	165.0	22.0	55.0
221.0	165.0	20.0	56.0
220.0	165.0	22.0	56.0
220.54541015625	163.80410766601562	21.813129425048828	55.524330139160156
221.4535369873047	167.03721618652344	21.363637924194336	54.380165100097656
224.6084442138672	165.14013671875	21.682430267333984	55.1916389465332
225.1502227783203	166.91983032226562	21.46670150756836	54.64250946044922
227.3241729736328	165.06082153320312	21.611940383911133	55.01220703125
227.18490600585938	165.42337036132812	21.02189826965332	53.510276794433594
228.19552612304688	166.1331787109375	20.989864349365234	53.428741455078125
229.54000854492188	164.9386749267578	21.313045501708984	54.25138473510742
230.85891723632812	166.1322021484375	21.28347396850586	54.176109313964844
231.17495727539062	166.3666534423828	20.944639205932617	53.31361770629883
233.0	167.0	20.0	48.0
233.0	164.0	21.0	55.0
235.35446166992188	164.85667419433594	20.795574188232422	54.46460723876953
236.0282745361328	165.38339233398438	20.737369537353516	54.312164306640625
237.3057403564453	164.9178466796875	20.67514419555664	54.149192810058594
238.8971710205078	165.46963500976562	20.492595672607422	53.67109298706055
239.0795135498047	163.63319396972656	21.173208236694336	55.453651428222656
241.2850341796875	163.47909545898438	20.912551879882812	54.7709846496582
241.88211059570312	162.9826202392578	21.00765037536621	55.020057678222656
242.87313842773438	164.24502563476562	20.98899269104004	54.97119903564453
244.65414428710938	163.5828857421875	21.029674530029297	55.07773971557617
245.39266967773438	163.3846435546875	21.19518280029297	55.51121139526367
245.412353515625	163.6814727783203	21.12950325012207	55.33919143676758
247.6016845703125	164.88168334960938	20.97047233581543	54.92267990112305
246.4911346435547	165.07911682128906	21.087167739868164	55.22831344604492
247.39761352539062	166.4410400390625	20.884389877319336	54.697227478027344
247.46231079101562	164.60641479492188	20.812274932861328	54.50835037231445
248.385009765625	164.21881103515625	20.670040130615234	54.135826110839844
249.04934692382812	165.39083862304688	20.65155601501465	54.0874137878418
250.66439819335938	166.1485595703125	20.699016571044922	54.21171951293945
249.46347045898438	163.16490173339844	20.786060333251953	54.439697265625
249.42782592773438	163.9633331298828	20.690277099609375	54.18883514404297
250.4079132080078	164.403076171875	20.601646423339844	53.95671463012695
252.465087890625	163.0401153564453	20.416324615478516	53.471351623535156
253.3246307373047	164.05319213867188	20.360733032226562	53.32575225830078
252.6524658203125	164.9490966796875	20.57685089111328	53.89177703857422
253.69564819335938	164.022705078125	21.096099853515625	55.2517204284668
254.1240997314453	164.22488403320312	21.283212661743164	55.74177932739258
254.12130737304688	163.41500854492188	21.498249053955078	56.30497360229492
254.9206085205078	163.3459014892578	21.435598373413086	56.14088821411133
256.5799865722656	164.76577758789062	20.9750919342041	54.93479537963867
256.4598693847656	164.23812866210938	21.148109436035156	55.387939453125
256.64501953125	164.16531372070312	21.155237197875977	55.4066047668457
256.80035400390625	162.7434844970703	21.588966369628906	56.542564392089844
256.6787109375	163.37142944335938	21.761343002319336	56.9940299987793
257.08917236328125	162.4713134765625	21.564773559570312	56.47920608520508
257.8653564453125	162.20445251464844	21.85368537902832	57.235877990722656
257.560302734375	162.76681518554688	22.18695831298828	58.108741760253906
257.35614013671875	162.42552185058594	22.501705169677734	58.933082580566406
258.047607421875	161.74295043945312	22.801477432250977	59.71819305419922
258.46514892578125	162.3710174560547	22.86397933959961	59.88188552856445
259.55596923828125	160.615234375	23.020709991455078	60.2923698425293
259.65411376953125	160.48890686035156	23.118141174316406	60.54754638671875
260.40338134765625	160.0449676513672	23.46468734741211	61.455177307128906
260.4617004394531	160.79542541503906	23.914413452148438	62.63303756713867
260.9389953613281	160.39950561523438	23.871458053588867	62.520538330078125
262.1385192871094	161.45762634277344	23.796903610229492	62.325279235839844
262.90948486328125	162.52297973632812	23.617860794067383	61.856361389160156
264.35589599609375	162.1643829345703	23.45655632019043	61.43389892578125
264.86712646484375	160.4117431640625	23.969453811645508	62.77720260620117
267.0	163.0	18.0	55.0
269.33355712890625	164.0051727294922	18.03351593017578	55.1024169921875
268.66156005859375	161.9567413330078	17.9049129486084	54.70946502685547
269.9971618652344	164.21237182617188	18.173076629638672	55.52885818481445
271.2373352050781	161.54434204101562	18.438831329345703	56.34088897705078
270.7618713378906	163.05543518066406	18.276016235351562	55.8433952331543
271.22869873046875	164.22506713867188	18.46895408630371	56.43292999267578
272.28521728515625	165.3702850341797	18.544261932373047	56.66303634643555
272.2721252441406	166.8782196044922	18.778451919555664	57.37861251831055
273.1047058105469	162.978515625	19.08010482788086	58.300331115722656
274.4085998535156	163.8668975830078	19.27008819580078	58.880836486816406
274.51470947265625	160.22377014160156	19.525310516357422	59.66068649291992
276.10589599609375	160.48934936523438	19.43623161315918	59.38849639892578
276.4601135253906	159.54513549804688	19.477397918701172	59.5142822265625
277.6553039550781	162.04122924804688	19.32624053955078	59.05241012573242
278.0432434082031	162.97972106933594	19.329448699951172	59.062217712402344
280.0680236816406	161.14419555664062	19.407672882080078	59.301231384277344
281.1707763671875	162.05709838867188	19.181684494018555	58.6107177734375
281.74664306640625	162.33229064941406	19.18815803527832	58.6304931640625
283.02386474609375	160.81503295898438	18.908910751342773	57.77724075317383
284.10174560546875	161.23568725585938	18.80561065673828	57.46160125732422
284.616943359375	160.8427734375	19.00484275817871	58.07036590576172
285.2716369628906	159.72802734375	18.90427017211914	57.76305389404297
286.5157165527344	162.09500122070312	18.673870086669922	57.059051513671875
287.23065185546875	163.27333068847656	18.40595245361328	56.24040985107422
288.62054443359375	162.70162963867188	18.76743507385254	57.344932556152344
289.33245849609375	163.99282836914062	19.096302032470703	58.34981155395508
289.07037353515625	164.5966339111328	18.93402862548828	57.853981018066406
290.2883605957031	161.94102478027344	18.931110382080078	57.845062255859375
291.42303466796875	163.9170379638672	18.896053314208984	57.737945556640625
291.5514831542969	164.0502166748047	18.991891860961914	58.030784606933594
292.8081970214844	159.9834747314453	19.09895896911621	58.35792922973633
293.9661560058594	162.76766967773438	18.98922348022461	58.02262496948242
294.836669921875	161.39395141601562	19.172151565551758	58.581573486328125
296.069580078125	162.06883239746094	18.77339744567871	57.3631591796875
296.88031005859375	164.63626098632812	18.77555274963379	57.36974334716797
298.32794189453125	165.230224609375	19.014015197753906	58.0983772277832
301.82562255859375	165.02774047851562	19.058879852294922	58.2354621887207
286.6287536621094	162.0974884033203	19.448415756225586	59.42571258544922
273.27813720703125	163.86354064941406	19.634525299072266	59.99437713623047
260.4781188964844	164.13665771484375	19.81631088256836	60.549835205078125
241.5161895751953	164.49368286132812	19.8955020904541	60.79180145263672
223.2021484375	163.94631958007812	19.7759952545166	60.42664337158203
216.159423828125	166.99765014648438	19.761510848999023	60.38238525390625
242.2014923095703	165.03465270996094	19.618267059326172	59.9447021484375
244.09072875976562	162.34214782714844	19.881038665771484	60.74761199951172
222.02828979492188	155.58920288085938	19.896080017089844	60.7935676574707
207.0563507080078	143.84628295898438	19.800983428955078	60.50299072265625
189.3052978515625	151.50665283203125	19.986669540405273	61.07036209106445
95.0	153.0	25.0	60.0
83.8656234741211	153.2406463623047	25.19984245300293	60.4796257019043
73.40345764160156	153.8900146484375	25.310482025146484	60.74515914916992
62.142852783203125	155.1145782470703	25.33510398864746	60.80425262451172
53.9274787902832	152.12222290039062	24.831857681274414	59.596466064453125
49.187740325927734	147.37533569335938	24.920522689819336	59.80926513671875
45.20465087890625	147.2109375	25.481246948242188	61.155006408691406
50.0	156.0	17.0	55.0
49.099185943603516	156.3525390625	17.150659561157227	55.4874267578125
46.853904724121094	158.36912536621094	17.122297286987305	55.395660400390625
43.78667068481445	157.116943359375	16.941144943237305	54.80957794189453
41.674644470214844	156.28048706054688	17.039709091186523	55.12846755981445
38.958717346191406	157.13088989257812	17.002614974975586	55.008460998535156
37.04596710205078	155.88497924804688	17.3454532623291	56.117637634277344
36.40180969238281	158.94175720214844	17.516080856323242	56.66967010498047
35.37665939331055	158.43984985351562	17.722652435302734	57.33799362182617
34.603355407714844	156.0939178466797	17.68638038635254	57.22063446044922
34.728267669677734	154.49761962890625	17.77083396911621	57.493873596191406
34.390106201171875	155.89564514160156	17.850635528564453	57.75205612182617
34.72056198120117	155.46856689453125	17.975200653076172	58.155052185058594
33.653221130371094	157.17013549804688	18.082340240478516	58.501670837402344
33.57688522338867	155.33889770507812	18.062244415283203	58.4366569519043
32.43100357055664	156.14794921875	18.210376739501953	58.91591262817383
32.338985443115234	155.78744506835938	18.404346466064453	59.54344940185547
30.5293025970459	155.8575439453125	18.773836135864258	60.738853454589844
30.24551010131836	156.2841339111328	18.72744369506836	60.58876419067383
29.86181640625	155.154052734375	18.720325469970703	60.56573486328125
31.065576553344727	156.04566955566406	18.907371520996094	61.170875549316406
31.316329956054688	154.6975555419922	18.70206642150879	60.50664520263672
32.42668914794922	153.36521911621094	18.90869903564453	61.17516326904297
31.477096557617188	154.62350463867188	19.174663543701172	62.03564453125
32.75309371948242	154.67689514160156	19.09619140625	61.78175735473633
32.52056121826172	154.14511108398438	19.41929054260254	62.82707595825195
33.078556060791016	151.88694763183594	19.642091751098633	63.54790115356445
33.48603439331055	153.21926879882812	19.592103958129883	63.38616943359375
37.43445587158203	150.63070678710938	19.792098999023438	64.03321075439453
38.84358596801758	150.3745574951172	19.666080474853516	63.6254997253418
41.31766128540039	151.252685546875	19.7227783203125	63.808937072753906
43.922508239746094	153.23788452148438	19.683063507080078	63.680450439453125
45.188934326171875	152.5327606201172	19.451215744018555	62.93035125732422
47.69782257080078	151.4102020263672	19.73092269897461	63.835289001464844
47.429473876953125	150.14010620117188	19.959644317626953	64.57527160644531
48.66182327270508	151.56326293945312	20.111034393310547	65.0650634765625
48.128787994384766	149.85304260253906	20.215831756591797	65.40411376953125
50.211509704589844	148.77294921875	20.13875961303711	65.1547622680664
46.43367004394531	146.34027099609375	24.811777114868164	64.4825210571289
48.11781692504883	148.7333984375	24.476558685302734	63.61133575439453
41.94385528564453	144.75540161132812	28.083337783813477	64.58187866210938
40.563941955566406	144.56680297851562	25.99815559387207	62.301795959472656
35.80998992919922	141.2369842529297	28.787668228149414	64.04944610595703
33.7486686706543	141.2841033935547	26.089126586914062	62.27328109741211
30.177013397216797	138.87286376953125	27.66969871520996	63.64645004272461
27.907649993896484	138.88194274902344	25.561662673950195	62.650413513183594
50.69464874267578	141.71864318847656	26.07779884338379	63.915435791015625
51.21647262573242	143.0478515625	25.465957641601562	62.41584014892578
47.32029342651367	141.53134155273438	23.143400192260742	59.93244552612305
55.35221481323242	154.82742309570312	23.228404998779297	60.1525764465332
57.34746551513672	152.78414916992188	23.158411026000977	59.9713134765625
58.066566467285156	152.64349365234375	23.063629150390625	59.725868225097656
59.13371658325195	151.54293823242188	23.565452575683594	61.02539825439453
60.1193733215332	149.8734588623047	24.038013458251953	62.24915313720703
57.54840850830078	147.5593719482422	25.45334815979004	61.661468505859375
58.51342010498047	145.61874389648438	25.62396240234375	62.07477951049805
61.40753173828125	150.7071533203125	25.323848724365234	61.347747802734375
63.79887008666992	149.44589233398438	25.20311164855957	61.05525588989258
63.656761169433594	148.6343536376953	25.253215789794922	61.1766357421875
64.900390625	149.1025390625	25.328615188598633	61.359291076660156
63.90544891357422	146.9363555908203	25.633419036865234	62.097679138183594
61.22154235839844	144.11294555664062	26.619661331176758	62.41468048095703
65.74261474609375	146.06890869140625	26.65679359436035	62.501739501953125
69.67620086669922	148.58062744140625	26.432714462280273	61.976341247558594
70.85820007324219	147.22268676757812	26.802654266357422	62.84373092651367
72.13265228271484	148.79251098632812	26.796655654907227	62.82966995239258
72.53141021728516	148.01626586914062	26.930435180664062	63.143333435058594
74.34807586669922	149.8611602783203	26.699481964111328	62.6018180847168
76.88916015625	150.51492309570312	26.60880470275879	62.38920974731445
77.31901550292969	151.9536895751953	26.78194808959961	62.7951774597168
78.27176666259766	147.92398071289062	26.641498565673828	62.46586227416992
77.60353088378906	149.7405548095703	26.744861602783203	62.70820999145508
79.15044403076172	148.96279907226562	26.837244033813477	62.9248161315918
78.94270324707031	148.52072143554688	26.700759887695312	62.60480499267578
78.7301025390625	146.75262451171875	26.6645450592041	62.51988983154297
81.22697448730469	144.8290252685547	26.647533416748047	62.480003356933594
81.44185638427734	147.54263305664062	26.175922393798828	61.37422561645508
82.10279846191406	147.96725463867188	26.231929779052734	61.50554656982422
82.1592025756836	147.2437744140625	26.046600341796875	61.071006774902344
83.42353820800781	148.28173828125	26.10758399963379	61.21399688720703
85.32804870605469	148.53839111328125	26.156143188476562	61.327857971191406
86.94187927246094	148.94044494628906	25.991714477539062	60.94232177734375
87.14219665527344	149.095703125	26.30695152282715	61.68144989013672
88.87149810791016	148.03323364257812	26.114742279052734	61.23077392578125
90.23793029785156	147.22470092773438	26.248035430908203	61.543296813964844
92.95814514160156	148.0294189453125	26.26287841796875	61.578094482421875
94.26216125488281	147.14022827148438	26.461360931396484	62.043479919433594
96.60401916503906	147.2137908935547	26.06595230102539	61.116371154785156
98.346923828125	145.74087524414062	26.069162368774414	61.1238899230957
101.22994232177734	146.0352783203125	25.951419830322266	60.847816467285156
104.32901763916016	147.11155700683594	25.6423282623291	60.12309646606445
105.22210693359375	145.6334228515625	25.5535945892334	59.91504669189453
107.8812026977539	146.57553100585938	25.733779907226562	60.33751678466797
110.3702621459961	146.49029541015625	25.54172706604004	59.88721466064453
112.16507720947266	147.1289825439453	25.523723602294922	59.845001220703125
116.30126953125	147.0382537841797	25.695383071899414	60.24748611450195
119.386474609375	148.37271118164062	25.312047958374023	59.34868621826172
123.118408203125	148.90542602539062	25.235525131225586	59.169273376464844
126.22486877441406	149.9950408935547	25.450199127197266	59.672607421875
128.44667053222656	147.1814727783203	25.626562118530273	60.08612823486328
131.6309356689453	147.19070434570312	25.4334659576416	59.63338088989258
134.7144317626953	146.50486755371094	25.292144775390625	59.302024841308594
136.72633361816406	147.30130004882812	25.669164657592773	60.18601608276367
139.22085571289062	145.9827117919922	25.589675903320312	59.99964141845703
142.348876953125	147.550537109375	25.407611846923828	59.57276153564453
146.38450622558594	145.90505981445312	25.59092140197754	60.0025634765625
148.90023803710938	147.24612426757812	25.607860565185547	60.04227828979492
151.10179138183594	148.04946899414062	25.298131942749023	59.316062927246094
152.1209259033203	147.2762451171875	25.5778865814209	59.97199630737305
155.38975524902344	147.54318237304688	25.892017364501953	60.708526611328125
158.52146911621094	147.09024047851562	25.92315101623535	60.781532287597656
164.0	148.0	20.0	60.0
167.1436309814453	148.25845336914062	20.339670181274414	61.019012451171875
171.33285522460938	146.3943328857422	19.9639892578125	59.89197540283203
172.02841186523438	148.5657501220703	19.945514678955078	59.8365478515625
173.8067169189453	148.61618041992188	20.239622116088867	60.71887969970703
176.65948486328125	147.54782104492188	20.383968353271484	61.15191650390625
179.40206909179688	148.0108184814453	20.346330642700195	61.03899383544922
184.6639404296875	146.97695922851562	20.427003860473633	61.28101348876953
184.78213500976562	149.95913696289062	20.459781646728516	61.37935256958008
187.92979431152344	148.90835571289062	20.321575164794922	60.9647331237793
187.5723876953125	151.05001831054688	19.592952728271484	58.77886199951172
191.95474243164062	149.13357543945312	19.876949310302734	59.63085174560547
191.44110107421875	148.06570434570312	20.19356918334961	60.580711364746094
195.6160888671875	147.3594512939453	20.601055145263672	61.80316162109375
197.32559204101562	147.87789916992188	20.66793441772461	62.00380325317383
195.93255615234375	146.97091674804688	20.912216186523438	62.73665237426758
198.39895629882812	146.4586181640625	20.823896408081055	62.4716911315918
198.98841857910156	145.5705108642578	21.047910690307617	63.14373779296875
200.8560028076172	147.63583374023438	20.786834716796875	62.360504150390625
202.09805297851562	146.57545471191406	20.53034210205078	61.591026306152344
201.7792510986328	147.62229919433594	20.188068389892578	60.564208984375
202.27313232421875	150.3186798095703	20.285919189453125	60.857765197753906
203.58985900878906	148.76571655273438	20.249645233154297	60.74894332885742
204.7959747314453	149.2466583251953	20.296581268310547	60.8897590637207
207.0577850341797	153.14315795898438	19.840225219726562	59.52068328857422
209.0	155.0	18.0	51.0
209.52450561523438	154.37889099121094	18.019535064697266	51.05535125732422
210.37939453125	154.51144409179688	17.867334365844727	50.62411880493164
209.96151733398438	152.1274871826172	17.93135643005371	50.80551528930664
213.0	154.0	16.0	49.0
213.73001098632812	155.58389282226562	15.987688064575195	48.9622917175293
216.8154296875	156.03749084472656	16.128787994384766	49.39440155029297
216.6813507080078	156.3998260498047	16.18239402770996	49.55856704711914
218.5448455810547	155.44427490234375	16.198402404785156	49.60759735107422
220.0590362548828	154.5919189453125	16.295917510986328	49.90623474121094
221.0387420654297	155.54075622558594	16.532760620117188	50.631568908691406
221.81973266601562	153.7425537109375	16.322887420654297	49.988834381103516
224.2928466796875	157.4235076904297	16.381736755371094	50.16905975341797
225.24508666992188	157.04859924316406	16.554407119750977	50.69786834716797
226.52877807617188	152.97317504882812	16.46499252319336	50.424034118652344
228.65682983398438	153.75326538085938	16.47530746459961	50.45561981201172
230.59878540039062	156.1851043701172	16.45062828063965	50.380043029785156
231.7686309814453	154.01962280273438	16.366281509399414	50.121726989746094
233.5908660888672	155.69705200195312	16.416576385498047	50.2757568359375
234.0036163330078	156.13796997070312	16.554969787597656	50.69957733154297
235.2591094970703	156.15292358398438	16.61150550842285	50.872718811035156
237.78140258789062	155.43911743164062	16.619897842407227	50.89842224121094
237.71737670898438	157.63241577148438	16.51365852355957	50.573062896728516
240.3282470703125	156.3487091064453	16.580944061279297	50.77912521362305
241.46908569335938	160.19879150390625	16.106779098510742	49.326995849609375
244.684814453125	163.1887969970703	16.214879989624023	49.658058166503906
245.2310028076172	159.28245544433594	16.29646873474121	49.907920837402344
245.68527221679688	156.92677307128906	16.43094253540039	50.31975173950195
246.7765655517578	155.27923583984375	16.11469078063965	49.351234436035156
248.52249145507812	156.6237335205078	15.832136154174805	48.48591232299805
249.2402801513672	156.54315185546875	15.821588516235352	48.453609466552734
250.4200439453125	157.24874877929688	16.024227142333984	49.074188232421875
251.5395050048828	156.64224243164062	16.077417373657227	49.237083435058594
252.447998046875	156.70269775390625	16.41518783569336	50.271507263183594
252.67239379882812	156.1455535888672	16.401975631713867	50.231048583984375
251.4761505126953	155.66744995117188	16.749305725097656	51.29474639892578
251.8247528076172	156.27249145507812	16.731775283813477	51.241058349609375
251.7963409423828	156.75169372558594	17.070167541503906	52.277381896972656
250.4098663330078	159.1915283203125	17.371845245361328	53.201271057128906
249.29159545898438	160.2453155517578	17.17722511291504	52.605247497558594
247.72927856445312	161.45907592773438	17.27512550354004	52.905067443847656
246.1416473388672	159.86424255371094	17.495798110961914	53.58087921142578
243.6842498779297	157.5729522705078	17.748794555664062	54.355682373046875
240.36038208007812	156.83763122558594	17.73094367980957	54.3010139465332
237.5524444580078	155.7444610595703	17.68973159790039	54.17479705810547
233.1513214111328	157.7714385986328	17.914127349853516	54.86201095581055
228.67471313476562	157.19729614257812	18.140926361083984	55.55658721923828
224.78317260742188	157.89193725585938	17.876222610473633	54.74592971801758
220.04922485351562	159.9095916748047	17.795743942260742	54.49946975708008
216.1504669189453	158.89852905273438	17.824735641479492	54.58826446533203
212.47314453125	159.0771484375	17.812297821044922	54.55017852783203
207.69790649414062	155.07171630859375	18.00606346130371	55.143592834472656
201.7985076904297	158.31690979003906	18.012680053710938	55.16386032104492
198.0649871826172	155.64576721191406	18.433393478393555	56.452293395996094
194.27359008789062	158.7344207763672	18.399272918701172	56.347801208496094
193.7601318359375	161.47113037109375	18.521657943725586	56.72260665893555
188.62014770507812	161.64920043945312	18.47127342224121	56.56830596923828
184.21859741210938	159.19097900390625	18.326725006103516	56.1256217956543
182.9215850830078	160.51251220703125	18.36993980407715	56.257972717285156
179.62771606445312	163.62933349609375	18.336162567138672	56.1545295715332
178.70726013183594	159.5963897705078	18.301162719726562	56.047340393066406
187.8067626953125	158.64198303222656	18.695974349975586	57.2564582824707
177.20822143554688	159.4033660888672	18.68377685546875	57.2191047668457
175.91400146484375	159.85977172851562	18.832473754882812	57.67448806762695
176.24252319335938	152.0209503173828	18.908817291259766	57.908294677734375
186.93104553222656	153.61329650878906	19.005971908569336	58.20582962036133
175.50186157226562	148.29226684570312	19.34363555908203	59.23992156982422
183.2642822265625	155.37164306640625	19.34381103515625	59.240455627441406
175.2431640625	151.67739868164062	19.39951515197754	59.411048889160156
173.85592651367188	154.6990203857422	19.327957153320312	59.19190216064453
175.8813018798828	159.0096435546875	19.34848403930664	59.2547607421875
176.23513793945312	157.74769592285156	19.354217529296875	59.2723274230957
173.05545043945312	148.81460571289062	19.39211654663086	59.388404846191406
175.0901336669922	149.3402557373047	19.3428897857666	59.237648010253906
171.7398223876953	143.5430450439453	19.639507293701172	60.14604568481445
171.00538635253906	156.85911560058594	19.84920883178711	60.78825759887695
169.54812622070312	153.38262939453125	19.961450576782227	61.13199996948242
165.73251342773438	150.30128479003906	19.46721839904785	59.618408203125
164.6880645751953	146.42916870117188	19.2830753326416	59.054466247558594
162.1142120361328	147.59793090820312	19.207008361816406	58.82151412963867
160.81512451171875	149.49343872070312	19.25321388244629	58.9630241394043
157.53427124023438	149.23458862304688	19.363540649414062	59.3009033203125
157.54197692871094	145.7270050048828	19.186763763427734	58.75952911376953
155.2643280029297	149.78392028808594	19.1523494720459	58.654136657714844
153.17236328125	149.27745056152344	19.275833129882812	59.032310485839844
151.10678100585938	150.36190795898438	19.090911865234375	58.46598434448242
150.570068359375	153.83480834960938	19.090219497680664	58.4638557434082
149.09103393554688	159.33189392089844	18.87955093383789	57.81867599487305
145.73898315429688	157.44424438476562	18.706165313720703	57.287681579589844
143.30517578125	160.72280883789062	18.658939361572266	57.1430549621582
140.2540740966797	158.75694274902344	18.772686004638672	57.49140548706055
138.90863037109375	158.80516052246094	18.59406089782715	56.944374084472656
137.30206298828125	160.77059936523438	18.09255027770996	55.40849685668945
135.2775421142578	162.05789184570312	17.786754608154297	54.47199630737305
132.9541778564453	157.82907104492188	17.904895782470703	54.83380126953125
133.18551635742188	158.37997436523438	17.938663482666016	54.937217712402344
138.09915161132812	157.40464782714844	17.751277923583984	54.36334991455078
130.7539520263672	157.19271850585938	17.530704498291016	53.687843322753906
130.82269287109375	155.11172485351562	17.657054901123047	54.07478713989258
142.17250061035156	154.8936309814453	17.45440101623535	53.45416259765625
139.5858154296875	154.3954315185547	17.716224670410156	54.2559928894043
127.0243148803711	151.01229858398438	18.261096954345703	55.9246711730957
123.939697265625	145.72850036621094	18.45749855041504	56.526153564453125
120.50718688964844	147.7137451171875	18.285654067993164	55.99987030029297
116.38492584228516	144.28732299804688	18.1674747467041	55.63794708251953
112.9773178100586	148.34848022460938	18.153778076171875	55.59599685668945
108.57574462890625	144.14666748046875	18.40623664855957	56.3691520690918
108.57930755615234	151.62916564941406	18.276214599609375	55.9709587097168
105.86016845703125	160.2344970703125	17.887231826782227	54.779701232910156
104.79823303222656	162.99295043945312	17.820392608642578	54.57500076293945
102.96305847167969	163.7490692138672	17.7318115234375	54.30371856689453
101.39752960205078	163.75424194335938	17.514522552490234	53.638267517089844
97.89237976074219	162.5643310546875	17.5937557220459	53.88092041015625
95.8668441772461	163.87210083007812	17.47848892211914	53.527915954589844
115.89544677734375	152.1438446044922	17.477901458740234	53.526123046875
85.5854263305664	154.71083068847656	17.463306427001953	53.481422424316406
92.535888671875	163.13365173339844	17.507740020751953	53.61750030517578
91.63184356689453	156.37356567382812	17.2119197845459	52.7115478515625
90.09866333007812	161.1881561279297	17.24201011657715	52.8036994934082
89.80481719970703	159.7897186279297	17.248950958251953	52.824951171875
67.7418441772461	151.8662872314453	17.450891494750977	53.443397521972656
82.62565612792969	157.74630737304688	17.07587242126465	52.29490280151367
72.91685485839844	156.50181579589844	16.89853286743164	51.751800537109375
83.72004699707031	149.20370483398438	16.78432846069336	51.40204620361328
70.65007019042969	151.38525390625	17.187387466430664	52.63642120361328
56.72259521484375	150.94252014160156	17.24847984313965	52.823516845703125
56.89293670654297	152.7609405517578	17.19359588623047	52.65543746948242
66.44209289550781	150.20297241210938	17.34841537475586	53.12957000732422
57.0	150.0	18.0	50.0
58.71577072143555	150.9355926513672	18.46148109436035	51.281898498535156
87.73540496826172	160.4674835205078	18.61160659790039	51.69892120361328
89.3748550415039	158.35096740722656	18.71321678161621	51.981178283691406
89.32461547851562	162.62106323242188	18.565752029418945	51.57155227661133
97.02806091308594	162.12478637695312	18.307924270629883	50.8553581237793
99.09300994873047	166.66989135742188	18.350337982177734	50.973167419433594
100.5061264038086	166.40087890625	18.593772888183594	51.649375915527344
98.71715545654297	165.59051513671875	18.074399948120117	50.2066764831543
98.36946868896484	155.60031127929688	18.1807918548584	50.5022087097168
102.13530731201172	167.7208709716797	17.937734603881836	49.82705307006836
105.44383239746094	158.36141967773438	18.01016616821289	50.02825164794922
106.70585632324219	159.31195068359375	17.760778427124023	49.335506439208984
103.0	159.0	18.0	50.0
100.4854736328125	164.6418914794922	17.957279205322266	49.881324768066406
99.58927917480469	159.01805114746094	18.322101593017578	50.89472198486328
102.928955078125	153.276611328125	18.43546485900879	51.209617614746094
96.45402526855469	163.32960510253906	18.656681060791016	51.8241081237793
87.39012145996094	157.14279174804688	18.594852447509766	51.652366638183594
95.03804779052734	163.7526397705078	18.388700485229492	51.07971954345703
84.96395874023438	159.47607421875	18.284896850585938	50.79137420654297
94.0655746459961	160.4001922607422	18.48549461364746	51.348594665527344
93.28443908691406	161.9432830810547	18.683788299560547	51.8994140625
91.6509017944336	162.70005798339844	18.422407150268555	51.17335891723633
90.05900573730469	163.38912963867188	18.807735443115234	52.24371337890625
89.09861755371094	165.6136474609375	18.9638671875	52.67741775512695
86.15995788574219	163.48831176757812	19.104169845581055	53.0671501159668
81.70771789550781	163.3424072265625	19.39504623413086	53.87514114379883
79.44782257080078	161.0723114013672	19.524377822875977	54.234397888183594
79.97377014160156	161.03518676757812	19.92974281311035	55.36041259765625
76.95555877685547	159.96524047851562	20.30069351196289	56.390830993652344
72.5648193359375	164.47732543945312	20.2841854095459	56.34497833251953
67.85954284667969	165.93350219726562	20.190271377563477	56.0841064453125
68.58811950683594	165.03334045410156	20.110965728759766	55.86381912231445
66.44796752929688	166.7100067138672	19.98752212524414	55.52092361450195
64.73008728027344	165.12887573242188	20.254100799560547	56.26142120361328
64.87632751464844	165.7334442138672	20.148752212524414	55.96879196166992
60.394065856933594	166.4035186767578	19.965002059936523	55.4583740234375
56.637298583984375	165.5320587158203	20.10942268371582	55.85953903198242
54.38947677612305	163.6637725830078	20.245046615600586	56.23627471923828
50.25289535522461	160.34283447265625	20.59514808654785	57.208778381347656
46.0989875793457	163.51248168945312	20.396631240844727	56.6573486328125
43.38750457763672	165.162109375	20.143526077270508	55.95427703857422
41.10580062866211	163.25839233398438	20.0942440032959	55.8173828125
39.40464782714844	163.7506866455078	20.07886505126953	55.774658203125
36.56031036376953	162.33338928222656	20.456823348999023	56.82454299926758
33.62730407714844	163.32447814941406	20.477550506591797	56.88212203979492
33.12892532348633	161.4396209716797	20.675243377685547	57.4312629699707
31.611125946044922	157.51913452148438	20.67649269104004	57.43473434448242
34.17087936401367	157.95285034179688	20.632925033569336	57.313720703125
31.015750885009766	156.3326873779297	21.013866424560547	58.37189483642578
33.08898162841797	153.59226989746094	21.09349822998047	58.59309768676758
34.83382034301758	155.8236541748047	20.90283966064453	58.0634880065918
34.965660095214844	158.82566833496094	20.77322006225586	57.70343017578125
36.01055145263672	157.38626098632812	21.18918800354004	58.8588981628418
35.9600830078125	155.04165649414062	21.500368118286133	59.723289489746094
34.50852584838867	157.19432067871094	21.870960235595703	60.752708435058594
33.504119873046875	162.71395874023438	21.767337799072266	60.464866638183594
31.657108306884766	158.89111328125	21.69960594177246	60.27672576904297
31.1179141998291	156.58660888671875	21.596065521240234	59.9891242980957
29.438879013061523	156.04977416992188	21.734939575195312	60.37488555908203
27.706806182861328	154.59629821777344	22.128646850585938	61.4685173034668
25.592823028564453	154.85691833496094	22.10158920288086	61.39335250854492
24.100839614868164	158.11976623535156	22.385204315185547	62.18117141723633
21.94351577758789	156.48336791992188	22.28208351135254	61.89472579956055
18.886707305908203	156.5291290283203	21.827075958251953	60.63081741333008
16.534746170043945	158.0915985107422	21.74566078186035	60.40465545654297
13.938238143920898	158.5874786376953	21.96201515197754	61.00563430786133
12.245012283325195	159.8792266845703	21.859960556030273	60.72214889526367
11.423103332519531	155.4368438720703	21.501869201660156	59.727455139160156
8.718090057373047	154.7933349609375	21.175434112548828	58.82068634033203
7.6260480880737305	155.6553955078125	20.97629165649414	58.26750946044922
