88.0	213.0	43.0	58.0
92.0	214.0	45.0	58.0
97.0	216.0	45.0	56.0
102.0	212.0	43.0	59.0
106.0	214.0	45.0	57.0
113.0	209.0	41.0	62.0
115.0	207.0	46.0	64.0
120.0	209.0	44.0	61.0
124.0	208.0	44.0	62.0
127.0	208.0	46.0	62.0
130.0	209.0	46.0	62.0
134.0	207.0	46.0	64.0
137.0	205.0	45.0	65.0
141.0	198.0	46.0	71.0
144.0	196.0	45.0	73.0
147.0	204.0	45.0	64.0
150.0	201.0	46.0	68.0
155.0	207.0	46.0	62.0
159.0	206.0	46.0	63.0
163.0	203.0	47.0	67.0
168.0	209.0	47.0	60.0
173.0	205.0	45.0	63.0
178.0	200.0	46.0	68.0
182.0	206.0	45.0	62.0
186.0	204.0	45.0	64.0
189.0	194.0	48.0	73.0
192.0	197.0	50.0	72.0
195.76846313476562	195.6823272705078	49.978397369384766	71.9688949584961
199.37765502929688	193.79620361328125	50.12403106689453	72.17860412597656
204.20053100585938	195.6995391845703	48.995948791503906	70.55416107177734
205.9242706298828	194.0072784423828	48.79111099243164	70.25919342041016
209.33682250976562	192.5231170654297	49.38711929321289	71.11744689941406
213.0	193.0	51.0	73.0
217.42007446289062	191.84188842773438	50.96978759765625	72.95675659179688
221.0	196.0	50.0	71.0
224.0	197.0	50.0	66.0
229.0	197.0	50.0	66.0
232.0	195.0	52.0	70.0
236.37277221679688	191.72402954101562	51.72449493408203	69.6291275024414
241.0	189.0	47.0	71.0
245.0	192.0	46.0	64.0
248.0	190.0	47.0	66.0
252.0281524658203	187.35336303710938	47.297611236572266	66.41792297363281
254.5385284423828	184.3078155517578	47.63929748535156	66.89774322509766
257.02423095703125	184.08407592773438	47.646881103515625	66.90840148925781
259.5372619628906	180.37741088867188	48.291725158691406	67.81392669677734
262.71417236328125	179.7301788330078	48.384071350097656	67.943603515625
266.1551208496094	179.6312255859375	48.420711517333984	67.99505615234375
268.83349609375	178.2241973876953	48.997718811035156	68.8053207397461
271.09759521484375	178.66696166992188	48.484989166259766	68.08531188964844
276.3445129394531	178.74221801757812	48.58967208862305	68.23231506347656
279.3481140136719	177.64816284179688	49.122886657714844	68.98109436035156
282.73919677734375	176.81851196289062	48.84462356567383	68.59033203125
287.6690368652344	178.06625366210938	49.12021255493164	68.97733306884766
291.6487731933594	174.73098754882812	48.949317932128906	68.73735046386719
292.5987854003906	172.1353759765625	50.223594665527344	70.52676391601562
296.1853332519531	173.16851806640625	50.71010208129883	71.20994567871094
298.9280700683594	168.9246826171875	51.26519775390625	71.98944091796875
301.26031494140625	167.97120666503906	51.426231384277344	72.215576171875
302.1163635253906	167.1944580078125	51.40803146362305	72.19001770019531
305.6624450683594	165.25537109375	51.21162033081055	71.9142074584961
306.3376159667969	164.45346069335938	51.224693298339844	71.93257141113281
309.2289733886719	161.43096923828125	52.28173065185547	73.41691589355469
310.10382080078125	163.17642211914062	51.60927200317383	72.47261047363281
312.41802978515625	162.84310913085938	51.160682678222656	71.8426742553711
314.4714660644531	160.76475524902344	50.693721771240234	71.18694305419922
315.34613037109375	161.0424041748047	51.06022644042969	71.70161437988281
315.89764404296875	159.38763427734375	51.519798278808594	72.34696960449219
319.80047607421875	160.23794555664062	50.78554153442383	71.31588745117188
318.62396240234375	157.45335388183594	50.17442321777344	70.45771789550781
320.144287109375	157.73886108398438	49.61419677734375	69.67100524902344
319.48272705078125	153.62744140625	50.83373260498047	71.383544921875
321.99859619140625	153.36648559570312	51.192726135253906	71.8876724243164
321.13970947265625	151.67886352539062	51.550209045410156	72.3896713256836
320.9288635253906	150.10443115234375	52.15984344482422	73.2457504272461
321.54248046875	147.13180541992188	53.46924591064453	75.08448791503906
319.93792724609375	143.47885131835938	53.45054244995117	75.0582275390625
321.20208740234375	141.81591796875	52.83477783203125	74.19352722167969
321.9651184082031	141.74111938476562	52.6665153503418	73.95723724365234
321.94219970703125	140.1875	52.404502868652344	73.58930969238281
321.357177734375	137.38671875	51.75641632080078	72.6792221069336
322.97412109375	136.4437255859375	52.16973114013672	73.25962829589844
321.64447021484375	136.907958984375	52.64349365234375	73.9249038696289
323.15728759765625	133.6324462890625	52.42888259887695	73.62352752685547
323.5719299316406	133.59597778320312	52.59156036376953	73.85196685791016
324.29833984375	128.14932250976562	52.59212112426758	73.85274505615234
321.9588928222656	130.19512939453125	53.12029266357422	74.59443664550781
322.97247314453125	128.23898315429688	52.84619140625	74.20952606201172
322.2682189941406	126.05827331542969	52.62941360473633	73.90510559082031
324.1875	124.80241394042969	52.91071319580078	74.30012512207031
321.81390380859375	122.62275695800781	52.70471954345703	74.01085662841797
320.5289001464844	120.8740463256836	52.80997848510742	74.1586685180664
320.1751708984375	117.39774322509766	53.32197952270508	74.87763977050781
319.4423522949219	118.85589599609375	53.41069793701172	75.0022201538086
321.12847900390625	116.04350280761719	53.48069381713867	75.10051727294922
318.34014892578125	111.23133850097656	54.0297966003418	75.87159729003906
321.2254333496094	110.04679870605469	53.765846252441406	75.50093841552734
319.880126953125	110.1907730102539	53.662132263183594	75.35530090332031
320.9222717285156	108.69351959228516	53.38420867919922	74.96502685546875
319.5964050292969	109.8097152709961	53.293907165527344	74.83821868896484
317.623779296875	109.13688659667969	53.519691467285156	75.1552734375
318.16790771484375	108.463134765625	53.94818878173828	75.75699615478516
315.3192443847656	105.54475402832031	54.26770782470703	76.20567321777344
313.34783935546875	108.39517974853516	54.34442901611328	76.31340026855469
310.0640869140625	106.29496002197266	55.15081787109375	77.4457778930664
308.0809326171875	104.62471771240234	55.123802185058594	77.40785217285156
301.5372619628906	107.65130615234375	55.40978240966797	77.80943298339844
296.0299377441406	104.84814453125	56.97686767578125	80.01001739501953
296.801513671875	105.19609069824219	56.8846321105957	79.8804931640625
294.41094970703125	106.1310043334961	56.48431396484375	79.31835174560547
293.16082763671875	106.14959716796875	56.38300323486328	79.17607879638672
290.0533752441406	106.8333740234375	56.73329544067383	79.66797637939453
290.7049865722656	104.32568359375	56.645286560058594	79.54439544677734
288.35528564453125	106.83349609375	56.427574157714844	79.2386703491211
288.337158203125	100.03093719482422	56.12107467651367	78.80827331542969
285.63043212890625	100.2890625	56.0529899597168	78.7126693725586
286.98419189453125	97.55176544189453	56.44636917114258	79.26507568359375
283.8091735839844	94.28987121582031	57.1734619140625	80.28610229492188
283.20489501953125	93.27534484863281	57.01752853393555	80.06712341308594
281.9360046386719	88.25003814697266	57.88239669799805	81.28162384033203
279.0517883300781	84.93739318847656	56.98895263671875	80.0270004272461
279.3956298828125	82.47953033447266	56.8151969909668	79.78300476074219
277.6291198730469	83.25709533691406	55.885101318359375	78.47691345214844
275.613525390625	82.83998107910156	55.15336227416992	77.4493637084961
274.318603515625	87.92147064208984	53.93012237548828	75.73161315917969
274.0654602050781	84.27860260009766	53.56830596923828	75.2235336303711
273.2667541503906	84.18882751464844	52.724021911621094	74.03794860839844
272.8534240722656	82.67762756347656	53.46772003173828	75.08229064941406
273.04364013671875	80.76548767089844	53.3034553527832	74.85162353515625
269.8800354003906	81.81977081298828	53.839637756347656	75.60456085205078
271.8688659667969	82.00703430175781	53.849952697753906	75.6190414428711
268.91717529296875	81.10977172851562	53.8313102722168	75.59285736083984
266.1964416503906	81.5468978881836	54.37144088745117	76.3513412475586
266.7498779296875	80.24259948730469	55.32453536987305	77.68972778320312
259.7030029296875	81.21478271484375	56.28569793701172	79.0394515991211
261.884765625	82.24586486816406	56.4609375	79.28553771972656
256.91058349609375	82.82080841064453	56.69947052001953	79.62049865722656
254.23080444335938	83.05622863769531	56.515357971191406	79.36195373535156
253.37197875976562	83.59469604492188	55.7323112487793	78.26235961914062
252.7746124267578	82.89290618896484	55.65453338623047	78.15314483642578
251.52127075195312	81.28712463378906	55.134613037109375	77.42303466796875
248.23635864257812	87.0139389038086	54.61890411376953	76.69883728027344
249.0154571533203	82.7801742553711	54.84130859375	77.01114654541016
247.7799072265625	85.78231048583984	54.2984504699707	76.24884033203125
246.47976684570312	85.96985626220703	52.746116638183594	74.0689697265625
242.48709106445312	89.1070556640625	51.34404373168945	72.10010528564453
244.4370880126953	89.18419647216797	51.16511154174805	71.84883880615234
238.9084014892578	92.63936614990234	51.20903396606445	71.91051483154297
234.94625854492188	94.92613983154297	51.482147216796875	72.29402160644531
236.10635375976562	95.17977142333984	50.675357818603516	71.16108703613281
233.42611694335938	96.76939392089844	50.86823272705078	71.43193054199219
231.6188201904297	93.37689208984375	50.5173225402832	70.93916320800781
230.2138671875	91.28935241699219	50.35981369018555	70.71797943115234
224.519775390625	92.65348815917969	50.17139434814453	70.45338439941406
225.1444854736328	88.98335266113281	49.766822814941406	69.88525390625
224.90591430664062	83.96294403076172	50.25778579711914	70.5746841430664
222.1713409423828	82.36832427978516	50.080997467041016	70.32643127441406
220.23233032226562	86.14651489257812	50.70352554321289	71.20062255859375
217.70462036132812	86.71781921386719	50.9151725769043	71.4978256225586
217.5400848388672	87.34620666503906	51.001853942871094	71.61955261230469
214.4564208984375	86.32160949707031	51.297264099121094	72.03438568115234
213.10586547851562	85.47110748291016	50.984352111816406	71.59497833251953
212.7521209716797	82.23379516601562	50.83649444580078	71.3873519897461
212.2476043701172	82.2183837890625	50.592994689941406	71.04541015625
211.9550323486328	83.6927719116211	49.79779052734375	69.92874145507812
208.57595825195312	82.69976806640625	50.44887924194336	70.84303283691406
207.97055053710938	83.1077651977539	50.05583953857422	70.29109954833984
207.2572021484375	82.15913391113281	51.007049560546875	71.62683868408203
205.7763214111328	80.91459655761719	50.98463821411133	71.59536743164062
205.9923553466797	82.6429214477539	50.255126953125	70.5709457397461
207.21615600585938	82.70964050292969	50.43105697631836	70.81800079345703
204.1382293701172	81.189453125	50.875938415527344	71.44273376464844
204.04898071289062	82.67216491699219	51.7270622253418	72.63792419433594
205.80557250976562	82.92127990722656	51.8143310546875	72.7604751586914
203.24339294433594	82.04558563232422	51.30552291870117	72.04598236083984
202.78350830078125	81.96165466308594	51.178382873535156	71.86744689941406
205.24423217773438	81.6898193359375	51.28400421142578	72.01575469970703
204.61099243164062	82.3752670288086	52.0295295715332	73.06266021728516
203.6035614013672	80.55272674560547	53.20231246948242	74.70954895019531
202.20797729492188	79.61151123046875	52.83172607421875	74.18916320800781
203.9517364501953	80.9520492553711	53.28655242919922	74.8278579711914
203.5277557373047	80.00621032714844	54.249351501464844	76.17987060546875
203.8064422607422	79.5475845336914	54.092750549316406	75.9599609375
203.42965698242188	79.84449768066406	53.90010452270508	75.68943786621094
200.77761840820312	78.7404556274414	53.95367431640625	75.76466369628906
202.63619995117188	77.85455322265625	53.862274169921875	75.63631439208984
202.0783233642578	77.23087310791016	53.93507766723633	75.73854064941406
202.29049682617188	76.62397766113281	54.61212158203125	76.68929290771484
201.33230590820312	77.1864013671875	55.056312561035156	77.31304931640625
204.1536102294922	78.12212371826172	55.45714569091797	77.87592315673828
207.05416870117188	77.68943786621094	55.4598274230957	77.87969970703125
198.74989318847656	79.5560302734375	55.52286911010742	77.96822357177734
205.8348388671875	78.02452087402344	55.77766799926758	78.32603454589844
203.32626342773438	78.41938781738281	55.48176193237305	77.91050720214844
207.39724731445312	78.47261810302734	56.195770263671875	78.91316223144531
203.5337371826172	78.15191650390625	55.82262420654297	78.38917541503906
207.37832641601562	79.2499771118164	55.94782257080078	78.56498718261719
207.0863800048828	75.15650939941406	55.23460006713867	77.56343841552734
207.85385131835938	76.7989273071289	54.38465118408203	76.36988830566406
211.33065795898438	77.78008270263672	54.96123504638672	77.17955017089844
210.9040985107422	77.63345336914062	55.3513298034668	77.72733306884766
213.3510284423828	74.68846893310547	55.2240104675293	77.54854583740234
212.57958984375	77.07078552246094	55.88774871826172	78.48060607910156
217.99819946289062	71.75689697265625	54.38865280151367	76.37550354003906
222.5442657470703	75.35075378417969	53.16741180419922	74.66057586669922
225.139892578125	73.94807434082031	53.0875358581543	74.54841613769531
227.4658660888672	74.30419921875	52.40264892578125	73.58665466308594
226.11618041992188	74.0792007446289	52.507598876953125	73.73404693603516
228.828369140625	75.96858215332031	51.369224548339844	72.13548278808594
230.20236206054688	78.37034606933594	50.9095573425293	71.48999786376953
228.47872924804688	77.81947326660156	51.62073516845703	72.4886703491211
229.7200469970703	78.69246673583984	51.769493103027344	72.69757080078125
229.7649688720703	79.01421356201172	51.22149658203125	71.92804718017578
231.6952667236328	79.5478286743164	51.08946228027344	71.74263763427734
232.5276336669922	78.52339172363281	50.940162658691406	71.5329818725586
227.2125244140625	75.12451171875	50.48323440551758	70.8913345336914
226.39315795898438	73.73893737792969	51.042999267578125	71.6773910522461
229.1396026611328	74.64155578613281	50.976806640625	71.58443450927734
229.4194793701172	79.66801452636719	50.67540740966797	71.16119384765625
222.48193359375	78.88849639892578	51.03750991821289	71.66966247558594
228.0448455810547	79.68501281738281	51.22515869140625	71.93318176269531
221.17318725585938	79.50511169433594	50.83724594116211	71.3884506225586
219.65823364257812	81.14009094238281	50.596378326416016	71.05020904541016
217.2123565673828	81.16841125488281	51.23911666870117	71.95277404785156
214.5488739013672	80.33180236816406	50.8738899230957	71.43989562988281
221.0926513671875	80.96990966796875	51.19636154174805	71.89273071289062
218.17788696289062	79.87336730957031	51.96485137939453	72.97188568115234
219.3374481201172	79.23969268798828	51.74177169799805	72.65861511230469
218.8518524169922	78.98345947265625	52.58903884887695	73.848388671875
219.6436309814453	78.85621643066406	53.499122619628906	75.1263656616211
220.50167846679688	75.5112533569336	53.69777297973633	75.40531921386719
218.7150115966797	78.89710998535156	53.01580810546875	74.44766998291016
216.33700561523438	78.2916488647461	53.1228141784668	74.5979232788086
215.9615936279297	79.5741195678711	53.861656188964844	75.63545227050781
219.79318237304688	78.79695129394531	54.32183074951172	76.28166198730469
217.90737915039062	79.56690979003906	54.369110107421875	76.3480453491211
215.1870880126953	80.80037689208984	53.24131393432617	74.76433563232422
218.4327850341797	78.25294494628906	52.90215301513672	74.2880630493164
220.81405639648438	79.66959381103516	53.11591720581055	74.58824157714844
217.92929077148438	78.38905334472656	53.86383819580078	75.63850402832031
216.42379760742188	79.81365966796875	53.4649543762207	75.078369140625
219.2030792236328	78.76971435546875	53.0598258972168	74.50946044921875
215.61770629882812	81.44021606445312	52.25331497192383	73.37690734863281
217.71688842773438	81.06864166259766	52.3387336730957	73.4968490600586
218.9313507080078	81.9588851928711	52.18537521362305	73.281494140625
219.3910369873047	80.15779876708984	51.9235725402832	72.91384887695312
219.20419311523438	78.1213150024414	52.459747314453125	73.6667709350586
217.59469604492188	78.67240905761719	53.46256637573242	75.07498168945312
220.2870635986328	80.8021240234375	53.03063201904297	74.46843719482422
220.59866333007812	79.87852478027344	53.23038864135742	74.74894714355469
220.53616333007812	78.57490539550781	52.78064727783203	74.11738586425781
220.0469970703125	80.86641693115234	52.922698974609375	74.31686401367188
223.0966033935547	80.95075225830078	52.77918243408203	74.1153335571289
222.5236053466797	81.05744171142578	52.41505813598633	73.60400390625
226.4025115966797	82.96949768066406	52.513511657714844	73.74226379394531
226.9731903076172	81.11932373046875	53.009796142578125	74.43917083740234
231.21786499023438	80.10001373291016	52.500030517578125	73.72332763671875
227.23587036132812	80.06566619873047	52.73762130737305	74.05696868896484
229.7529296875	81.47330474853516	52.9649543762207	74.37620544433594
232.9508056640625	81.22225952148438	53.7557258605957	75.48664855957031
231.91836547851562	82.41349792480469	53.94865036010742	75.757568359375
232.95223999023438	82.17109680175781	53.58312225341797	75.24427032470703
232.30517578125	81.25175476074219	53.8414421081543	75.60701751708984
234.7449188232422	82.37515258789062	52.5647087097168	73.81416320800781
237.8485565185547	80.6238784790039	52.1131591796875	73.18006896972656
236.7888946533203	83.81626892089844	51.12687301635742	71.79507446289062
239.5240020751953	82.72676086425781	50.8229866027832	71.36833953857422
242.0897674560547	84.2936019897461	50.15325927734375	70.4278793334961
243.18359375	84.29417419433594	50.16463088989258	70.44384765625
245.4216766357422	82.9179458618164	50.216949462890625	70.51731872558594
249.97091674804688	83.04330444335938	49.999874114990234	70.21248626708984
251.7167510986328	84.83695983886719	49.18475341796875	69.06785583496094
256.22125244140625	83.83287048339844	49.88958740234375	70.0576171875
256.5388488769531	85.17613983154297	49.744651794433594	69.8541030883789
258.51495361328125	87.52162170410156	49.64540481567383	69.71473693847656
