196.0	67.0	45.0	82.0
197.0	67.0	43.0	82.0
197.0	67.0	43.0	81.0
197.0	66.0	43.0	82.0
197.0	67.0	42.0	80.0
196.0	66.0	44.0	81.0
196.0	65.0	43.0	81.0
196.0	66.0	43.0	81.0
196.0	67.0	43.0	80.0
196.0	66.0	43.0	82.0
197.0	68.0	42.0	80.0
198.0	67.0	42.0	82.0
199.0	70.0	41.0	81.0
198.0	71.0	43.0	81.0
198.0	71.0	42.0	82.0
197.0	71.0	43.0	82.0
197.0	70.0	42.0	83.0
197.0	70.0	43.0	84.0
197.0	70.0	42.0	83.0
198.0	71.0	41.0	82.0
197.0	71.0	42.0	83.0
197.0	72.0	42.0	82.0
196.0	72.0	43.0	82.0
195.0	71.0	44.0	83.0
193.0	71.0	46.0	83.0
191.0	71.0	45.0	84.0
190.0	71.0	46.0	84.0
188.0	70.0	47.0	85.0
187.0	70.0	46.0	84.0
186.0	68.0	47.0	85.0
185.0	65.0	47.0	87.0
183.0	64.0	47.0	87.0
181.0	61.0	47.0	88.0
179.0	60.0	48.0	88.0
177.0	57.0	49.0	88.0
175.0	56.0	52.0	87.0
174.0	55.0	53.0	90.0
174.0	54.0	54.0	92.0
176.0	54.0	50.0	92.0
175.0	55.0	53.0	93.0
177.0	56.0	52.0	93.0
178.0	58.0	51.0	94.0
183.0	58.0	51.0	95.0
184.0	62.0	51.0	91.0
186.0	63.0	52.0	92.0
189.0	63.0	53.0	92.0
192.0	64.0	50.0	90.0
195.0	62.0	51.0	92.0
197.0	61.0	55.0	93.0
202.0	63.0	50.0	89.0
210.0	56.0	51.0	97.0
215.0	62.0	52.0	93.0
224.0	65.0	50.0	90.0
236.0	62.0	48.0	94.0
243.0	66.0	50.0	84.0
255.0	68.0	50.0	103.0
259.94329833984375	59.336753845214844	50.24359130859375	103.50179290771484
270.04608154296875	60.42176055908203	50.239723205566406	103.49382019042969
279.14447021484375	59.3654670715332	49.32782745361328	101.61531066894531
281.34796142578125	61.5156364440918	49.25917434692383	101.47389221191406
270.22882080078125	60.07770919799805	49.79658126831055	102.58094787597656
273.5506286621094	56.44597625732422	49.619590759277344	102.21635437011719
276.59747314453125	53.81907272338867	50.06397247314453	103.13179016113281
275.50201416015625	63.86981964111328	50.63780975341797	104.31388854980469
261.8715515136719	64.48268127441406	50.488243103027344	104.00578308105469
255.9557647705078	119.17558288574219	50.46558380126953	103.9591064453125
249.11819458007812	121.3924331665039	49.80806350708008	102.6046142578125
274.646240234375	150.4374237060547	48.99467468261719	100.92903900146484
257.20587158203125	155.78738403320312	48.03394317626953	98.9499282836914
259.2515563964844	141.77694702148438	47.76825714111328	98.40261840820312
263.19610595703125	124.6813735961914	47.62678146362305	98.11116790771484
281.76617431640625	135.35189819335938	47.351043701171875	97.54314422607422
265.0	93.0	44.0	83.0
261.3522644042969	149.05690002441406	44.84703826904297	84.59782409667969
240.7485809326172	170.7266387939453	44.86249923706055	84.62698364257812
262.51397705078125	137.90342712402344	44.90185546875	84.70121765136719
261.0	73.0	44.0	85.0
245.0	69.0	47.0	88.0
229.0	68.0	53.0	92.0
222.0	68.0	52.0	91.0
215.0	67.0	51.0	91.0
210.0	68.0	51.0	91.0
204.0	65.0	56.0	93.0
201.0	64.0	56.0	92.0
200.0	65.0	50.0	90.0
197.0	64.0	53.0	91.0
194.0	63.0	50.0	91.0
190.0	62.0	50.0	90.0
185.0	60.0	49.0	90.0
178.0	56.0	52.0	90.0
173.0	57.0	51.0	87.0
167.0	56.0	49.0	84.0
162.0	58.0	48.0	80.0
159.0	42.0	50.0	93.0
155.0	43.0	50.0	90.0
153.0	38.0	48.0	92.0
153.0	39.0	47.0	90.0
151.0	40.0	49.0	89.0
151.0	43.0	49.0	90.0
155.0	43.0	50.0	93.0
159.0	52.0	49.0	88.0
163.0	58.0	48.0	86.0
169.0	59.0	49.0	90.0
179.0	63.0	47.0	91.0
189.0	62.0	39.0	94.0
192.77696228027344	60.8546257019043	39.439422607421875	95.05912017822266
196.59999084472656	61.02190017700195	39.70476150512695	95.69864654541016
197.0	70.0	46.0	90.0
199.0	74.0	45.0	85.0
195.0	64.0	46.0	91.0
191.0	63.0	43.0	92.0
187.0	59.0	40.0	93.0
175.0	59.0	47.0	87.0
167.0	56.0	49.0	87.0
162.0	55.0	49.0	83.0
158.0	48.0	51.0	86.0
158.0	44.0	47.0	87.0
159.0	39.0	45.0	90.0
157.0	40.0	48.0	88.0
156.0	38.0	53.0	94.0
161.0	49.0	49.0	84.0
165.0	56.0	49.0	81.0
174.0	55.0	47.0	85.0
187.0	53.0	40.0	92.0
193.0	58.0	47.0	90.0
198.0	66.0	50.0	84.0
202.0	68.0	48.0	83.0
203.0	68.0	49.0	86.0
203.0	69.0	49.0	84.0
198.0	66.0	50.0	86.0
196.0	63.0	47.0	89.0
190.0	59.0	45.0	89.0
184.0	54.0	42.0	90.0
173.0	58.0	46.0	82.0
166.0	55.0	46.0	80.0
160.0	47.0	49.0	85.0
157.0	39.0	50.0	90.0
158.0	38.0	49.0	91.0
160.0	44.0	49.0	86.0
165.0	46.0	46.0	86.0
169.0	57.0	46.0	80.0
178.0	53.0	45.0	87.0
188.0	56.0	41.0	91.0
193.0	61.0	47.0	92.0
200.0	71.0	49.0	86.0
203.0	76.0	44.0	81.0
201.0	79.0	49.0	82.0
199.0	71.0	48.0	91.0
196.1325225830078	64.3095932006836	49.508365631103516	93.85961151123047
191.23446655273438	62.77449417114258	50.64250946044922	96.00975036621094
188.0	66.0	40.0	91.0
182.0	62.0	47.0	94.0
173.0	62.0	49.0	91.0
171.0	56.0	48.0	92.0
166.0	55.0	49.0	87.0
163.0	55.0	49.0	85.0
162.0	56.0	49.0	83.0
163.0	56.0	48.0	82.0
166.0	58.0	45.0	82.0
171.0	56.0	45.0	85.0
180.0	56.0	42.0	85.0
187.0	57.0	41.0	86.0
192.0	58.0	44.0	86.0
196.0	61.0	48.0	86.0
203.0	64.0	49.0	84.0
207.0	59.0	53.0	93.0
211.0	62.0	50.0	90.0
210.0	62.0	51.0	93.0
206.0	57.0	52.0	100.0
200.99696350097656	55.861968994140625	51.81593704223633	99.64603424072266
201.0	64.0	48.0	90.0
197.0	60.0	40.0	92.0
205.0	56.0	49.0	86.0
209.0	53.0	48.0	84.0
213.0	52.0	46.0	83.0
215.0	49.0	43.0	83.0
215.0	50.0	40.0	71.0
217.0	47.0	51.0	82.0
220.0	46.0	50.0	83.0
220.0	46.0	48.0	82.0
221.0	46.0	48.0	83.0
216.0	45.0	50.0	79.0
216.0	47.0	40.0	75.0
216.0	43.0	47.0	85.0
214.0	45.0	52.0	89.0
214.0	48.0	50.0	88.0
212.0	51.0	53.0	97.0
211.0	51.0	52.0	102.0
207.0	49.0	54.0	103.0
203.0	53.0	53.0	97.0
204.0	55.0	49.0	93.0
201.0	54.0	45.0	93.0
200.0	56.0	45.0	90.0
199.0	54.0	46.0	89.0
199.0	59.0	42.0	84.0
199.0	60.0	41.0	82.0
198.0	65.0	42.0	77.0
197.0	62.0	41.0	81.0
196.0	59.0	42.0	84.0
192.0	58.0	45.0	87.0
189.0	58.0	48.0	88.0
189.0	58.0	48.0	88.0
190.0	59.0	51.0	89.0
195.0	58.0	48.0	91.0
205.0	53.0	50.0	96.0
212.0	47.0	42.0	103.0
214.0	54.0	48.0	92.0
218.0	48.0	50.0	96.0
220.0	51.0	50.0	92.0
223.0	50.0	50.0	90.0
224.0	47.0	47.0	92.0
225.0	45.0	51.0	98.0
227.0	47.0	53.0	97.0
228.0	47.0	55.0	97.0
231.0	48.0	52.0	96.0
236.0	42.0	50.0	105.0
238.0	46.0	52.0	102.0
239.0	54.0	51.0	96.0
240.0	55.0	43.0	96.0
235.0	62.0	45.0	89.0
217.84915161132812	57.412681579589844	46.162742614746094	91.29964447021484
224.0	60.0	42.0	94.0
215.0	60.0	46.0	95.0
203.0	63.0	50.0	90.0
198.0	63.0	50.0	88.0
191.0	63.0	48.0	88.0
188.0	61.0	48.0	87.0
183.0	61.0	50.0	86.0
179.0	59.0	48.0	87.0
177.0	57.0	49.0	88.0
174.0	58.0	50.0	85.0
169.0	60.0	51.0	82.0
168.0	58.0	49.0	83.0
166.0	57.0	50.0	82.0
167.0	58.0	49.0	82.0
169.0	55.0	52.0	85.0
175.0	58.0	50.0	84.0
182.0	56.0	52.0	91.0
189.0	58.0	48.0	88.0
194.0	55.0	47.0	90.0
199.0	53.0	45.0	95.0
207.0	53.0	42.0	93.0
207.0	54.0	46.0	91.0
210.0	52.0	47.0	97.0
210.0	53.0	50.0	96.0
213.0	54.0	45.0	92.0
211.0	52.0	48.0	100.0
210.0	53.0	45.0	96.0
207.0	56.0	47.0	96.0
208.0	58.0	44.0	95.0
211.0	60.0	40.0	93.0
211.0	61.0	39.0	92.0
208.0	60.0	40.0	94.0
206.0	60.0	41.0	96.0
205.0	60.0	46.0	95.0
206.0	60.0	52.0	96.0
204.0	60.0	42.0	92.0
203.0	60.0	40.0	91.0
202.0	60.0	41.0	91.0
199.0	60.0	43.0	90.0
198.0	60.0	43.0	90.0
199.0	61.0	42.0	87.0
201.0	60.0	41.0	89.0
202.0	60.0	41.0	89.0
207.0	59.0	38.0	88.0
206.0	60.0	42.0	87.0
207.0	58.0	53.0	92.0
214.0	61.0	37.0	87.0
215.0	57.0	46.0	93.0
219.0	59.0	46.0	95.0
223.0	59.0	40.0	93.0
225.0	59.0	41.0	91.0
225.21231079101562	55.48212432861328	41.301124572753906	91.66834259033203
231.78732299804688	59.85077667236328	42.14742660522461	93.54671478271484
239.45010375976562	56.75797653198242	42.37683868408203	94.05589294433594
239.66293334960938	58.073028564453125	42.37846755981445	94.05949401855469
247.69931030273438	58.88520431518555	42.1163444519043	93.47771453857422
250.01437377929688	57.7663688659668	42.19269943237305	93.64717864990234
249.7453155517578	57.45117950439453	41.49077224731445	92.0892333984375
250.6297607421875	59.44072723388672	41.97374725341797	93.16120910644531
253.7829132080078	57.65997314453125	42.827247619628906	95.05555725097656
251.1265411376953	57.25605010986328	43.29298782348633	96.08927154541016
252.8177490234375	58.82761764526367	43.709495544433594	97.01371765136719
247.6073760986328	57.98969650268555	43.765777587890625	97.13863372802734
249.2864990234375	56.533058166503906	43.851470947265625	97.3288345336914
244.9403839111328	59.29979705810547	43.16225814819336	95.79911804199219
242.70565795898438	55.398216247558594	43.342315673828125	96.19876098632812
237.64608764648438	55.61554718017578	43.678428649902344	96.94476318359375
229.8021240234375	53.28998565673828	44.17902374267578	98.05583953857422
232.0	60.0	40.0	91.0
227.0	59.0	39.0	90.0
225.0	58.0	40.0	90.0
221.0	57.0	42.0	91.0
218.0	58.0	44.0	90.0
216.0	59.0	46.0	89.0
217.0	57.0	46.0	90.0
221.0	56.0	42.0	89.0
225.0	54.0	40.0	91.0
225.0	53.0	40.0	90.0
226.0	54.0	38.0	91.0
226.0	54.0	39.0	92.0
226.0	56.0	41.0	91.0
230.0	57.0	40.0	90.0
234.0	59.0	37.0	89.0
233.943603515625	53.942230224609375	36.45351791381836	87.68549346923828
239.3840789794922	55.13098907470703	36.589073181152344	88.01156616210938
241.0	70.0	39.0	79.0
242.3963165283203	58.19683837890625	38.91615676879883	78.83015441894531
244.52230834960938	57.2858772277832	39.55080032348633	80.11570739746094
244.60708618164062	61.46961212158203	40.1011848449707	81.2305908203125
241.76034545898438	70.80769348144531	40.49898147583008	82.03639221191406
238.46975708007812	71.52297973632812	39.74030303955078	80.49957275390625
239.24002075195312	73.30896759033203	39.98868179321289	81.00270080566406
236.0003662109375	76.89575958251953	39.307151794433594	79.62215423583984
234.519775390625	76.5853500366211	39.45095443725586	79.91344451904297
231.54776000976562	75.29158020019531	39.198020935058594	79.40109252929688
230.70101928710938	78.8827896118164	40.06452560424805	81.15631866455078
231.0	75.0	39.0	89.0
228.0	75.0	39.0	88.0
227.0	75.0	38.0	89.0
226.0	76.0	38.0	87.0
225.0	75.0	38.0	87.0
228.0	72.0	37.0	92.0
227.0	75.0	43.0	88.0
231.0	71.0	38.0	92.0
230.47024536132812	66.49333190917969	38.76980209350586	93.86373138427734
233.34628295898438	63.618988037109375	38.90485382080078	94.19068908691406
239.0	74.0	38.0	86.0
242.0	73.0	37.0	85.0
242.0	72.0	40.0	90.0
241.1826171875	68.40682983398438	40.27238464355469	90.61286163330078
243.30557250976562	67.2745361328125	40.513893127441406	91.15624237060547
242.0	77.0	44.0	85.0
242.0281219482422	75.38131713867188	43.92584228515625	84.85673522949219
238.24887084960938	73.3244400024414	44.266902923583984	85.51560974121094
239.69949340820312	77.62101745605469	45.227264404296875	87.37085723876953
238.07870483398438	76.61567687988281	46.50918197631836	89.8472900390625
236.1624298095703	71.62022399902344	46.199520111083984	89.24906921386719
234.76596069335938	71.79801940917969	46.74515914916992	90.30314636230469
236.21273803710938	70.2846450805664	46.89575958251953	90.5940933227539
236.00088500976562	70.6922836303711	47.79088592529297	92.32331848144531
235.22225952148438	70.75889587402344	47.671478271484375	92.09263610839844
236.75381469726562	67.6146469116211	47.32405090332031	91.42147064208984
238.98965454101562	69.02406311035156	47.97414779663086	92.6773452758789
239.1709442138672	69.55320739746094	48.80063247680664	94.27396392822266
243.43899536132812	72.5419692993164	48.949764251708984	94.56205749511719
241.33203125	75.0696792602539	48.49044418334961	93.67472839355469
245.5686492919922	74.3244857788086	47.50748825073242	91.77584075927734
245.1963348388672	74.3229751586914	47.00044631958008	90.79632568359375
245.11209106445312	76.91068267822266	47.65824508666992	92.06707000732422
246.6088409423828	78.63764953613281	47.56352233886719	91.88408660888672
246.89944458007812	78.58895111083984	48.113609313964844	92.9467544555664
247.49169921875	78.37775421142578	48.292606353759766	93.29254150390625
248.57015991210938	71.4707260131836	48.15085983276367	93.01871490478516
249.00802612304688	78.2674560546875	48.49540328979492	93.68431091308594
246.94467163085938	79.67530822753906	48.37938690185547	93.46018981933594
249.5088653564453	79.63642120361328	48.98796844482422	94.63587188720703
248.77816772460938	75.53376770019531	49.2441520690918	95.13076782226562
249.15243530273438	76.44651794433594	48.60814666748047	93.9021224975586
247.4259796142578	74.0705795288086	48.019004821777344	92.76399993896484
246.604736328125	79.82330322265625	47.479164123535156	91.72111511230469
248.23989868164062	79.65312194824219	47.22549057006836	91.23106384277344
243.7360076904297	80.43953704833984	47.50286865234375	91.76691436767578
240.2613525390625	77.19215393066406	48.16676330566406	93.04943084716797
237.0688934326172	74.9193115234375	47.898704528808594	92.5315933227539
233.1686248779297	72.36528015136719	48.314453125	93.3347396850586
228.2066650390625	71.19762420654297	48.30351257324219	93.31361389160156
232.0	80.0	39.0	88.0
229.0	78.0	36.0	87.0
225.0	79.0	38.0	84.0
219.0	77.0	44.0	87.0
215.0	76.0	47.0	87.0
215.0	74.0	48.0	89.0
216.0	73.0	46.0	90.0
218.0	73.0	43.0	90.0
220.0	73.0	43.0	90.0
225.0	73.0	40.0	90.0
228.0	73.0	41.0	91.0
229.198486328125	67.59996795654297	41.75788116455078	92.68212127685547
233.5507049560547	67.26885223388672	42.059688568115234	93.35198211669922
236.58511352539062	70.90223693847656	42.37836456298828	94.05928039550781
240.5746612548828	73.67743682861328	42.49818801879883	94.32522583007812
249.0	78.0	38.0	89.0
247.20553588867188	77.97081756591797	38.881858825683594	91.06539916992188
249.80307006835938	77.88999938964844	39.10752487182617	91.59393310546875
250.3955535888672	78.46818542480469	39.31415557861328	92.077880859375
250.8041534423828	80.72879791259766	39.40365982055664	92.28750610351562
252.6194305419922	80.1988754272461	40.07170486450195	93.85213470458984
250.3731231689453	75.22628784179688	40.52845001220703	94.92189025878906
248.0677032470703	76.26910400390625	40.664398193359375	95.24029541015625
245.1086883544922	73.78962707519531	41.51801681518555	97.23955535888672
243.59420776367188	72.99212646484375	42.70882034301758	100.0285415649414
242.8838653564453	71.74510955810547	43.51832580566406	101.92449188232422
237.78738403320312	72.14776611328125	43.25634002685547	101.31089782714844
236.61410522460938	71.42698669433594	43.917015075683594	102.85826110839844
232.71359252929688	68.64418029785156	44.416893005371094	104.02901458740234
234.0	81.0	38.0	93.0
231.0	81.0	41.0	93.0
230.0	82.0	34.0	93.0
227.0	82.0	42.0	92.0
225.0	83.0	44.0	91.0
225.0	82.0	41.0	92.0
224.0	82.0	39.0	92.0
223.0	80.0	40.0	91.0
222.0	78.0	43.0	91.0
220.0	78.0	46.0	88.0
217.0	78.0	46.0	87.0
215.0	77.0	43.0	87.0
212.0	75.0	41.0	90.0
210.0	75.0	45.0	90.0
208.0	74.0	48.0	91.0
209.0	75.0	45.0	90.0
211.0	76.0	41.0	89.0
214.0	75.0	24.0	86.0
215.0	76.0	23.0	84.0
216.0	76.0	22.0	85.0
215.0	75.0	47.0	92.0
217.0	75.0	45.0	91.0
219.0	73.0	44.0	93.0
221.0	72.0	41.0	93.0
222.0	71.0	45.0	93.0
223.0	70.0	46.0	95.0
224.0	69.0	44.0	96.0
224.0	67.0	44.0	97.0
223.0	67.0	44.0	96.0
226.0	65.0	44.0	97.0
230.0	68.0	44.0	96.0
237.0	72.0	43.0	95.0
245.0	73.0	43.0	100.0
247.8892822265625	76.23653411865234	42.766334533691406	99.45658874511719
252.17135620117188	77.0683822631836	42.84345245361328	99.63592529296875
267.2515563964844	61.232666015625	43.13816452026367	100.3213119506836
274.43072509765625	64.90763854980469	42.7976188659668	99.52934265136719
280.01898193359375	61.376609802246094	42.895442962646484	99.75685119628906
266.0	93.0	38.0	57.0
268.65777587890625	92.22581481933594	38.42545700073242	57.63819122314453
268.10089111328125	95.33131408691406	38.00027084350586	57.00041580200195
268.4114074707031	92.1698226928711	38.123268127441406	57.184906005859375
266.42987060546875	94.11511993408203	37.60136032104492	56.40204620361328
268.01068115234375	90.37532043457031	37.647613525390625	56.4714241027832
269.9105529785156	94.97293090820312	37.821861267089844	56.73279571533203
291.75115966796875	91.7694320678711	37.976837158203125	56.96525955200195
300.107177734375	84.17372131347656	37.716217041015625	56.57433319091797
298.2000427246094	79.82103729248047	37.193031311035156	55.78955841064453
326.2812194824219	89.00775146484375	36.794219970703125	55.19134521484375
374.4230651855469	74.93294525146484	37.22052764892578	55.83080291748047
365.07794189453125	144.1844482421875	37.700504302978516	56.5507698059082
343.09735107421875	178.25994873046875	37.87614059448242	56.814231872558594
340.3215637207031	178.44639587402344	39.273223876953125	52.82805252075195
344.2635192871094	173.00802612304688	39.352691650390625	52.93494415283203
340.9165954589844	181.55152893066406	39.364646911621094	52.951026916503906
337.94537353515625	179.34146118164062	38.85116195678711	52.26031494140625
326.1745300292969	168.3557586669922	38.85036087036133	52.259239196777344
320.665283203125	168.50210571289062	39.10065460205078	52.595924377441406
314.17401123046875	165.05833435058594	38.76806640625	52.1485481262207
318.32159423828125	187.9861602783203	38.44507598876953	51.714080810546875
311.86712646484375	195.5929412841797	37.484779357910156	50.42234802246094
296.54815673828125	186.03170776367188	37.55121994018555	50.511722564697266
296.1404724121094	172.84193420410156	37.561466217041016	50.52550506591797
281.10345458984375	171.2926788330078	37.657508850097656	50.654693603515625
289.8988342285156	177.3037872314453	38.15571594238281	51.324851989746094
322.75469970703125	188.8723602294922	38.34366989135742	51.57767868041992
343.114013671875	183.10037231445312	39.078887939453125	52.566650390625
346.01422119140625	185.42996215820312	39.360836029052734	52.9459114074707
329.97296142578125	185.10690307617188	39.2458381652832	52.791221618652344
342.5156555175781	186.42041015625	39.6495475769043	53.33427047729492
340.4476623535156	181.6943817138672	40.14450454711914	54.00005340576172
342.3041076660156	186.32803344726562	40.207786560058594	54.085182189941406
338.46795654296875	180.1705780029297	40.30388641357422	54.214454650878906
347.52996826171875	169.77072143554688	40.20355987548828	54.079505920410156
357.50885009765625	151.07559204101562	40.783164978027344	54.859153747558594
364.150390625	138.44261169433594	41.338932037353516	55.60673904418945
360.28973388671875	137.79898071289062	41.47805404663086	55.79387664794922
370.5050964355469	120.5589370727539	42.06234359741211	56.579833984375
358.49346923828125	166.5968475341797	42.332427978515625	56.94313430786133
367.4215087890625	153.32748413085938	42.20167922973633	56.76726150512695
373.35687255859375	118.21150970458984	42.81019973754883	57.5858039855957
378.40850830078125	104.5902328491211	43.195457458496094	58.104026794433594
377.2176513671875	105.92855072021484	42.63837432861328	57.35467529296875
377.821044921875	105.32609558105469	42.4343147277832	57.0801887512207
376.80450439453125	102.22307586669922	43.513755798339844	58.532188415527344
375.8551330566406	104.35462951660156	43.347206115722656	58.30815887451172
375.6715087890625	105.08802795410156	43.40472412109375	58.385528564453125
378.84051513671875	104.68701171875	43.08637619018555	57.957298278808594
379.24981689453125	100.57205200195312	43.343666076660156	58.30338668823242
380.308349609375	102.42156982421875	43.340240478515625	58.29877853393555
383.2885437011719	102.86515808105469	43.30357360839844	58.24945831298828
376.40887451171875	105.21705627441406	43.77699661254883	58.88628005981445
373.7988586425781	105.84092712402344	44.40779113769531	59.73479080200195
200.0	52.0	50.0	87.0
200.0	52.0	50.0	85.0
202.0	55.0	47.0	81.0
202.0	53.0	53.0	84.0
203.0	54.0	52.0	84.0
203.0	56.0	47.0	82.0
205.0	56.0	48.0	84.0
208.0	56.0	47.0	85.0
213.0	55.0	47.0	87.0
215.0	58.0	49.0	86.0
219.0	59.0	46.0	86.0
224.0	60.0	43.0	87.0
232.0	63.0	39.0	82.0
239.0	63.0	36.0	85.0
246.0	63.0	34.0	87.0
247.0	68.0	38.0	78.0
253.0	67.0	40.0	86.0
250.88552856445312	67.42585754394531	40.31106185913086	86.66877746582031
251.3810577392578	71.46097564697266	40.756717681884766	87.6269302368164
252.5144500732422	66.43091583251953	41.57368850708008	89.38341522216797
251.2216033935547	68.7852783203125	42.03441619873047	90.37397766113281
248.2658233642578	62.580772399902344	43.339141845703125	93.17914581298828
247.82742309570312	64.0159912109375	43.63932800292969	93.82454681396484
245.95504760742188	66.4585189819336	44.06739044189453	94.74488830566406
247.22280883789062	66.1580581665039	44.063751220703125	94.737060546875
248.0	72.0	39.0	79.0
247.0	68.0	37.0	82.0
245.0	68.0	37.0	83.0
242.0	68.0	37.0	82.0
239.0	66.0	35.0	86.0
234.0	64.0	36.0	88.0
228.0	61.0	40.0	88.0
222.0	58.0	43.0	88.0
214.0	58.0	48.0	85.0
211.0	53.0	48.0	87.0
206.0	53.0	50.0	84.0
205.0	52.0	47.0	82.0
203.0	49.0	52.0	84.0
201.0	48.0	49.0	84.0
202.0	48.0	49.0	84.0
201.0	48.0	52.0	85.0
203.0	52.0	51.0	83.0
204.0	52.0	53.0	86.0
210.0	52.0	49.0	89.0
214.0	53.0	50.0	92.0
225.0	56.0	41.0	90.0
229.0	58.0	41.0	93.0
233.2215576171875	58.68578338623047	40.9510383605957	92.88893127441406
235.55752563476562	61.49287033081055	41.724178314208984	94.64263916015625
243.0	70.0	38.0	80.0
245.0	73.0	40.0	90.0
242.38467407226562	75.1075439453125	41.177738189697266	92.64991760253906
245.34719848632812	77.55433654785156	41.76921844482422	93.98075866699219
245.3392333984375	79.20555114746094	41.81507873535156	94.08394622802734
244.4605712890625	76.7516860961914	42.15251159667969	94.8431625366211
245.7675323486328	76.37247467041016	42.687294006347656	96.04642486572266
242.26187133789062	78.89328002929688	43.0389518737793	96.83766174316406
238.91748046875	76.14433288574219	43.10627746582031	96.98915100097656
238.0	79.0	52.0	98.0
230.0	79.0	50.0	96.0
228.0	79.0	51.0	94.0
225.0	77.0	51.0	92.0
224.0	77.0	52.0	90.0
224.0	76.0	50.0	88.0
224.0	75.0	51.0	88.0
224.0	75.0	49.0	86.0
226.0	75.0	49.0	87.0
227.0	75.0	50.0	88.0
227.0	76.0	52.0	86.0
234.0	77.0	49.0	90.0
236.0	79.0	52.0	88.0
245.0	80.0	56.0	94.0
248.49893188476562	80.66632080078125	55.86368942260742	93.77118682861328
252.3023223876953	71.7717056274414	55.99043655395508	93.98394012451172
295.67828369140625	63.8818359375	55.61444854736328	93.35282135009766
319.5350036621094	64.3985366821289	56.15317916870117	94.25712585449219
371.3492431640625	60.82636260986328	57.000404357910156	95.67925262451172
373.23724365234375	58.606842041015625	56.348838806152344	94.58555603027344
370.19036865234375	59.48345184326172	56.868370056152344	95.4576187133789
373.0983581542969	58.15351104736328	58.23173904418945	97.74612426757812
371.9138488769531	57.959266662597656	60.249053955078125	101.13233947753906
369.70196533203125	58.96339797973633	61.37385177612305	103.0203857421875
371.436279296875	58.52079391479492	60.937660217285156	102.2882080078125
369.9356994628906	54.68047332763672	60.5839958190918	101.6945571899414
370.8052673339844	58.9854736328125	61.8830451965332	103.8750991821289
370.19781494140625	58.21588134765625	63.055824279785156	105.84368896484375
368.079345703125	56.73900604248047	65.40840148925781	109.79264831542969
370.2620544433594	56.06550216674805	66.02326965332031	110.82474517822266
367.61260986328125	51.258583068847656	67.80326080322266	113.81257629394531
368.06451416015625	55.154258728027344	67.6173324584961	113.50047302246094
371.60760498046875	53.64459991455078	68.05668640136719	114.23795318603516
366.8408203125	56.37787628173828	67.8690414428711	113.92298889160156
369.6809997558594	55.21879196166992	67.12651824951172	112.67662048339844
370.70849609375	56.26964569091797	65.94033813476562	110.6855239868164
371.02703857421875	55.21904373168945	65.1467514038086	109.35343170166016
371.5882263183594	53.41559982299805	64.98741149902344	109.08597564697266
372.4364929199219	56.280487060546875	65.4737777709961	109.90238189697266
371.6803283691406	55.445152282714844	66.50354766845703	111.63092041015625
371.1678771972656	55.261878967285156	65.26695251464844	109.55521392822266
370.781005859375	55.424522399902344	65.10242462158203	109.27903747558594
368.1731872558594	55.148834228515625	65.40909576416016	109.79380798339844
369.1373596191406	54.6180305480957	65.98757934570312	110.76483154296875
368.5503845214844	53.71276092529297	66.72712707519531	112.00621032714844
367.79278564453125	49.336280822753906	68.24609375	114.55589294433594
369.4667663574219	48.870887756347656	69.95948791503906	117.43194580078125
368.7134094238281	49.244171142578125	69.86184692382812	117.2680435180664
368.0008239746094	44.67946243286133	70.63249206542969	118.56163024902344
367.4761657714844	46.58366012573242	70.30924987792969	118.01904296875
368.4757385253906	49.287132263183594	70.48194122314453	118.30892181396484
369.4505615234375	46.943115234375	70.60186004638672	118.51020812988281
369.6028137207031	47.2257080078125	70.42688751220703	118.21649169921875
369.2169494628906	46.850868225097656	70.37440490722656	118.12840270996094
370.565673828125	48.30912780761719	70.38053894042969	118.13871002197266
369.5928039550781	47.65558624267578	70.28248596191406	117.97412109375
368.8812561035156	47.836158752441406	69.7514877319336	117.08280181884766
369.396728515625	50.24578857421875	70.27994537353516	117.96986389160156
368.8802795410156	42.443565368652344	71.06624603271484	119.28971862792969
368.55291748046875	45.82664489746094	70.39617156982422	118.16495513916016
370.1387634277344	46.17961502075195	70.26615142822266	117.94670104980469
369.5341796875	48.58591079711914	70.68289947509766	118.646240234375
370.8751525878906	48.042388916015625	70.28843688964844	117.98409271240234
368.3554382324219	43.860233306884766	71.21525573730469	119.5398178100586
368.278564453125	46.018035888671875	72.0030517578125	120.86219787597656
368.5030212402344	50.264915466308594	71.7415771484375	120.42329406738281
220.0	62.0	49.0	86.0
218.0	64.0	47.0	80.0
216.0	64.0	46.0	78.0
215.0	61.0	45.0	80.0
213.0	60.0	46.0	81.0
211.0	59.0	48.0	81.0
209.0	57.0	49.0	83.0
207.0	58.0	50.0	83.0
206.0	57.0	50.0	84.0
204.0	57.0	52.0	84.0
204.0	55.0	51.0	86.0
203.0	55.0	51.0	84.0
201.0	54.0	53.0	82.0
200.0	54.0	50.0	78.0
200.0	50.0	50.0	79.0
204.0	45.0	48.0	81.0
203.0	47.0	48.0	78.0
208.0	45.0	46.0	76.0
218.0	26.0	48.0	96.0
222.0	28.0	46.0	91.0
217.24856567382812	34.367862701416016	46.354461669921875	91.70122528076172
215.7943878173828	36.364376068115234	46.410926818847656	91.81292724609375
229.0	26.0	51.0	95.0
233.0	21.0	47.0	99.0
233.0	17.0	49.0	105.0
237.0	17.0	46.0	98.0
235.0	14.0	50.0	102.0
239.0	13.0	50.0	99.0
239.0	11.0	51.0	99.0
242.0	12.0	52.0	95.0
242.0	11.0	52.0	94.0
244.0	11.0	51.0	92.0
244.0	9.0	52.0	94.0
247.0	5.0	50.0	99.0
246.0	5.0	51.0	97.0
248.0	4.0	49.0	96.0
251.0	2.0	50.0	98.0
252.0	3.0	50.0	96.0
258.0	2.0	51.0	99.0
262.0	0.0	49.0	99.0
267.0	6.0	52.0	96.0
268.0	7.0	56.0	96.0
272.0	13.0	54.0	92.0
275.0	16.0	53.0	94.0
276.0	18.0	54.0	91.0
278.0	12.0	49.0	98.0
277.0	21.0	52.0	96.0
275.0	23.0	50.0	97.0
271.0	22.0	46.0	98.0
263.0	31.0	51.0	93.0
256.0	23.0	49.0	97.0
249.0	16.0	50.0	106.0
238.0	41.0	51.0	82.0
235.0	44.0	51.0	81.0
230.0	54.0	46.0	71.0
227.0	53.0	47.0	72.0
224.0	44.0	51.0	83.0
220.0	49.0	51.0	78.0
218.0	40.0	54.0	86.0
216.0	47.0	51.0	80.0
215.0	43.0	52.0	84.0
218.0	31.0	49.0	95.0
215.0	37.0	51.0	89.0
219.0	27.0	49.0	97.0
216.0	29.0	51.0	93.0
215.0	30.0	51.0	90.0
214.0	29.0	50.0	90.0
222.0	10.0	51.0	105.0
224.0	6.0	51.0	106.0
228.0	1.0	54.0	112.0
228.0	25.0	53.0	87.0
237.0	1.0	54.0	105.0
241.0	1.0	51.0	106.0
244.0	4.0	54.0	102.0
247.0	5.0	56.0	99.0
251.0	4.0	59.0	100.0
252.0	0.0	52.0	100.0
256.0	0.0	55.0	97.0
262.0	0.0	49.0	94.0
263.0	0.0	48.0	92.0
265.0	0.0	46.0	84.0
266.0	0.0	52.0	98.0
265.0	0.0	54.0	98.0
260.0	0.0	56.0	95.0
254.0	2.0	62.0	99.0
252.0	2.0	56.0	98.0
248.0	4.0	57.0	97.0
246.0	1.0	55.0	100.0
240.0	1.0	55.0	101.0
235.0	0.0	55.0	101.0
231.0	1.0	50.0	97.0
