273.0	66.0	65.0	63.0
272.0	65.0	64.0	63.0
271.0	66.0	64.0	61.0
270.0	65.0	63.0	61.0
269.0	66.0	62.0	57.0
267.0	65.0	63.0	58.0
266.0	66.0	62.0	56.0
264.0	67.0	59.0	54.0
263.0	67.0	58.0	53.0
261.0	68.0	57.0	52.0
259.0	68.0	56.0	52.0
256.0	70.0	58.0	50.0
255.0	73.0	56.0	47.0
248.9398193359375	72.0984878540039	55.89421463012695	46.91121292114258
246.7118682861328	71.6548080444336	55.407691955566406	46.50288009643555
242.0	71.0	56.0	46.0
241.1023406982422	73.33343505859375	55.4139404296875	45.518592834472656
238.36123657226562	73.63349914550781	55.67631149291992	45.73411178588867
231.98635864257812	74.79737854003906	55.540496826171875	45.6225471496582
226.1892547607422	74.95191192626953	55.834320068359375	45.86389923095703
225.27464294433594	75.49610137939453	57.04962158203125	48.4626579284668
223.404541015625	77.9114761352539	57.482337951660156	48.830238342285156
226.25289916992188	79.90180969238281	57.5952033996582	48.926116943359375
223.00030517578125	79.12193298339844	58.592552185058594	51.674476623535156
223.356201171875	84.27775573730469	58.246002197265625	51.36884689331055
219.91458129882812	88.43952941894531	57.76737594604492	50.94673156738281
215.22433471679688	86.4514389038086	59.43060302734375	54.986663818359375
212.13848876953125	86.79093170166016	59.94525909423828	57.462982177734375
217.0870361328125	96.71664428710938	60.224815368652344	57.73095703125
218.78823852539062	97.88298034667969	60.19623947143555	57.70356369018555
213.68521118164062	94.86034393310547	61.764678955078125	60.623600006103516
202.0	59.0	85.0	84.0
202.0	60.0	86.0	85.0
202.0	60.0	87.0	85.0
204.0	61.0	87.0	86.0
201.0	144.0	78.0	77.0
201.0	143.0	77.0	76.0
198.0	140.0	80.0	76.0
199.0	140.0	79.0	73.0
198.0	136.0	79.0	74.0
199.0	134.0	79.0	73.0
199.0	130.0	78.0	72.0
203.0	128.0	77.0	73.0
207.0	126.0	76.0	70.0
184.0	65.0	60.0	57.0
186.0	63.0	62.0	64.0
185.77081298828125	64.1703872680664	62.210853576660156	64.2176513671875
183.26669311523438	64.98123168945312	63.61396026611328	65.66602325439453
180.46829223632812	66.99864196777344	63.40730667114258	65.45271301269531
181.0	65.0	68.0	64.0
181.0	67.0	64.0	59.0
182.0	69.0	58.0	55.0
231.0	100.0	83.0	73.0
235.0	100.0	84.0	73.0
238.0	97.0	83.0	76.0
241.0	98.0	85.0	74.0
247.0	96.0	83.0	74.0
251.0	93.0	82.0	76.0
257.0	90.0	81.0	77.0
264.0	89.0	80.0	77.0
269.0	89.0	81.0	76.0
274.0	88.0	82.0	77.0
279.0	89.0	84.0	77.0
287.0	89.0	83.0	79.0
296.0	91.0	80.0	78.0
299.0	95.0	84.0	77.0
305.0	97.0	85.0	77.0
312.0	98.0	83.0	78.0
319.0	99.0	80.0	79.0
324.0	100.0	78.0	79.0
323.0	100.0	82.0	81.0
330.0	102.0	78.0	77.0
329.0	103.0	79.0	78.0
331.0	103.0	77.0	78.0
329.0	104.0	78.0	78.0
330.0	105.0	77.0	75.0
327.0	105.0	78.0	77.0
323.0	105.0	82.0	78.0
327.0	105.0	77.0	75.0
324.356201171875	105.55953216552734	77.95331573486328	75.92855072021484
322.0	105.0	82.0	77.0
327.0	105.0	77.0	76.0
327.0	104.0	77.0	78.0
325.0	103.0	79.0	77.0
325.0	104.0	78.0	77.0
324.0	104.0	77.0	76.0
324.0	103.0	76.0	77.0
321.0	104.0	79.0	76.0
325.0	105.0	75.0	75.0
324.0	104.0	76.0	78.0
322.0	105.0	78.0	76.0
324.0	106.0	75.0	75.0
323.0	105.0	76.0	78.0
319.23699951171875	105.55528259277344	77.17497253417969	79.20588684082031
317.32684326171875	105.3540267944336	77.92223358154297	79.97280883789062
318.67779541015625	106.95711517333984	77.51351928710938	79.55333709716797
320.44378662109375	104.88420104980469	76.82604217529297	78.84776306152344
318.380126953125	107.1080093383789	77.82685852050781	79.87491607666016
320.0	106.0	77.0	80.0
318.06085205078125	107.35630798339844	75.89971923828125	78.85684967041016
320.0	106.0	77.0	80.0
318.0	108.0	77.0	75.0
319.0	106.0	77.0	79.0
319.0	106.0	75.0	78.0
317.0	105.0	77.0	80.0
318.0	106.0	75.0	78.0
315.0	106.0	78.0	78.0
313.0	106.0	80.0	78.0
306.0	106.0	85.0	80.0
305.0	107.0	85.0	79.0
303.0	107.0	86.0	81.0
301.0	111.0	84.0	79.0
295.0	113.0	86.0	79.0
293.0	117.0	83.0	77.0
289.0	120.0	82.0	77.0
284.0	124.0	81.0	75.0
279.0	127.0	80.0	75.0
273.0	131.0	79.0	73.0
268.0	132.0	78.0	74.0
263.0	134.0	77.0	72.0
258.0	139.0	76.0	68.0
191.0	85.0	65.0	63.0
250.0	144.0	75.0	66.0
249.0	145.0	72.0	65.0
247.0	149.0	70.0	61.0
247.0	149.0	68.0	60.0
246.0	146.0	70.0	62.0
247.0	146.0	69.0	61.0
247.0	146.0	70.0	61.0
249.0	147.0	69.0	58.0
252.69985961914062	144.81906127929688	69.41539001464844	58.34917068481445
249.0	148.0	70.0	58.0
254.1103515625	145.21023559570312	70.03072357177734	58.02545166015625
254.1229705810547	143.68905639648438	70.65284729003906	58.540924072265625
255.149658203125	145.56454467773438	68.70867156982422	56.9300422668457
236.0	82.0	86.0	88.0
231.0	84.0	86.0	87.0
225.0	81.0	88.0	93.0
220.0	86.0	86.0	89.0
217.0	89.0	83.0	88.0
214.0	93.0	83.0	84.0
213.0	100.0	81.0	80.0
214.0	98.0	80.0	79.0
210.0	87.0	86.0	89.0
212.0	94.0	83.0	87.0
209.0	95.0	85.0	88.0
205.0	100.0	86.0	86.0
199.0	103.0	86.0	85.0
231.0	86.0	59.0	56.0
229.0	81.0	65.0	61.0
234.0	78.0	62.0	63.0
238.0	77.0	64.0	63.0
245.0	75.0	62.0	62.0
250.0	71.0	64.0	63.0
256.0	69.0	64.0	62.0
261.0	66.0	65.0	64.0
267.0	64.0	65.0	63.0
272.0	62.0	66.0	63.0
276.0	59.0	67.0	64.0
280.0	57.0	67.0	65.0
283.0	54.0	68.0	66.0
287.0	52.0	67.0	66.0
289.0	52.0	68.0	67.0
292.0	51.0	67.0	67.0
294.0	50.0	67.0	68.0
298.0	50.0	67.0	69.0
295.0	106.0	71.0	65.0
298.0	103.0	74.0	65.0
300.0	103.0	73.0	64.0
313.0	54.0	65.0	65.0
301.0	100.0	77.0	66.0
301.0	98.0	78.0	68.0
324.0	51.0	66.0	67.0
304.0	98.0	77.0	68.0
304.0	98.0	78.0	68.0
304.0	96.0	79.0	70.0
304.0	97.0	79.0	68.0
303.0	94.0	81.0	72.0
303.0	93.0	80.0	73.0
304.0	93.0	80.0	73.0
305.0	96.0	79.0	70.0
305.0	95.0	79.0	71.0
304.0	92.0	81.0	74.0
305.0	93.0	80.0	73.0
305.0	93.0	80.0	73.0
306.0	93.0	79.0	72.0
306.0	93.0	79.0	72.0
306.0	92.0	79.0	73.0
306.0	92.0	79.0	73.0
306.0	92.0	79.0	73.0
305.0	93.0	80.0	73.0
305.0	93.0	80.0	72.0
305.0	93.0	80.0	73.0
305.0	93.0	80.0	73.0
304.0	93.0	80.0	73.0
303.0	93.0	80.0	73.0
301.0	92.0	82.0	76.0
300.0	92.0	83.0	77.0
300.0	95.0	82.0	76.0
301.0	97.0	81.0	76.0
301.0	98.0	80.0	76.0
338.0	55.0	69.0	71.0
338.0	60.0	69.0	69.0
337.0	63.0	70.0	71.0
336.0	67.0	70.0	70.0
333.0	69.0	71.0	72.0
331.0	72.0	70.0	72.0
327.0	74.0	71.0	73.0
323.0	79.0	72.0	71.0
319.0	81.0	71.0	73.0
314.0	85.0	71.0	72.0
309.0	89.0	70.0	72.0
299.0	91.0	71.0	72.0
291.0	92.0	71.0	72.0
282.0	94.0	71.0	71.0
272.0	94.0	71.0	72.0
262.0	94.0	72.0	73.0
253.0	96.0	71.0	73.0
245.0	100.0	71.0	72.0
240.0	102.0	71.0	71.0
236.0	107.0	72.0	72.0
226.0	111.0	76.0	79.0
218.0	117.0	74.0	78.0
215.0	122.0	73.0	72.0
216.0	124.0	72.0	71.0
216.0	125.0	73.0	70.0
216.0	128.0	73.0	70.0
216.0	131.0	73.0	72.0
218.0	134.0	73.0	69.0
219.0	136.0	74.0	70.0
222.0	140.0	73.0	68.0
229.0	146.0	71.0	68.0
234.0	149.0	70.0	69.0
239.0	151.0	72.0	69.0
245.0	150.0	72.0	69.0
248.0	150.0	71.0	68.0
247.0	147.0	70.0	69.0
244.0	143.0	69.0	70.0
166.0	89.0	76.0	82.0
157.0	88.0	78.0	81.0
227.0	139.0	68.0	66.0
214.0	136.0	75.0	66.0
213.0	137.0	72.0	65.0
215.0	140.0	70.0	63.0
217.0	134.0	72.0	66.0
220.0	130.0	74.0	66.0
221.0	124.0	78.0	68.0
223.0	119.0	82.0	72.0
229.0	118.0	81.0	72.0
228.0	113.0	86.0	75.0
