187.0	58.0	136.0	213.0
190.0	58.0	133.0	212.0
191.0	59.0	132.0	211.0
191.0	59.0	133.0	212.0
189.0	59.0	138.0	212.0
192.0	60.0	133.0	211.0
191.0	61.0	133.0	210.0
191.0	59.0	137.0	213.0
192.0	59.0	138.0	213.0
189.0	60.0	144.0	212.0
191.0	59.0	145.0	213.0
191.0	58.0	146.0	214.0
192.0	59.0	148.0	213.0
189.0	59.0	152.0	213.0
193.0	58.0	151.0	214.0
194.0	58.0	153.0	214.0
195.0	58.0	151.0	214.0
197.0	58.0	151.0	214.0
199.0	59.0	149.0	213.0
200.0	58.0	149.0	214.0
202.0	58.0	148.0	214.0
204.0	58.0	145.0	214.0
205.0	59.0	147.0	213.0
209.0	60.0	141.0	212.0
208.0	61.0	142.0	211.0
209.0	62.0	138.0	209.0
213.0	63.0	136.0	209.0
207.0	61.0	143.0	211.0
208.0	61.0	141.0	211.0
204.0	63.0	145.0	209.0
204.0	63.0	143.0	208.0
205.0	64.0	141.0	207.0
202.0	62.0	145.0	210.0
202.0	61.0	146.0	211.0
200.0	61.0	146.0	208.0
197.0	58.0	151.0	213.0
201.0	61.0	149.0	211.0
201.0	58.0	149.0	214.0
198.0	60.0	152.0	211.0
199.0	62.0	151.0	210.0
199.0	63.0	151.0	209.0
199.0	63.0	150.0	208.0
199.0	62.0	151.0	210.0
197.0	63.0	153.0	209.0
197.0	63.0	152.0	207.0
198.0	63.0	152.0	208.0
199.0	63.0	153.0	209.0
198.0	64.0	150.0	208.0
197.0	65.0	152.0	206.0
199.0	64.0	153.0	208.0
199.0	64.0	151.0	208.0
199.0	63.0	154.0	208.0
200.0	63.0	151.0	209.0
201.0	66.0	150.0	206.0
200.0	65.0	151.0	207.0
200.0	65.0	152.0	207.0
199.0	66.0	151.0	205.0
202.0	65.0	151.0	207.0
203.0	66.0	147.0	205.0
200.0	65.0	150.0	207.0
201.0	66.0	149.0	206.0
203.0	65.0	149.0	207.0
203.0	67.0	146.0	204.0
203.0	65.0	146.0	207.0
204.0	67.0	146.0	204.0
204.0	67.0	146.0	205.0
205.0	67.0	145.0	204.0
205.0	67.0	145.0	204.0
206.0	68.0	143.0	203.0
205.0	67.0	144.0	203.0
206.0	67.0	144.0	204.0
206.0	68.0	145.0	203.0
204.0	67.0	144.0	204.0
205.0	68.0	145.0	204.0
206.0	68.0	145.0	204.0
207.0	69.0	142.0	202.0
210.0	68.0	140.0	204.0
208.0	68.0	143.0	204.0
207.0	66.0	145.0	206.0
211.0	67.0	139.0	205.0
208.0	65.0	143.0	206.0
210.0	64.0	142.0	208.0
210.0	64.0	140.0	208.0
209.0	63.0	141.0	209.0
206.0	62.0	145.0	210.0
210.0	65.0	140.0	207.0
210.0	65.0	140.0	207.0
207.0	63.0	145.0	209.0
206.0	63.0	145.0	208.0
205.0	63.0	146.0	209.0
204.0	63.0	148.0	208.0
203.0	62.0	150.0	210.0
204.0	63.0	151.0	209.0
206.0	61.0	150.0	211.0
206.0	58.0	150.0	214.0
208.0	60.0	150.0	212.0
211.0	58.0	149.0	214.0
213.0	60.0	150.0	212.0
217.0	61.0	149.0	211.0
221.0	63.0	149.0	209.0
225.0	61.0	150.0	211.0
226.0	60.0	153.0	212.0
227.0	61.0	154.0	211.0
231.0	62.0	152.0	210.0
233.0	62.0	152.0	210.0
237.0	65.0	149.0	207.0
240.0	63.0	148.0	209.0
242.0	64.0	147.0	208.0
246.0	65.0	144.0	205.0
246.0	65.0	143.0	205.0
249.0	64.0	142.0	206.0
252.0	65.0	138.0	205.0
252.0	67.0	138.0	205.0
253.0	69.0	137.0	203.0
256.0	68.0	131.0	204.0
255.0	70.0	128.0	202.0
258.0	71.0	126.0	201.0
261.0	68.0	125.0	200.0
260.0	71.0	129.0	199.0
254.0	72.0	136.0	200.0
249.0	69.0	142.0	203.0
250.0	69.0	143.0	203.0
252.0	68.0	140.0	203.0
248.0	66.0	139.0	204.0
255.0	68.0	138.0	204.0
254.0	66.0	138.0	205.0
257.0	65.0	133.0	205.0
255.0	67.0	134.0	204.0
257.0	66.0	134.0	205.0
255.0	64.0	136.0	207.0
250.0	61.0	141.0	210.0
249.0	61.0	140.0	210.0
253.0	61.0	139.0	211.0
253.0	61.0	139.0	210.0
255.0	60.0	136.0	212.0
255.0	59.0	136.0	213.0
256.0	59.0	131.0	209.0
255.0	59.0	132.0	212.0
252.0	59.0	131.0	209.0
252.0	59.0	131.0	208.0
247.0	60.0	130.0	207.0
246.0	59.0	134.0	207.0
244.0	59.0	138.0	208.0
242.0	58.0	145.0	214.0
242.0	58.0	146.0	214.0
241.0	58.0	148.0	213.0
239.0	58.0	151.0	214.0
240.0	58.0	151.0	214.0
238.0	58.0	153.0	214.0
241.0	59.0	150.0	213.0
241.0	59.0	150.0	213.0
242.0	58.0	149.0	214.0
243.0	57.0	148.0	214.0
243.0	57.0	146.0	213.0
244.0	58.0	145.0	214.0
246.0	57.0	143.0	215.0
246.0	58.0	142.0	213.0
247.0	60.0	139.0	211.0
248.0	61.0	137.0	210.0
248.0	60.0	137.0	211.0
249.0	60.0	132.0	211.0
249.0	63.0	133.0	207.0
248.0	63.0	129.0	202.0
247.0	65.0	133.0	206.0
245.0	66.0	136.0	203.0
245.0	63.0	135.0	208.0
246.0	64.0	135.0	206.0
245.0	61.0	136.0	209.0
245.0	62.0	139.0	209.0
245.0	63.0	137.0	208.0
244.0	65.0	139.0	206.0
244.0	66.0	137.0	206.0
243.0	64.0	140.0	207.0
242.0	64.0	139.0	207.0
243.0	64.0	140.0	207.0
241.0	64.0	142.0	207.0
240.0	64.0	140.0	207.0
238.0	62.0	146.0	209.0
238.0	59.0	139.0	209.0
240.0	57.0	145.0	213.0
240.0	62.0	147.0	209.0
239.0	66.0	145.0	202.0
237.0	62.0	147.0	209.0
236.0	63.0	148.0	205.0
235.0	60.0	147.0	208.0
237.0	62.0	150.0	207.0
234.0	61.0	143.0	207.0
234.0	60.0	150.0	207.0
233.0	61.0	152.0	208.0
234.0	61.0	147.0	207.0
234.0	59.0	147.0	210.0
232.0	61.0	151.0	208.0
236.0	60.0	151.0	208.0
236.0	62.0	149.0	209.0
236.0	65.0	152.0	203.0
236.0	63.0	151.0	205.0
238.0	67.0	152.0	205.0
242.0	67.0	147.0	202.0
244.0	66.0	145.0	204.0
246.0	66.0	144.0	206.0
249.0	67.0	141.0	205.0
251.0	69.0	137.0	201.0
252.0	68.0	132.0	201.0
255.0	69.0	128.0	200.0
254.0	70.0	126.0	201.0
259.0	70.0	127.0	200.0
261.0	71.0	124.0	198.0
260.0	72.0	129.0	198.0
259.0	73.0	131.0	199.0
254.0	74.0	138.0	198.0
253.0	76.0	140.0	196.0
248.0	74.0	144.0	198.0
249.0	73.0	144.0	199.0
243.0	72.0	148.0	200.0
239.0	73.0	152.0	199.0
235.0	74.0	159.0	198.0
237.0	74.0	159.0	198.0
242.0	73.0	153.0	199.0
242.0	72.0	152.0	200.0
232.0	67.0	134.0	205.0
241.0	73.0	153.0	199.0
243.0	73.0	152.0	199.0
243.0	74.0	152.0	198.0
244.41543579101562	79.23829650878906	151.64434814453125	197.53671264648438
241.51785278320312	83.10285949707031	151.1793670654297	196.93099975585938
237.0	74.0	151.0	198.0
234.0	82.0	152.0	190.0
245.0	75.0	144.0	197.0
231.0	72.0	157.0	200.0
215.0	66.0	172.0	206.0
218.0	66.0	163.0	206.0
224.0	70.0	148.0	192.0
213.0	71.0	125.0	198.0
225.0	86.0	159.0	186.0
212.0	71.0	165.0	201.0
214.0	84.0	169.0	188.0
215.0	87.0	168.0	185.0
218.0	89.0	161.0	183.0
211.0	89.0	166.0	183.0
208.0	89.0	166.0	183.0
205.0	89.0	165.0	183.0
196.0	83.0	166.0	189.0
193.0	85.0	166.0	187.0
192.0	80.0	162.0	192.0
195.0	87.0	159.0	185.0
194.0	85.0	151.0	187.0
185.0	88.0	151.0	184.0
182.0	91.0	157.0	181.0
177.0	90.0	156.0	182.0
172.0	90.0	155.0	182.0
171.0	88.0	150.0	184.0
158.0	91.0	168.0	181.0
153.0	90.0	175.0	182.0
159.0	92.0	158.0	180.0
153.0	91.0	156.0	181.0
168.94802856445312	94.03327941894531	157.80960083007812	183.09959411621094
169.3339385986328	91.69044494628906	161.8762969970703	187.81800842285156
158.0	94.0	152.0	178.0
153.0	96.0	163.0	176.0
158.05679321289062	98.08998107910156	161.505615234375	174.3864288330078
172.0	96.0	127.0	149.0
166.87196350097656	104.84916687011719	127.9876708984375	150.1587677001953
164.70582580566406	105.1159439086914	130.83984375	153.5050048828125
166.547607421875	105.36507415771484	131.7343292236328	154.554443359375
161.0	102.0	146.0	170.0
160.99005126953125	101.64298248291016	146.79432678222656	170.92489624023438
158.3150634765625	100.89393615722656	147.50247192382812	171.74945068359375
159.91366577148438	100.9074935913086	147.1497039794922	171.3386993408203
152.0	105.0	155.0	167.0
154.63058471679688	99.42138671875	159.1289825439453	171.44863891601562
153.0	108.0	152.0	164.0
153.0	106.0	152.0	166.0
152.0	108.0	158.0	164.0
153.40245056152344	110.0726318359375	156.7050018310547	162.6558380126953
153.43841552734375	109.92594146728516	156.84310913085938	162.7991943359375
156.8551788330078	110.79183197021484	158.12191772460938	164.12655639648438
159.1156463623047	114.30165100097656	160.06625366210938	166.1447296142578
158.4905548095703	113.98172760009766	161.0224151611328	167.13717651367188
160.8858642578125	109.2075424194336	162.31686401367188	168.4807891845703
159.4113006591797	112.40660095214844	162.30062866210938	168.4639434814453
161.42471313476562	110.08824157714844	163.19497680664062	169.39224243164062
157.02146911621094	116.5875244140625	165.7606658935547	172.0553741455078
156.6234130859375	117.96744537353516	164.8329620361328	171.09243774414062
153.23684692382812	112.49246978759766	166.45486450195312	172.77590942382812
157.9005126953125	118.83768463134766	163.92431640625	170.14926147460938
172.0	130.0	180.0	142.0
168.0	127.0	163.0	145.0
167.0	60.0	177.0	212.0
171.0	112.0	187.0	160.0
261.0	30.0	60.0	126.0
239.58163452148438	32.07097244262695	60.5394401550293	127.13282775878906
250.51101684570312	44.96160888671875	61.1810417175293	128.48019409179688
241.6942901611328	45.1123046875	63.09417724609375	132.49777221679688
237.58737182617188	39.62189865112305	63.464561462402344	133.2755889892578
228.78561401367188	41.244415283203125	63.6403923034668	133.64483642578125
224.0688934326172	38.675872802734375	64.52072143554688	135.4935302734375
217.73068237304688	48.043739318847656	63.760887145996094	133.89788818359375
210.0543212890625	42.929954528808594	63.98772048950195	134.37423706054688
205.27560424804688	45.1461296081543	63.499755859375	133.34951782226562
200.1532745361328	50.35490798950195	62.314308166503906	130.86007690429688
194.75222778320312	47.441551208496094	63.417762756347656	133.1773223876953
188.9620361328125	49.41880798339844	64.520263671875	135.49258422851562
185.85760498046875	48.304466247558594	64.26304626464844	134.9524383544922
180.3511199951172	51.43840789794922	63.8454475402832	134.07546997070312
177.9653778076172	49.810546875	64.28802490234375	135.0048828125
172.27047729492188	57.89391326904297	64.15898132324219	134.73388671875
167.0640411376953	60.203758239746094	63.16925811767578	132.65545654296875
158.62924194335938	62.89204025268555	64.03013610839844	134.46328735351562
155.15185546875	60.03269577026367	64.30659484863281	135.04385375976562
156.47659301757812	63.17820358276367	64.4384994506836	135.32086181640625
147.37069702148438	51.18146514892578	64.42405700683594	135.29054260253906
137.49607849121094	41.81636428833008	64.29054260253906	135.01016235351562
125.88984680175781	13.25245475769043	64.81502532958984	136.111572265625
122.65434265136719	3.9434523582458496	64.78785705566406	136.05453491210938
124.2612533569336	1.2444686889648438	65.45208740234375	137.4494171142578
96.54744720458984	-1.9002532958984375	65.2982406616211	137.12635803222656
105.66165924072266	12.569725036621094	64.32125091552734	135.07467651367188
33.91497039794922	77.1613540649414	63.93073654174805	134.25460815429688
-3.240741014480591	103.37235260009766	62.948646545410156	132.19223022460938
-0.12721291184425354	124.6305923461914	62.149200439453125	130.51339721679688
-1.779076337814331	93.03486633300781	63.20842361450195	132.73776245117188
-1.6866199970245361	116.70174407958984	62.690635681152344	131.650390625
312.0	163.0	80.0	109.0
312.0	164.0	79.0	108.0
330.25921630859375	161.55935668945312	80.29145812988281	109.7655258178711
349.4171447753906	161.21524047851562	80.2950668334961	109.77046203613281
332.048583984375	145.61660766601562	79.61326599121094	108.83836364746094
311.43280029296875	129.95065307617188	80.30213928222656	109.78011322021484
264.65948486328125	125.12605285644531	79.5953598022461	108.81388092041016
239.34799194335938	135.77816772460938	80.24748229980469	109.70538330078125
263.27679443359375	131.26571655273438	79.87738037109375	109.19942474365234
331.5941467285156	137.83456420898438	79.20545959472656	108.28083801269531
327.4490051269531	159.10818481445312	79.39393615722656	108.53849029541016
324.5951232910156	159.41598510742188	78.97868347167969	107.97078704833984
328.66998291015625	158.8146514892578	78.91011047363281	107.8770523071289
366.273193359375	160.0703125	79.44597625732422	108.609619140625
328.80230712890625	147.19891357421875	80.13207244873047	109.5475845336914
323.3017883300781	126.49485778808594	80.12669372558594	109.54023742675781
328.43634033203125	154.80101013183594	79.28971862792969	108.3960189819336
328.54107666015625	150.09130859375	78.90591430664062	107.8713150024414
325.7239990234375	149.969482421875	82.02342224121094	104.3366470336914
337.8004455566406	148.72207641601562	81.7149429321289	103.9442367553711
313.4504699707031	146.10763549804688	82.7364501953125	105.2436294555664
258.72515869140625	141.2249755859375	83.76036834716797	106.54609680175781
194.55381774902344	159.2215118408203	83.3048095703125	105.96661376953125
185.53115844726562	155.46725463867188	83.26575469970703	105.91693115234375
213.9036407470703	177.586181640625	81.35301208496094	103.48384857177734
313.0	162.0	80.0	110.0
120.0	43.0	183.0	227.0
313.0	162.0	79.0	110.0
272.5799865722656	138.9661102294922	78.2029037475586	108.89012145996094
121.0	40.0	180.0	230.0
129.92337036132812	21.286357879638672	178.0775146484375	227.5435028076172
35.188575744628906	39.39842987060547	179.8783721923828	229.84457397460938
312.0	161.0	78.0	110.0
121.0	34.0	178.0	238.0
92.8927230834961	23.199386596679688	180.6911163330078	241.5982208251953
312.0	164.0	77.0	106.0
329.12188720703125	156.79429626464844	76.07756042480469	104.73014068603516
330.0138244628906	158.45260620117188	75.41514587402344	103.81825256347656
329.6498718261719	159.50537109375	75.57848358154297	104.04310607910156
329.07037353515625	159.84483337402344	76.28416442871094	105.01457214355469
327.52362060546875	158.10818481445312	76.4334945678711	105.22015380859375
326.58013916015625	157.42562866210938	77.9897232055664	107.36248779296875
345.2070617675781	165.03768920898438	77.56990051269531	106.7845458984375
356.3677673339844	147.0703582763672	77.78533172607422	107.08111572265625
328.76690673828125	157.1710205078125	77.0543441772461	106.07481384277344
322.5186767578125	160.71591186523438	77.599853515625	106.82576751708984
356.15655517578125	155.8004150390625	77.53224182128906	106.73270416259766
344.0755920410156	150.68124389648438	78.9985580444336	102.96988677978516
328.36944580078125	162.99710083007812	79.80242156982422	104.0176773071289
259.42926025390625	141.07359313964844	79.55357360839844	103.69332122802734
168.07827758789062	155.3324432373047	79.29660034179688	103.3583755493164
153.75927734375	157.7698974609375	80.36181640625	104.746826171875
147.5951385498047	126.78946685791016	81.58903503417969	106.346435546875
148.2014923095703	132.81002807617188	81.50352478027344	106.2349853515625
126.65956115722656	148.50534057617188	81.25653076171875	105.91304016113281
156.49749755859375	138.08517456054688	81.42406463623047	106.13142395019531
137.0038299560547	159.35446166992188	82.00263214111328	106.88554382324219
156.07803344726562	158.82083129882812	82.03593444824219	106.92893981933594
125.6716537475586	159.35997009277344	82.33522033691406	107.31903076171875
133.46548461914062	126.8425521850586	82.88314056396484	108.03321838378906
128.84127807617188	150.05300903320312	83.79816436767578	109.22589111328125
121.27314758300781	151.7006378173828	83.18412780761719	108.425537109375
124.70761108398438	147.79440307617188	81.42691040039062	112.78433990478516
125.92716979980469	144.41796875	82.5757827758789	114.3756332397461
125.2834243774414	150.7935791015625	82.3703842163086	114.09114074707031
125.4776840209961	142.78042602539062	85.09931182861328	117.8709716796875
120.4089584350586	144.8997344970703	87.07814025878906	120.6118392944336
124.25108337402344	143.6545867919922	87.2632827758789	120.86827087402344
123.6514663696289	138.33187866210938	86.852783203125	120.29969787597656
124.85335540771484	139.6555633544922	87.31748962402344	120.943359375
126.47452545166016	135.36741638183594	86.00894927978516	119.13089752197266
127.3971939086914	140.15042114257812	86.51768493652344	119.8355484008789
128.90736389160156	141.193359375	87.79236602783203	121.60111236572266
128.97738647460938	140.7633514404297	88.5968246459961	122.71537017822266
137.0353240966797	140.41287231445312	89.27191162109375	123.65042877197266
135.66041564941406	137.6883087158203	89.9026107788086	124.52400970458984
137.62132263183594	132.22962951660156	91.88563537597656	127.27070617675781
140.96922302246094	133.75839233398438	93.00251770019531	128.8177032470703
145.78440856933594	132.91732788085938	94.62445831298828	131.06423950195312
143.45297241210938	132.8852996826172	93.41777038574219	129.39285278320312
146.42648315429688	131.78256225585938	94.84809875488281	131.37399291992188
144.00674438476562	131.05813598632812	94.96644592285156	131.5379180908203
149.88258361816406	128.13491821289062	94.51022338867188	130.90602111816406
149.94729614257812	128.73739624023438	94.34480285644531	130.67689514160156
153.36065673828125	128.1820526123047	94.19792175292969	130.47348022460938
150.71221923828125	126.4302749633789	95.53129577636719	132.32034301757812
157.91574096679688	125.39776611328125	96.14081573486328	133.16458129882812
155.7787628173828	123.3869400024414	96.74041748046875	133.99508666992188
157.98300170898438	127.2634048461914	96.30224609375	133.38816833496094
148.12948608398438	125.76158142089844	96.45283508300781	133.5967559814453
150.72000122070312	121.47257232666016	97.14610290527344	134.55699157714844
154.18679809570312	123.9171142578125	98.31011962890625	136.1692657470703
146.9235076904297	123.62855529785156	98.7300796508789	136.75094604492188
149.35543823242188	123.87251281738281	98.4581527709961	136.37429809570312
151.42388916015625	117.90401458740234	99.47869873046875	137.78785705566406
178.9272003173828	119.837890625	98.75816345214844	136.7898406982422
200.1734619140625	111.51283264160156	99.11248779296875	137.28060913085938
210.03463745117188	112.2935791015625	99.10841369628906	137.27496337890625
218.5809326171875	100.29331970214844	97.89694213867188	135.59695434570312
229.7428741455078	98.12384033203125	98.19152069091797	136.00497436523438
238.55026245117188	93.995361328125	98.45506286621094	136.37001037597656
244.67147827148438	91.952392578125	99.44581604003906	137.7423095703125
240.13674926757812	92.1827621459961	99.43690490722656	137.72994995117188
240.4982147216797	96.98445129394531	99.46592712402344	137.7701416015625
241.219970703125	91.93367004394531	98.93145751953125	137.0298614501953
237.6698760986328	91.22782897949219	97.99751281738281	135.7362518310547
239.544921875	86.98081970214844	96.48896026611328	133.64675903320312
237.16366577148438	91.75660705566406	97.79243469238281	135.4521942138672
237.21322631835938	94.69215393066406	97.71083068847656	135.3391571044922
232.9279022216797	100.63211822509766	98.34587097167969	136.21875
231.68539428710938	101.22587585449219	98.62213897705078	136.60140991210938
224.1656951904297	104.3100814819336	100.14378356933594	138.70904541015625
211.92007446289062	106.0216064453125	99.4653091430664	137.769287109375
207.574462890625	102.7184829711914	98.55479431152344	136.50814819335938
214.0	66.0	134.0	193.0
219.0	65.0	147.0	196.0
222.0	65.0	146.0	192.0
224.36007690429688	68.74767303466797	142.645751953125	187.5889434814453
219.3840789794922	70.30936431884766	143.07870483398438	188.15829467773438
236.0	74.0	136.0	179.0
236.7493133544922	71.04055786132812	136.32203674316406	179.42384338378906
233.85617065429688	67.03067016601562	136.61439514160156	179.8086395263672
235.59158325195312	71.18280029296875	134.01797485351562	176.3912811279297
232.7755126953125	71.73710632324219	131.78469848632812	173.45188903808594
239.90884399414062	69.71508026123047	132.57469177246094	174.4916534423828
235.1201629638672	69.81977844238281	131.39138793945312	172.93421936035156
244.0	68.0	141.0	189.0
245.0	68.0	138.0	188.0
245.0	67.0	138.0	194.0
246.0	69.0	140.0	196.0
250.0	72.0	132.0	168.0
254.0	76.0	129.0	162.0
249.648193359375	71.02824401855469	130.12570190429688	163.41366577148438
254.021728515625	71.66877746582031	130.83209228515625	164.30075073242188
266.0	79.0	112.0	153.0
266.02276611328125	76.7580337524414	110.93763732910156	151.54873657226562
231.0	76.0	162.0	196.0
246.0	77.0	146.0	195.0
252.0	78.0	137.0	194.0
251.0	77.0	141.0	195.0
251.0	76.0	140.0	196.0
260.0	77.0	132.0	195.0
257.0	77.0	134.0	195.0
259.0	76.0	131.0	196.0
257.0	76.0	132.0	196.0
260.0	75.0	131.0	197.0
262.0	74.0	126.0	198.0
264.0	75.0	125.0	197.0
261.0	73.0	128.0	199.0
259.0	75.0	130.0	197.0
258.0	74.0	129.0	198.0
259.0	73.0	125.0	199.0
262.0	71.0	125.0	201.0
263.0	71.0	126.0	201.0
266.0	69.0	124.0	202.0
265.0	70.0	123.0	200.0
264.0	69.0	123.0	202.0
263.0	69.0	121.0	202.0
265.0	70.0	119.0	199.0
265.0	69.0	118.0	199.0
264.0	67.0	121.0	202.0
263.0	69.0	120.0	201.0
262.0	68.0	122.0	202.0
263.0	68.0	122.0	202.0
264.0	67.0	121.0	202.0
263.0	67.0	121.0	202.0
263.0	67.0	124.0	198.0
263.0	66.0	123.0	203.0
263.0	65.0	125.0	204.0
261.0	66.0	126.0	203.0
259.0	66.0	127.0	203.0
260.0	65.0	129.0	206.0
259.0	66.0	130.0	205.0
259.0	66.0	126.0	204.0
259.0	66.0	129.0	205.0
257.0	65.0	131.0	206.0
257.0	65.0	129.0	204.0
258.0	65.0	129.0	204.0
258.0	66.0	130.0	205.0
259.0	65.0	130.0	204.0
258.0	65.0	129.0	204.0
258.0	65.0	130.0	204.0
259.0	65.0	129.0	204.0
258.0	65.0	130.0	205.0
258.0	65.0	131.0	205.0
257.0	65.0	131.0	204.0
259.0	64.0	129.0	205.0
258.0	65.0	133.0	205.0
259.0	65.0	130.0	204.0
258.0	65.0	131.0	204.0
256.0	65.0	133.0	204.0
257.0	64.0	132.0	205.0
257.0	65.0	132.0	204.0
256.0	65.0	132.0	205.0
257.0	64.0	132.0	205.0
257.0	65.0	133.0	205.0
257.0	65.0	133.0	204.0
256.0	65.0	134.0	205.0
258.0	65.0	132.0	204.0
256.0	65.0	133.0	204.0
257.0	65.0	133.0	205.0
255.0	65.0	133.0	204.0
256.0	66.0	134.0	204.0
258.0	65.0	133.0	205.0
258.0	66.0	132.0	202.0
257.0	65.0	133.0	205.0
256.0	65.0	134.0	204.0
256.0	65.0	134.0	205.0
256.0	65.0	134.0	204.0
258.0	65.0	132.0	204.0
257.0	65.0	131.0	203.0
257.0	65.0	133.0	204.0
257.0	65.0	133.0	205.0
257.0	66.0	134.0	204.0
256.0	66.0	134.0	204.0
256.0	66.0	135.0	204.0
256.0	66.0	134.0	204.0
257.0	66.0	133.0	204.0
257.0	65.0	133.0	204.0
257.0	66.0	133.0	204.0
257.0	66.0	133.0	203.0
258.0	65.0	132.0	204.0
256.0	65.0	133.0	204.0
256.0	66.0	134.0	204.0
256.0	65.0	133.0	204.0
257.0	66.0	133.0	204.0
256.0	65.0	134.0	204.0
256.0	65.0	134.0	204.0
257.0	64.0	133.0	205.0
257.0	65.0	132.0	204.0
257.0	64.0	133.0	205.0
257.0	65.0	132.0	204.0
257.0	66.0	133.0	204.0
257.0	65.0	134.0	205.0
257.0	65.0	133.0	204.0
257.0	66.0	133.0	203.0
256.0	66.0	135.0	204.0
257.0	65.0	135.0	204.0
255.0	66.0	137.0	205.0
255.0	67.0	137.0	204.0
254.0	68.0	138.0	203.0
253.0	68.0	139.0	203.0
253.0	66.0	139.0	205.0
253.0	66.0	140.0	205.0
253.0	66.0	139.0	205.0
253.0	66.0	138.0	205.0
252.0	66.0	140.0	205.0
253.0	66.0	140.0	205.0
252.0	65.0	140.0	206.0
251.0	65.0	141.0	206.0
252.0	65.0	140.0	206.0
251.0	65.0	140.0	206.0
251.0	65.0	141.0	206.0
251.0	64.0	141.0	207.0
251.0	65.0	140.0	206.0
250.0	63.0	141.0	207.0
251.0	63.0	142.0	208.0
251.0	63.0	139.0	207.0
252.0	64.0	141.0	207.0
249.0	63.0	138.0	207.0
250.0	61.0	142.0	210.0
251.0	62.0	137.0	206.0
253.0	61.0	141.0	210.0
252.0	62.0	140.0	208.0
252.0	61.0	140.0	209.0
251.0	61.0	139.0	210.0
256.0	62.0	137.0	209.0
252.0	61.0	141.0	210.0
255.0	64.0	138.0	207.0
254.0	63.0	139.0	209.0
252.0	59.0	143.0	213.0
253.0	64.0	139.0	208.0
253.0	61.0	141.0	210.0
252.0	60.0	141.0	210.0
254.0	63.0	139.0	208.0
253.0	60.0	141.0	211.0
255.0	63.0	138.0	208.0
252.0	60.0	142.0	211.0
251.0	59.0	142.0	212.0
253.0	60.0	141.0	211.0
255.0	63.0	138.0	208.0
255.0	63.0	138.0	208.0
254.0	63.0	139.0	207.0
255.0	64.0	137.0	208.0
252.0	59.0	141.0	212.0
254.0	59.0	140.0	212.0
252.0	58.0	141.0	213.0
255.0	63.0	138.0	208.0
255.0	65.0	137.0	206.0
255.0	63.0	138.0	207.0
254.0	58.0	140.0	212.0
252.0	58.0	142.0	213.0
254.0	59.0	140.0	211.0
256.0	65.0	137.0	206.0
254.0	61.0	139.0	210.0
252.0	59.0	142.0	212.0
253.0	60.0	141.0	210.0
254.0	61.0	139.0	210.0
256.0	62.0	137.0	209.0
253.0	59.0	140.0	211.0
256.0	64.0	136.0	207.0
254.0	61.0	139.0	210.0
252.0	59.0	141.0	212.0
255.0	63.0	138.0	208.0
255.0	62.0	138.0	209.0
256.0	63.0	136.0	208.0
256.0	64.0	137.0	206.0
255.0	63.0	138.0	207.0
256.0	64.0	137.0	207.0
255.0	65.0	137.0	206.0
257.0	64.0	136.0	207.0
256.0	64.0	137.0	206.0
252.0	59.0	141.0	212.0
253.0	61.0	139.0	210.0
253.0	60.0	139.0	210.0
254.0	64.0	138.0	207.0
256.0	63.0	137.0	207.0
255.0	63.0	138.0	208.0
255.0	64.0	138.0	206.0
255.0	65.0	138.0	206.0
254.0	63.0	139.0	207.0
255.0	63.0	138.0	208.0
255.0	65.0	137.0	205.0
254.0	62.0	139.0	209.0
255.0	65.0	138.0	206.0
254.0	59.0	140.0	212.0
254.0	62.0	139.0	209.0
255.0	63.0	138.0	208.0
253.0	59.0	140.0	212.0
255.0	68.0	138.0	202.0
257.0	71.0	136.0	199.0
258.0	73.0	135.0	198.0
252.0	60.0	142.0	210.0
257.0	69.0	136.0	201.0
258.0	72.0	135.0	197.0
258.0	69.0	135.0	200.0
256.0	70.0	137.0	199.0
258.0	79.0	134.0	190.0
260.0	81.0	133.0	189.0
259.0	75.0	134.0	194.0
257.0	70.0	137.0	199.0
256.0	66.0	137.0	203.0
259.0	73.0	134.0	196.0
256.0	63.0	137.0	207.0
257.0	73.0	135.0	197.0
257.0	72.0	136.0	198.0
256.0	67.0	137.0	203.0
257.0	69.0	136.0	200.0
257.0	70.0	135.0	199.0
258.0	71.0	134.0	198.0
258.0	69.0	134.0	200.0
256.0	69.0	135.0	198.0
257.0	69.0	134.0	198.0
256.0	71.0	135.0	197.0
257.0	73.0	134.0	192.0
254.0	68.0	137.0	196.0
252.0	59.0	137.0	205.0
253.0	69.0	136.0	190.0
255.0	71.0	134.0	187.0
254.0	70.0	133.0	186.0
255.0	68.0	130.0	185.0
256.0	65.0	129.0	187.0
259.0	63.0	127.0	189.0
259.0	59.0	126.0	192.0
260.0	54.0	123.0	194.0
260.0	51.0	123.0	194.0
259.0	43.0	124.0	203.0
259.0	40.0	124.0	204.0
259.0	38.0	123.0	202.0
259.0	42.0	121.0	194.0
257.0	43.0	120.0	192.0
257.0	38.0	120.0	193.0
257.0	40.0	120.0	190.0
256.0	39.0	119.0	190.0
255.0	38.0	117.0	189.0
256.0	37.0	115.0	188.0
255.0	36.0	115.0	186.0
254.0	36.0	116.0	181.0
254.0	36.0	114.0	181.0
253.0	36.0	112.0	179.0
253.0	35.0	111.0	179.0
253.0	34.0	107.0	177.0
252.0	34.0	109.0	175.0
251.0	34.0	109.0	172.0
249.0	34.0	109.0	172.0
248.0	34.0	109.0	171.0
245.0	33.0	109.0	173.0
245.0	34.0	108.0	169.0
243.0	35.0	105.0	166.0
243.0	34.0	105.0	165.0
243.0	33.0	104.0	166.0
245.0	34.0	103.0	165.0
246.0	34.0	102.0	162.0
247.0	34.0	101.0	163.0
248.0	34.0	100.0	162.0
249.0	33.0	101.0	163.0
250.0	33.0	99.0	159.0
251.0	34.0	98.0	161.0
253.0	38.0	95.0	151.0
253.0	34.0	96.0	159.0
254.0	33.0	96.0	158.0
254.0	33.0	96.0	157.0
255.0	32.0	95.0	158.0
255.0	36.0	96.0	150.0
255.0	36.0	96.0	150.0
255.0	33.0	95.0	152.0
255.0	33.0	94.0	150.0
255.0	34.0	94.0	148.0
256.0	33.0	93.0	148.0
257.0	31.0	91.0	151.0
257.0	31.0	91.0	148.0
256.0	31.0	92.0	149.0
257.0	31.0	91.0	146.0
258.0	32.0	89.0	148.0
257.0	31.0	90.0	146.0
257.0	29.0	91.0	149.0
258.0	32.0	90.0	143.0
258.0	32.0	90.0	143.0
258.0	28.0	90.0	149.0
258.0	31.0	90.0	144.0
258.0	31.0	90.0	145.0
257.0	31.0	92.0	144.0
258.0	32.0	91.0	143.0
258.0	32.0	91.0	144.0
258.0	30.0	91.0	146.0
258.0	31.0	91.0	145.0
258.0	31.0	90.0	145.0
258.0	30.0	91.0	146.0
258.0	31.0	90.0	144.0
258.0	32.0	91.0	144.0
259.0	32.0	89.0	143.0
259.0	30.0	90.0	147.0
259.0	31.0	89.0	146.0
259.0	31.0	89.0	144.0
259.0	30.0	90.0	146.0
258.0	31.0	90.0	145.0
258.0	29.0	90.0	147.0
259.0	31.0	89.0	145.0
259.0	30.0	90.0	146.0
258.0	32.0	90.0	142.0
259.0	30.0	89.0	146.0
259.0	28.0	89.0	150.0
259.0	29.0	90.0	147.0
258.0	30.0	91.0	146.0
259.0	27.0	90.0	149.0
259.0	23.0	89.0	157.0
259.0	25.0	89.0	155.0
260.0	28.0	88.0	148.0
260.0	27.0	88.0	149.0
261.0	29.0	86.0	145.0
264.0	29.0	83.0	146.0
257.0	26.0	91.0	153.0
258.0	29.0	91.0	151.0
