107.0	88.0	72.0	85.0
104.0	86.0	70.0	83.0
102.0	86.0	68.0	82.0
101.0	86.0	65.0	82.0
99.0	86.0	65.0	83.0
98.0	87.0	65.0	84.0
98.0	90.0	64.0	83.0
100.0	93.0	63.0	82.0
102.0	95.0	64.0	84.0
107.0	97.0	64.0	84.0
111.0	96.0	67.0	87.0
114.0	94.0	71.0	90.0
122.0	95.0	74.0	91.0
129.0	96.0	77.0	93.0
136.0	97.0	81.0	94.0
145.0	94.0	81.0	94.0
152.0	84.0	84.0	98.0
157.0	78.0	86.0	97.0
161.0	71.0	88.0	97.0
161.0	58.0	92.0	99.0
155.0	45.0	95.0	98.0
153.0	32.0	96.0	98.0
152.0	21.0	94.0	96.0
146.0	14.0	97.0	91.0
147.0	7.0	94.0	92.0
143.0	4.0	91.0	93.0
137.0	2.0	90.0	78.0
128.0	0.0	93.0	76.0
122.0	0.0	92.0	79.0
117.0	0.0	89.0	80.0
110.0	0.0	89.0	84.0
106.0	0.0	88.0	91.0
101.0	4.0	90.0	99.0
99.0	13.0	89.0	104.0
98.0	29.0	90.0	106.0
97.0	37.0	91.0	113.0
100.0	64.0	91.0	107.0
100.0	82.0	91.0	108.0
100.0	96.0	90.0	112.0
102.0	108.0	89.0	110.0
102.0	107.0	88.0	113.0
100.0	102.0	88.0	114.0
100.0	93.0	86.0	112.0
96.0	80.0	90.0	112.0
93.0	67.0	90.0	110.0
92.0	50.0	89.0	110.0
91.0	28.0	89.0	110.0
88.0	14.0	88.0	103.0
85.0	3.0	91.0	102.0
85.0	0.0	90.0	93.0
85.0	0.0	90.0	88.0
85.0	0.0	91.0	89.0
88.0	0.0	92.0	93.0
92.0	8.0	91.0	95.0
95.0	19.0	92.0	96.0
94.0	31.0	94.0	96.0
96.0	43.0	94.0	97.0
96.0	53.0	95.0	103.0
96.0	63.0	91.0	103.0
94.0	76.0	95.0	106.0
96.0	91.0	93.0	103.0
93.0	106.0	93.0	102.0
91.0	114.0	93.0	107.0
90.0	124.0	90.0	109.0
88.0	134.0	91.0	110.0
86.0	140.0	92.0	112.0
85.0	146.0	90.0	109.0
82.0	142.0	90.0	114.0
81.0	135.0	90.0	118.0
81.0	126.0	88.0	117.0
80.0	114.0	89.0	113.0
81.0	100.0	90.0	109.0
82.0	82.0	91.0	110.0
85.0	67.0	91.0	111.0
87.0	57.0	94.0	108.0
90.0	45.0	95.0	109.0
90.0	35.0	96.0	101.0
91.0	30.0	97.0	94.0
93.0	27.0	97.0	91.0
91.0	27.0	100.0	88.0
95.0	32.0	99.0	88.0
96.0	41.0	100.0	87.0
99.0	55.0	101.0	90.0
103.0	73.0	105.0	95.0
109.0	96.0	102.0	94.0
111.0	119.0	103.0	98.0
109.0	138.0	102.0	104.0
108.0	161.0	99.0	95.0
100.0	176.0	99.0	80.0
92.0	186.0	93.0	70.0
86.0	188.0	85.0	67.0
80.0	182.0	82.0	73.0
76.0	170.0	83.0	86.0
75.0	146.0	85.0	109.0
78.0	126.0	86.0	116.0
80.0	108.0	88.0	112.0
85.0	89.0	89.0	110.0
86.0	67.0	91.0	108.0
87.0	48.0	93.0	108.0
88.0	35.0	95.0	102.0
88.0	27.0	98.0	98.0
91.0	26.0	102.0	94.0
93.0	27.0	104.0	95.0
99.0	31.0	102.0	97.0
103.0	43.0	100.0	92.0
108.0	53.0	97.0	94.0
111.0	66.0	102.0	98.0
113.0	82.0	100.0	100.0
117.0	103.0	99.0	98.0
116.0	118.0	100.0	105.0
114.0	140.0	95.0	104.0
111.0	158.0	92.0	98.0
107.0	176.0	81.0	80.0
99.0	180.0	84.0	75.0
94.0	180.0	77.0	76.0
87.0	172.0	77.0	83.0
79.0	150.0	81.0	106.0
74.0	126.0	84.0	124.0
75.0	113.0	84.0	114.0
77.0	90.0	85.0	113.0
79.0	70.0	87.0	109.0
83.0	51.0	88.0	107.0
86.0	36.0	90.0	104.0
86.0	25.0	95.0	102.0
89.0	18.0	97.0	99.0
93.0	21.0	100.0	97.0
98.0	28.0	102.0	95.0
104.0	39.0	104.0	98.0
116.0	58.0	99.0	95.0
123.0	76.0	101.0	97.0
131.0	95.0	99.0	100.0
133.0	113.0	97.0	99.0
133.0	134.0	97.0	98.0
130.0	149.0	92.0	98.0
123.0	164.0	93.0	92.0
117.0	177.0	87.0	79.0
110.0	179.0	83.0	77.0
102.0	173.0	75.0	82.0
93.0	156.0	83.0	99.0
88.0	140.0	84.0	114.0
85.0	115.0	83.0	117.0
82.0	91.0	87.0	116.0
81.0	71.0	87.0	112.0
81.0	53.0	87.0	108.0
81.0	34.0	86.0	108.0
81.0	22.0	90.0	104.0
83.0	17.0	93.0	97.0
88.0	12.0	93.0	98.0
94.0	17.0	95.0	97.0
101.0	25.0	98.0	99.0
110.0	39.0	97.0	99.0
119.0	55.0	98.0	100.0
119.0	72.0	101.0	96.0
118.0	91.0	98.0	90.0
114.0	105.0	92.0	90.0
104.0	115.0	94.0	94.0
91.0	125.0	90.0	95.0
77.0	127.0	86.0	101.0
59.0	132.0	86.0	101.0
43.0	134.0	85.0	104.0
27.0	138.0	88.0	105.0
14.0	141.0	86.0	106.0
1.0	147.0	85.0	104.0
0.0	145.0	74.0	109.0
0.0	139.0	63.0	117.0
0.0	137.0	52.0	118.0
0.0	134.0	47.0	121.0
0.0	127.0	50.0	127.0
0.0	136.0	59.0	120.0
0.0	123.0	70.0	132.0
0.0	147.0	81.0	103.0
17.0	140.0	83.0	105.0
40.0	135.0	81.0	101.0
66.0	126.0	80.0	102.0
93.0	114.0	86.0	102.0
118.0	103.0	85.0	98.0
137.0	85.0	92.0	98.0
153.0	69.0	95.0	94.0
162.0	42.0	95.0	101.0
172.0	50.0	101.0	82.0
175.0	46.0	104.0	71.0
169.8311767578125	41.19807434082031	101.74116516113281	69.4579086303711
172.2362060546875	47.211814880371094	99.55387878417969	67.96465301513672
192.0	48.0	86.0	78.0
177.99203491210938	57.2928352355957	85.82466888427734	77.84098815917969
178.86355590820312	71.54811096191406	86.04849243164062	78.04399108886719
181.83851623535156	89.1795654296875	87.38165283203125	79.25313568115234
158.0	105.0	99.0	68.0
143.0	106.0	95.0	94.0
129.0	119.0	87.0	98.0
112.0	128.0	82.0	101.0
93.0	131.0	80.0	110.0
77.0	136.0	77.0	111.0
60.0	139.0	78.0	114.0
47.0	147.0	77.0	108.0
34.0	151.0	77.0	104.0
27.0	158.0	75.0	97.0
21.0	159.0	76.0	96.0
19.0	158.0	76.0	97.0
22.0	162.0	77.0	93.0
29.0	162.0	75.0	93.0
34.0	155.0	79.0	100.0
47.0	146.0	80.0	109.0
65.0	142.0	79.0	106.0
81.0	132.0	82.0	102.0
100.0	118.0	84.0	100.0
115.0	106.0	85.0	94.0
126.0	90.0	89.0	90.0
134.0	78.0	93.0	84.0
143.0	67.0	89.0	81.0
146.0	61.0	95.0	81.0
151.1282196044922	53.51469039916992	96.4687271118164	82.25228118896484
154.49900817871094	52.526588439941406	95.75669860839844	81.64518737792969
158.021240234375	56.20850372314453	95.3306655883789	81.28193664550781
157.96878051757812	60.192359924316406	95.27265930175781	81.23248291015625
155.0	68.0	93.0	72.0
150.0	77.0	91.0	77.0
143.0	82.0	93.0	87.0
132.0	86.0	96.0	94.0
127.0	93.0	89.0	98.0
115.0	102.0	86.0	98.0
105.0	109.0	84.0	99.0
94.0	114.0	85.0	102.0
83.0	119.0	85.0	101.0
72.0	119.0	85.0	102.0
64.0	122.0	86.0	103.0
59.0	125.0	85.0	104.0
53.0	129.0	86.0	104.0
48.0	130.0	84.0	103.0
45.0	131.0	83.0	103.0
41.0	132.0	83.0	103.0
37.0	131.0	84.0	104.0
34.0	131.0	84.0	103.0
34.0	130.0	83.0	104.0
37.0	130.0	83.0	104.0
41.0	127.0	82.0	104.0
44.0	126.0	83.0	104.0
52.0	126.0	82.0	104.0
62.0	127.0	83.0	103.0
71.0	127.0	83.0	102.0
82.0	126.0	82.0	102.0
92.0	124.0	84.0	101.0
99.0	122.0	82.0	97.0
110.0	116.0	83.0	95.0
115.0	109.0	85.0	97.0
123.0	102.0	84.0	93.0
129.0	93.0	85.0	97.0
132.0	89.0	88.0	95.0
134.0	88.0	90.0	90.0
135.0	82.0	87.0	96.0
134.0	82.0	88.0	98.0
131.0	86.0	93.0	96.0
126.0	86.0	91.0	99.0
120.0	85.0	94.0	102.0
115.0	87.0	93.0	102.0
111.0	93.0	93.0	102.0
104.0	98.0	92.0	104.0
97.0	105.0	92.0	104.0
79.0	108.0	94.0	101.0
69.0	104.0	93.0	104.0
60.0	102.0	90.0	106.0
54.0	103.0	91.0	109.0
47.0	108.0	90.0	109.0
42.0	113.0	87.0	107.0
36.0	120.0	89.0	109.0
30.0	127.0	87.0	108.0
28.0	133.0	87.0	107.0
27.0	137.0	86.0	107.0
26.0	140.0	86.0	109.0
28.0	144.0	86.0	107.0
39.0	143.0	84.0	108.0
43.0	137.0	84.0	108.0
49.0	130.0	86.0	110.0
64.0	119.0	86.0	107.0
74.0	105.0	88.0	107.0
89.0	94.0	90.0	104.0
104.0	83.0	95.0	102.0
119.0	72.0	96.0	100.0
120.0	64.0	101.0	92.0
127.0	56.0	100.0	85.0
133.0	54.0	105.0	80.0
137.0	50.0	109.0	84.0
143.57833862304688	48.813812255859375	109.49613952636719	84.3823471069336
145.0	63.0	98.0	66.0
147.0	74.0	105.0	81.0
135.42837524414062	88.6099624633789	107.3918685913086	82.84516143798828
120.52825927734375	105.00279235839844	106.86688232421875	82.4401626586914
121.0	97.0	100.0	97.0
113.0	107.0	90.0	97.0
101.0	119.0	87.0	100.0
88.0	129.0	88.0	105.0
71.0	143.0	88.0	103.0
59.0	152.0	86.0	102.0
49.0	157.0	87.0	98.0
44.0	153.0	84.0	101.0
39.0	144.0	84.0	110.0
35.0	124.0	84.0	115.0
33.0	106.0	85.0	111.0
29.0	78.0	87.0	112.0
25.0	57.0	89.0	103.0
22.0	32.0	89.0	104.0
17.0	10.0	91.0	106.0
16.0	2.0	90.0	96.0
18.0	0.0	90.0	89.0
23.0	0.0	87.0	87.0
26.0	0.0	89.0	91.0
26.0	3.0	93.0	99.0
33.0	21.0	92.0	101.0
44.0	40.0	93.0	110.0
53.0	66.0	93.0	109.0
64.0	95.0	90.0	105.0
72.0	118.0	90.0	108.0
76.0	144.0	88.0	104.0
76.0	160.0	82.0	95.0
75.0	161.0	77.0	95.0
71.0	143.0	80.0	112.0
65.0	124.0	82.0	117.0
60.0	102.0	85.0	110.0
59.0	74.0	88.0	112.0
60.0	52.0	86.0	110.0
61.0	31.0	85.0	113.0
62.0	20.0	84.0	114.0
63.0	13.0	88.0	108.0
65.0	13.0	91.0	105.0
66.0	15.0	93.0	112.0
69.0	30.0	95.0	107.0
71.0	49.0	98.0	110.0
76.0	80.0	98.0	108.0
82.0	108.0	95.0	110.0
86.0	132.0	91.0	114.0
86.0	158.0	87.0	98.0
83.0	177.0	80.0	78.0
74.0	186.0	79.0	70.0
67.0	188.0	75.0	68.0
62.0	181.0	74.0	74.0
61.0	167.0	74.0	88.0
57.0	139.0	80.0	117.0
54.0	118.0	86.0	116.0
54.0	92.0	87.0	116.0
54.0	71.0	88.0	111.0
55.0	49.0	90.0	116.0
59.0	39.0	90.0	111.0
61.0	32.0	91.0	111.0
65.0	30.0	93.0	110.0
68.0	37.0	96.0	106.0
76.0	48.0	94.0	109.0
84.0	66.0	92.0	103.0
87.0	81.0	93.0	104.0
98.0	107.0	89.0	104.0
102.0	127.0	89.0	107.0
105.0	157.0	88.0	99.0
105.0	182.0	81.0	74.0
101.0	204.0	73.0	52.0
85.57015228271484	207.12350463867188	72.68802642822266	51.77777862548828
74.16163635253906	209.69760131835938	71.44608306884766	50.893104553222656
71.0067138671875	207.0666961669922	71.4488754272461	50.89509201049805
71.65440368652344	205.44198608398438	71.98194885253906	51.274818420410156
65.0	170.0	77.0	85.0
64.0	139.0	82.0	117.0
59.0	113.0	88.0	118.0
57.0	88.0	88.0	115.0
57.0	63.0	87.0	114.0
58.0	44.0	87.0	111.0
57.0	33.0	93.0	107.0
59.0	28.0	96.0	103.0
62.0	29.0	98.0	99.0
68.0	38.0	99.0	101.0
77.0	53.0	97.0	100.0
84.0	76.0	97.0	98.0
90.0	100.0	105.0	101.0
97.0	120.0	104.0	107.0
101.0	142.0	97.0	109.0
97.0	170.0	103.0	86.0
91.0	190.0	91.0	66.0
81.0	199.0	87.0	57.0
69.41998291015625	204.38706970214844	85.2859878540039	55.87702560424805
61.85857391357422	205.4397430419922	84.47322845458984	55.34452438354492
50.0	191.0	81.0	65.0
56.0	172.0	73.0	83.0
57.0	142.0	76.0	114.0
52.0	116.0	82.0	121.0
53.0	92.0	86.0	120.0
56.0	70.0	87.0	117.0
57.0	51.0	89.0	114.0
58.0	39.0	93.0	112.0
62.0	32.0	93.0	112.0
65.0	32.0	95.0	105.0
69.0	41.0	100.0	102.0
78.0	56.0	97.0	101.0
85.0	77.0	96.0	93.0
91.0	89.0	95.0	99.0
91.0	113.0	97.0	98.0
91.0	133.0	93.0	100.0
93.0	163.0	91.0	92.0
79.0	172.0	102.0	84.0
81.0	187.0	87.0	69.0
68.0	187.0	86.0	69.0
68.0	181.0	72.0	74.0
57.0	160.0	75.0	95.0
49.0	136.0	77.0	120.0
37.0	114.0	84.0	120.0
33.0	89.0	89.0	116.0
34.0	66.0	86.0	112.0
35.0	51.0	84.0	109.0
36.0	41.0	85.0	105.0
39.0	37.0	88.0	104.0
40.0	34.0	93.0	107.0
43.0	43.0	97.0	106.0
49.0	54.0	96.0	109.0
53.0	71.0	101.0	112.0
62.0	94.0	100.0	114.0
68.0	120.0	98.0	112.0
72.0	142.0	97.0	110.0
75.0	170.0	91.0	86.0
71.0	184.0	96.0	72.0
71.0	196.0	80.0	60.0
65.0	197.0	76.0	59.0
61.0	193.0	71.0	63.0
58.0	183.0	74.0	73.0
52.0	166.0	77.0	90.0
48.0	141.0	82.0	115.0
46.0	122.0	84.0	119.0
45.0	100.0	89.0	117.0
43.0	80.0	89.0	109.0
42.0	62.0	90.0	109.0
43.0	51.0	93.0	101.0
45.0	45.0	95.0	100.0
50.0	47.0	93.0	96.0
55.0	56.0	100.0	97.0
62.0	72.0	97.0	94.0
70.0	85.0	97.0	98.0
74.0	100.0	97.0	105.0
81.0	126.0	96.0	99.0
79.0	145.0	96.0	100.0
73.0	165.0	95.0	91.0
68.0	179.0	88.0	77.0
64.0	187.0	81.0	69.0
55.0	186.0	85.0	70.0
61.0	174.0	72.0	81.0
52.0	145.0	83.0	110.0
46.0	129.0	88.0	122.0
43.0	104.0	91.0	120.0
41.0	82.0	89.0	116.0
37.0	60.0	91.0	114.0
36.0	46.0	89.0	107.0
36.0	32.0	91.0	108.0
38.0	23.0	92.0	104.0
40.0	23.0	94.0	102.0
44.0	33.0	95.0	102.0
47.0	40.0	97.0	108.0
55.0	60.0	99.0	109.0
61.0	86.0	100.0	112.0
71.0	115.0	98.0	112.0
77.0	144.0	94.0	112.0
80.0	172.0	84.0	84.0
81.0	195.0	83.0	61.0
76.0	203.0	74.0	53.0
74.0	205.0	72.0	51.0
67.0	202.0	74.0	54.0
64.0	190.0	74.0	66.0
56.0	176.0	82.0	80.0
54.0	150.0	85.0	105.0
54.0	133.0	86.0	122.0
55.0	118.0	87.0	123.0
55.0	96.0	90.0	123.0
55.0	77.0	91.0	120.0
55.0	62.0	94.0	114.0
54.0	48.0	94.0	114.0
56.0	42.0	93.0	102.0
55.0	33.0	96.0	106.0
56.0	34.0	96.0	102.0
60.0	40.0	96.0	101.0
65.0	50.0	93.0	99.0
68.0	64.0	97.0	105.0
72.0	83.0	94.0	104.0
78.0	105.0	91.0	105.0
78.0	119.0	92.0	116.0
78.0	144.0	92.0	112.0
77.0	173.0	88.0	83.0
75.0	188.0	82.0	68.0
72.0	202.0	80.0	54.0
63.0	209.0	77.0	47.0
66.0	209.0	77.0	47.0
72.0	195.0	76.0	61.0
67.0	174.0	81.0	82.0
58.0	142.0	84.0	114.0
51.0	116.0	86.0	126.0
55.0	91.0	85.0	119.0
55.0	66.0	86.0	113.0
52.0	47.0	87.0	111.0
49.0	36.0	95.0	110.0
51.0	35.0	98.0	109.0
49.0	44.0	100.0	106.0
53.0	56.0	103.0	106.0
60.0	70.0	106.0	114.0
67.0	93.0	102.0	109.0
71.0	111.0	106.0	110.0
75.0	126.0	105.0	115.0
75.0	141.0	102.0	115.0
70.0	170.0	90.0	86.0
66.0	155.0	93.0	100.0
55.0	178.0	77.0	77.0
46.0	170.0	76.0	85.0
43.0	145.0	79.0	110.0
39.0	129.0	83.0	121.0
37.0	103.0	87.0	122.0
42.0	75.0	85.0	125.0
45.0	55.0	83.0	118.0
47.0	36.0	87.0	123.0
49.0	26.0	88.0	116.0
51.0	23.0	92.0	115.0
52.0	25.0	97.0	114.0
57.0	38.0	96.0	109.0
61.0	54.0	96.0	112.0
66.0	73.0	95.0	115.0
75.0	103.0	88.0	110.0
80.0	126.0	83.0	110.0
74.0	145.0	85.0	111.0
61.0	129.0	90.0	126.0
57.5043830871582	143.76950073242188	88.67961120605469	124.1514663696289
38.0	186.0	90.0	70.0
37.0	176.0	88.0	80.0
41.0	157.0	77.0	97.0
42.0	138.0	80.0	116.0
38.0	116.0	87.0	129.0
38.0	93.0	91.0	123.0
42.0	67.0	88.0	122.0
44.0	42.0	89.0	123.0
49.0	29.0	87.0	113.0
50.0	17.0	92.0	111.0
51.0	6.0	97.0	104.0
54.0	4.0	100.0	101.0
57.0	5.0	102.0	104.0
64.0	15.0	100.0	105.0
70.0	33.0	103.0	105.0
78.0	53.0	101.0	108.0
82.0	77.0	104.0	115.0
88.0	107.0	100.0	110.0
86.0	115.0	95.0	122.0
84.0	148.0	89.0	107.0
74.0	169.0	87.0	87.0
70.0	185.0	84.0	71.0
61.0	193.0	75.0	63.0
52.0	189.0	77.0	67.0
47.0	176.0	74.0	79.0
41.0	148.0	83.0	107.0
38.0	126.0	85.0	121.0
38.0	93.0	87.0	123.0
41.0	63.0	86.0	124.0
46.0	37.0	84.0	124.0
49.0	24.0	85.0	114.0
47.0	9.0	95.0	107.0
49.0	4.0	98.0	98.0
51.0	1.0	101.0	98.0
55.0	6.0	103.0	99.0
64.0	20.0	103.0	99.0
73.0	45.0	104.0	96.0
76.0	59.0	106.0	106.0
86.0	88.0	102.0	106.0
92.0	113.0	98.0	109.0
92.0	136.0	93.0	107.0
87.0	158.0	83.0	98.0
76.0	172.0	89.0	83.0
72.0	186.0	75.0	70.0
70.0	189.0	69.0	67.0
54.0	178.0	84.0	77.0
52.0	172.0	77.0	83.0
46.0	145.0	85.0	111.0
49.0	115.0	87.0	125.0
56.0	83.0	86.0	124.0
62.0	52.0	85.0	122.0
69.0	29.0	89.0	115.0
72.0	16.0	95.0	107.0
75.0	3.0	95.0	104.0
78.0	0.0	98.0	95.0
81.0	0.0	101.0	90.0
88.0	0.0	102.0	92.0
96.0	4.0	101.0	96.0
103.0	23.0	103.0	88.0
109.0	41.0	104.0	92.0
115.0	61.0	100.0	96.0
118.0	86.0	101.0	106.0
121.0	111.0	98.0	98.0
117.0	133.0	97.0	104.0
110.0	164.0	88.0	92.0
