168.0	144.0	56.0	22.0
169.0	145.0	54.0	22.0
168.0	144.0	56.0	23.0
168.0	144.0	56.0	22.0
168.0	144.0	57.0	23.0
169.0	142.0	56.0	24.0
169.0	142.0	55.0	22.0
168.0	142.0	55.0	22.0
169.0	140.0	54.0	22.0
170.0	136.0	53.0	22.0
168.0	134.0	52.0	24.0
169.0	131.0	50.0	23.0
171.0	127.0	47.0	24.0
170.0	127.0	48.0	24.0
167.5129852294922	120.7011947631836	48.99965286254883	24.499826431274414
160.0078582763672	112.93009948730469	49.04787063598633	24.523935317993164
158.75369262695312	107.4924087524414	48.72178268432617	24.360891342163086
156.06649780273438	104.80094146728516	48.63083267211914	24.31541633605957
158.2134552001953	103.84188079833984	48.9249382019043	24.46246910095215
157.84156799316406	103.7171630859375	49.153385162353516	24.576692581176758
156.29556274414062	106.06831359863281	49.69521713256836	24.84760856628418
158.61764526367188	107.63331604003906	50.02421188354492	25.01210594177246
160.98399353027344	110.343505859375	49.9145393371582	24.9572696685791
162.1660919189453	113.54034423828125	50.08620071411133	25.043100357055664
164.9606475830078	120.1517562866211	50.385955810546875	25.192977905273438
163.0	129.0	54.0	27.0
162.0	134.0	53.0	24.0
163.0	137.0	55.0	26.0
163.0	143.0	54.0	23.0
166.0	146.0	53.0	23.0
164.0	148.0	56.0	26.0
161.0	153.0	57.0	25.0
164.0	159.0	55.0	25.0
164.0	165.0	57.0	25.0
161.0	167.0	58.0	26.0
153.0	168.0	67.0	27.0
155.28526306152344	175.4441680908203	66.55143737792969	26.819238662719727
159.0	181.0	59.0	24.0
159.27651977539062	185.77542114257812	58.25203323364258	23.695743560791016
159.9303436279297	190.21351623535156	58.03430938720703	23.607177734375
158.73097229003906	194.11630249023438	57.0643196105957	23.212604522705078
157.80079650878906	194.11563110351562	56.784332275390625	23.098712921142578
159.5639190673828	192.86180114746094	56.219520568847656	22.868959426879883
159.87142944335938	187.60235595703125	56.399810791015625	22.942296981811523
158.0	184.0	58.0	22.0
158.0	180.0	57.0	22.0
154.0	172.0	63.0	25.0
155.0	167.0	61.0	24.0
162.0	162.0	52.0	23.0
159.0	155.0	56.0	24.0
160.0	151.0	56.0	24.0
161.0	149.0	52.0	22.0
162.0	148.0	51.0	22.0
161.0	147.0	51.0	23.0
154.0	151.0	55.0	23.0
155.0	153.0	52.0	22.0
156.0	155.0	50.0	20.0
158.0	153.0	48.0	20.0
158.0	153.0	46.0	20.0
159.0	150.0	47.0	23.0
163.0	151.0	41.0	21.0
161.0	149.0	41.0	23.0
160.0	148.0	43.0	22.0
156.0	146.0	47.0	23.0
152.0	143.0	52.0	25.0
151.0	142.0	53.0	22.0
150.0	139.0	57.0	23.0
153.0	139.0	53.0	22.0
150.0	139.0	55.0	21.0
156.0	138.0	57.0	22.0
156.0	138.0	57.0	23.0
155.0	138.0	58.0	22.0
155.0	138.0	59.0	22.0
157.0	137.0	58.0	23.0
161.0	139.0	55.0	22.0
154.0	138.0	62.0	24.0
157.0	141.0	59.0	23.0
158.0	144.0	54.0	22.0
160.0	146.0	53.0	22.0
163.0	148.0	51.0	24.0
159.0	154.0	54.0	23.0
161.0	161.0	50.0	21.0
163.0	165.0	49.0	22.0
163.54904174804688	164.50146484375	49.888771057128906	23.272294998168945
165.35623168945312	165.33685302734375	49.82362365722656	23.07915687561035
147.0	178.0	64.0	22.0
144.0	180.0	65.0	20.0
150.0	182.0	58.0	21.0
152.0	183.0	51.0	19.0
148.0	182.0	57.0	20.0
150.96633911132812	179.59584045410156	57.37196731567383	20.130516052246094
151.9766082763672	179.41403198242188	57.69606399536133	20.244234085083008
141.0	177.0	65.0	23.0
148.0	174.0	58.0	24.0
150.0	171.0	58.0	23.0
150.0	166.0	56.0	24.0
151.0	164.0	55.0	22.0
147.0	162.0	57.0	21.0
144.0	159.0	60.0	22.0
142.0	157.0	60.0	22.0
143.0	157.0	58.0	22.0
144.0	159.0	58.0	21.0
144.0	160.0	57.0	19.0
145.0	159.0	57.0	20.0
145.0	157.0	57.0	21.0
144.0	156.0	58.0	22.0
143.0	156.0	59.0	21.0
144.0	156.0	57.0	21.0
143.0	155.0	59.0	23.0
142.0	155.0	60.0	22.0
142.0	155.0	59.0	23.0
143.0	156.0	58.0	22.0
143.0	156.0	58.0	22.0
141.0	155.0	60.0	23.0
141.0	156.0	59.0	23.0
141.0	155.0	60.0	24.0
142.0	156.0	58.0	22.0
140.0	155.0	60.0	23.0
142.0	156.0	57.0	22.0
141.0	155.0	58.0	23.0
142.0	155.0	59.0	22.0
151.0	158.0	50.0	21.0
148.0	157.0	53.0	21.0
154.0	159.0	46.0	20.0
156.0	159.0	44.0	20.0
145.0	161.0	58.0	19.0
145.49632263183594	160.7962646484375	58.29509353637695	19.096668243408203
141.99075317382812	162.3927764892578	59.010108947753906	19.33089828491211
137.0	161.0	64.0	21.0
139.0	161.0	63.0	21.0
153.0	162.0	50.0	20.0
150.03439331054688	161.15611267089844	50.9404182434082	20.376169204711914
150.15957641601562	160.82875061035156	51.10630798339844	20.442523956298828
150.663818359375	164.67445373535156	50.60820388793945	20.243282318115234
150.4815673828125	167.54580688476562	50.746559143066406	20.29862403869629
157.51663208007812	166.5101776123047	51.25603103637695	20.502412796020508
163.92294311523438	162.0389404296875	51.690467834472656	20.676189422607422
163.18106079101562	156.86770629882812	51.61540603637695	20.646162033081055
153.0010223388672	164.95687866210938	51.510963439941406	20.60438346862793
152.08236694335938	163.03485107421875	50.4682731628418	20.187307357788086
157.0065460205078	155.5845489501953	50.2497444152832	20.099895477294922
146.75733947753906	147.28070068359375	50.65421676635742	20.26168441772461
148.1051025390625	141.22091674804688	51.645118713378906	20.658044815063477
145.65557861328125	130.7973175048828	51.621665954589844	20.648664474487305
142.32337951660156	126.43717956542969	51.48126220703125	20.59250259399414
143.17355346679688	113.05987548828125	51.637489318847656	20.654993057250977
139.7646026611328	109.00346374511719	51.94677734375	20.77870750427246
128.4182586669922	106.7406997680664	52.279052734375	20.911617279052734
123.9432144165039	104.27275085449219	51.92516326904297	20.770061492919922
121.35013580322266	101.86670684814453	51.472923278808594	20.58916664123535
123.98185729980469	89.42224884033203	51.55918502807617	20.623672485351562
121.40199279785156	83.59830474853516	51.853271484375	20.741308212280273
125.54112243652344	82.02526092529297	51.21376419067383	20.485504150390625
122.03018951416016	81.9660415649414	51.6397705078125	20.655906677246094
120.62425231933594	82.86951446533203	51.08367156982422	20.433467864990234
120.6611328125	83.03953552246094	51.49262619018555	20.597049713134766
124.07010650634766	92.00068664550781	51.77225875854492	20.708904266357422
125.39701843261719	99.1351318359375	52.10052490234375	20.840211868286133
173.0	161.0	33.0	17.0
174.52944946289062	162.13819885253906	32.01185607910156	16.490955352783203
175.90603637695312	165.51393127441406	31.654251098632812	16.30673599243164
178.70230102539062	168.4156494140625	31.255640029907227	16.101390838623047
179.1622314453125	170.63096618652344	31.350589752197266	16.15030288696289
177.9575958251953	171.57810974121094	31.4058780670166	16.178783416748047
178.22268676757812	168.9895782470703	31.387836456298828	16.16948890686035
178.16278076171875	163.40859985351562	31.03860855102539	15.989583969116211
178.96243286132812	161.82765197753906	31.00153160095215	15.970483779907227
179.03411865234375	159.0592803955078	31.0238094329834	15.981961250305176
178.8367462158203	160.21022033691406	30.511831283569336	15.718215942382812
178.6426544189453	162.888427734375	30.026880264282227	15.468393325805664
178.93679809570312	167.16017150878906	29.75600242614746	15.328849792480469
178.7473907470703	169.3108673095703	29.871700286865234	15.388452529907227
178.17111206054688	170.4369659423828	29.715078353881836	15.307769775390625
178.29437255859375	168.5486297607422	29.771656036376953	15.33691692352295
178.2632293701172	164.2637176513672	30.031768798828125	15.470913887023926
170.0	155.0	44.0	17.0
170.0	148.0	40.0	18.0
169.69154357910156	144.3094940185547	39.26428985595703	17.668930053710938
171.0	142.0	40.0	18.0
169.0	150.0	41.0	16.0
167.0	150.0	40.0	19.0
172.4338836669922	161.11325073242188	40.430381774902344	19.204429626464844
172.43846130371094	169.29335021972656	39.78343963623047	18.897132873535156
172.6886749267578	174.79251098632812	39.41199493408203	18.7206974029541
171.6439971923828	176.34817504882812	40.265499114990234	19.126110076904297
168.84097290039062	173.358154296875	40.17853546142578	19.084802627563477
168.9951171875	169.08216857910156	40.36931610107422	19.1754207611084
151.0	182.0	37.0	22.0
151.93304443359375	181.5815887451172	37.07712173461914	22.045856475830078
153.0	182.0	33.0	21.0
155.0	184.0	31.0	23.0
154.05349731445312	188.96998596191406	31.057445526123047	23.042621612548828
164.78546142578125	182.9142608642578	31.540008544921875	23.400653839111328
164.0	185.0	36.0	20.0
159.0	188.0	40.0	17.0
160.4145965576172	193.44808959960938	40.39875793457031	17.16947364807129
158.10379028320312	197.684326171875	39.96338653564453	16.98444175720215
161.98985290527344	204.50982666015625	39.58509826660156	16.82366943359375
162.70762634277344	207.8187713623047	39.52544403076172	16.798315048217773
157.3848876953125	202.04119873046875	39.199954986572266	16.659982681274414
157.52896118164062	202.6283416748047	39.8941764831543	16.95502471923828
156.3956298828125	202.1818084716797	39.854759216308594	16.93827247619629
154.88088989257812	201.01223754882812	39.6063232421875	16.832687377929688
150.75453186035156	202.81292724609375	38.81098937988281	16.494670867919922
140.75425720214844	202.43112182617188	38.347496032714844	16.297687530517578
106.71429443359375	195.5101776123047	38.516151428222656	16.369367599487305
107.87064361572266	183.1043243408203	38.84553909301758	16.509357452392578
99.91703033447266	195.565673828125	39.401893615722656	16.745807647705078
101.33443450927734	188.741455078125	39.1848030090332	16.65354347229004
108.73026275634766	167.65121459960938	39.2937126159668	16.699831008911133
125.04545593261719	150.24864196777344	39.586334228515625	16.824193954467773
129.26283264160156	150.8794403076172	40.28187942504883	17.119800567626953
128.4100799560547	154.26551818847656	40.30861282348633	17.131162643432617
129.97618103027344	155.61248779296875	40.42133331298828	15.859399795532227
132.15000915527344	156.8557586669922	40.41053009033203	15.17422866821289
123.93194580078125	156.52615356445312	41.313472747802734	15.513285636901855
116.810302734375	159.8971405029297	41.664268493652344	15.645011901855469
109.24150085449219	160.71841430664062	42.04606628417969	15.788375854492188
109.30806732177734	158.25537109375	41.506866455078125	15.585905075073242
110.10478210449219	156.29312133789062	42.601444244384766	15.996919631958008
109.2303237915039	154.9529266357422	43.41487503051758	16.302364349365234
152.0	191.0	37.0	17.0
153.54248046875	189.22744750976562	36.8828010559082	16.946151733398438
152.6735076904297	187.97108459472656	36.66223907470703	16.844812393188477
146.0	186.0	40.0	19.0
149.87217712402344	187.3512725830078	40.51420593261719	19.244247436523438
150.31005859375	189.2464599609375	40.08884811401367	19.042203903198242
150.76657104492188	187.93214416503906	40.43297576904297	19.205665588378906
149.86331176757812	187.69638061523438	40.98640060424805	19.468542098999023
154.0	186.0	35.0	18.0
154.42044067382812	181.01211547851562	35.49787902832031	18.256052017211914
154.4363250732422	178.3122100830078	34.74876022338867	17.870792388916016
150.0	173.0	37.0	18.0
149.3873291015625	164.37283325195312	36.685791015625	17.84714126586914
147.85025024414062	161.49826049804688	36.7633056640625	17.884851455688477
148.651123046875	161.0474853515625	36.95159149169922	17.976449966430664
153.55300903320312	164.33506774902344	36.31636428833008	17.667423248291016
158.98690795898438	168.1607208251953	35.826229095458984	17.42898178100586
158.3934326171875	173.35079956054688	35.84492111206055	17.43807601928711
160.04696655273438	172.95863342285156	35.68566131591797	17.360595703125
162.39991760253906	168.72433471679688	35.366615295410156	17.20538330078125
160.7244873046875	162.29666137695312	35.0546760559082	17.053627014160156
160.5128936767578	156.6159210205078	34.87531280517578	16.96636962890625
161.7604217529297	151.0478515625	34.940269470214844	16.997968673706055
162.0	147.0	36.0	18.0
165.0	146.0	32.0	15.0
165.0	147.0	34.0	16.0
162.0	147.0	36.0	18.0
159.69374084472656	142.6505126953125	35.85398483276367	17.926992416381836
159.6657257080078	140.50083923339844	36.17731475830078	18.08865737915039
160.23458862304688	138.2780303955078	35.92247772216797	17.961238861083984
160.33541870117188	136.60031127929688	35.83821487426758	17.91910743713379
159.42654418945312	136.4980010986328	35.37306213378906	17.68653106689453
162.37042236328125	142.6309814453125	35.49348449707031	17.746742248535156
164.0	143.0	34.0	16.0
164.0	147.0	35.0	17.0
165.0	147.0	35.0	15.0
164.0	145.0	34.0	17.0
166.7285919189453	141.9723663330078	34.26545333862305	17.132726669311523
165.32925415039062	141.6146697998047	34.400718688964844	17.200359344482422
163.2819061279297	142.1696319580078	34.64005661010742	17.32002830505371
161.0	147.0	37.0	18.0
164.0	153.0	36.0	17.0
167.91648864746094	161.54238891601562	36.09931182861328	17.04689598083496
167.87203979492188	169.06260681152344	36.01434326171875	17.006771087646484
169.44711303710938	175.17501831054688	36.5291862487793	17.249893188476562
170.4582061767578	183.37332153320312	36.593448638916016	17.28023910522461
171.4335174560547	188.41395568847656	36.26316452026367	17.124271392822266
168.74368286132812	189.84120178222656	36.196388244628906	17.092737197875977
166.86257934570312	192.15589904785156	36.698760986328125	17.329967498779297
165.33135986328125	193.4792022705078	35.87616729736328	16.94152069091797
166.69107055664062	190.53981018066406	36.21403884887695	17.101070404052734
168.58103942871094	185.49832153320312	36.45882797241211	17.216665267944336
171.99273681640625	176.54489135742188	36.684974670410156	17.323455810546875
153.0	180.0	34.0	22.0
152.55581665039062	174.21060180664062	34.188804626464844	22.122167587280273
165.0	149.0	37.0	20.0
167.0	148.0	36.0	20.0
167.0	150.0	36.0	19.0
169.4193572998047	155.5388641357422	35.743080139160156	18.864402770996094
168.27978515625	159.897216796875	35.54859924316406	18.761760711669922
168.0	159.0	37.0	16.0
169.0	149.0	36.0	16.0
168.0	145.0	41.0	18.0
168.0	142.0	38.0	17.0
168.0398406982422	137.4501495361328	38.164981842041016	17.073806762695312
166.0356903076172	131.98187255859375	38.416080474853516	17.186138153076172
159.16250610351562	138.05108642578125	37.51396560668945	16.782562255859375
152.85238647460938	149.71517944335938	37.181556701660156	16.633853912353516
154.25552368164062	146.9718017578125	37.18126678466797	16.633724212646484
153.08949279785156	143.61215209960938	36.86730194091797	16.49326515197754
153.96328735351562	151.17776489257812	36.309364318847656	16.243661880493164
155.4847869873047	148.16468811035156	36.64011001586914	16.391626358032227
154.39724731445312	148.01358032226562	36.919090270996094	16.516429901123047
140.0417938232422	149.82699584960938	37.03669357299805	16.569042205810547
123.66500091552734	153.42385864257812	36.96332931518555	16.53622055053711
116.64408874511719	153.51535034179688	37.35858154296875	16.713045120239258
116.76734924316406	154.37228393554688	35.79650115966797	13.130536079406738
116.93376159667969	154.1934814453125	36.37657928466797	13.016923904418945
116.55104064941406	154.7876739501953	36.22260284423828	12.961824417114258
117.3377685546875	151.58517456054688	36.781307220458984	13.161748886108398
112.82685852050781	141.55316162109375	36.16654586791992	12.941762924194336
121.60661315917969	135.10433959960938	36.482452392578125	13.054804801940918
120.35365295410156	134.85357666015625	36.64650344848633	13.113508224487305
109.73747253417969	137.9974365234375	36.27897262573242	12.981992721557617
104.57502746582031	130.89035034179688	36.576026916503906	13.088290214538574
96.0	156.0	42.0	24.0
95.10636138916016	153.53611755371094	42.203636169433594	24.116363525390625
92.8947525024414	146.1817169189453	41.796600341796875	23.883769989013672
98.11695861816406	147.73440551757812	40.97050094604492	23.411712646484375
103.1252212524414	151.13525390625	41.06035614013672	23.463056564331055
125.0	183.0	48.0	29.0
121.95378112792969	176.92861938476562	48.00737380981445	29.00445556640625
119.97090911865234	176.45127868652344	47.78435516357422	28.86971664428711
122.05677795410156	176.1215057373047	48.479278564453125	29.289569854736328
121.18269348144531	178.3449249267578	49.322540283203125	29.79903793334961
112.1955337524414	165.8607177734375	50.24766159057617	30.35796546936035
111.87247467041016	160.9639434814453	51.14790725708008	30.901865005493164
114.89286804199219	165.5630645751953	51.5168571472168	31.124774932861328
129.0	191.0	31.0	22.0
128.66403198242188	189.73953247070312	31.249561309814453	22.177108764648438
129.08541870117188	193.08253479003906	30.908166885375977	21.934825897216797
128.58792114257812	195.29812622070312	30.461772918701172	21.618032455444336
128.73373413085938	195.27975463867188	30.279186248779297	21.488454818725586
129.77127075195312	197.48509216308594	30.417922973632812	21.586915969848633
127.28861999511719	205.43997192382812	30.37717628479004	21.558000564575195
117.73236083984375	195.04751586914062	30.780725479125977	21.844392776489258
103.38419342041016	197.67410278320312	30.589038848876953	21.708354949951172
73.0	194.0	27.0	25.0
75.73625183105469	195.759033203125	27.000158309936523	25.000146865844727
75.81263732910156	200.10543823242188	27.21920394897461	25.202964782714844
66.40288543701172	193.6232452392578	26.968719482421875	24.97103500366211
75.68023681640625	192.2685546875	26.94228744506836	24.94655990600586
86.4928207397461	191.5930938720703	26.948562622070312	24.952367782592773
96.52623748779297	191.4796600341797	26.500146865844727	24.537168502807617
117.6846923828125	191.200927734375	26.098621368408203	24.165386199951172
143.0	178.0	39.0	19.0
145.0	186.0	39.0	17.0
146.9332733154297	189.20071411132812	39.06285095214844	17.02739715576172
147.00399780273438	196.31924438476562	39.16840744018555	17.073410034179688
152.7454376220703	206.2416534423828	38.33167266845703	16.70867919921875
153.987548828125	206.2198486328125	37.91058349609375	16.525127410888672
154.68772888183594	206.01760864257812	37.733131408691406	16.447776794433594
154.57054138183594	206.3788299560547	38.5617790222168	16.80898094177246
156.33445739746094	206.72109985351562	37.9798583984375	16.55532455444336
161.22531127929688	205.46408081054688	37.571128845214844	16.37716293334961
156.4332275390625	206.10330200195312	37.42240905761719	16.312335968017578
152.21389770507812	207.3975830078125	37.57600021362305	16.379287719726562
148.6543426513672	206.8604736328125	37.79737091064453	16.475780487060547
121.16508483886719	199.60311889648438	37.844512939453125	16.496328353881836
100.2109375	195.04312133789062	38.133583068847656	16.622333526611328
97.49357604980469	196.24734497070312	38.212120056152344	16.656566619873047
96.12894439697266	194.25863647460938	38.87847137451172	16.9470272064209
99.21418762207031	195.98135375976562	38.6538200378418	16.849102020263672
101.53170013427734	193.28366088867188	39.06786346435547	17.029582977294922
100.4065933227539	192.44149780273438	39.41434097290039	17.18061065673828
98.3362808227539	190.40927124023438	40.133689880371094	17.49417495727539
97.18095397949219	186.29847717285156	40.829505920410156	17.797481536865234
96.31327056884766	187.86367797851562	41.815162658691406	18.227127075195312
99.55599212646484	193.034423828125	42.265777587890625	18.423547744750977
97.36776733398438	199.77120971679688	42.04399871826172	18.326873779296875
98.26445007324219	206.9412841796875	41.97016143798828	18.294689178466797
97.96849060058594	206.0264892578125	41.944114685058594	18.283336639404297
99.8637924194336	201.119384765625	42.315391540527344	18.445175170898438
99.8443603515625	194.19578552246094	42.87973403930664	18.69116973876953
99.25271606445312	191.53199768066406	43.292850494384766	18.871246337890625
98.3060302734375	185.5658416748047	43.39855194091797	18.917322158813477
96.09284973144531	176.5757293701172	43.59560012817383	19.003215789794922
96.43965148925781	187.67587280273438	43.28499221801758	18.867822647094727
91.73682403564453	187.27394104003906	43.58885955810547	19.00027847290039
142.0	188.0	38.0	18.0
139.0	182.0	42.0	18.0
136.0	179.0	45.0	21.0
136.0	181.0	46.0	20.0
143.0	184.0	38.0	16.0
145.16273498535156	189.33644104003906	38.0715217590332	16.030115127563477
146.89700317382812	189.14364624023438	38.365150451660156	16.153745651245117
146.702392578125	187.7203826904297	38.72095489501953	16.303560256958008
142.0	183.0	41.0	18.0
144.0	182.0	38.0	20.0
145.65951538085938	187.82493591308594	37.42088317871094	19.695201873779297
153.2148895263672	204.76040649414062	37.90127944946289	19.948041915893555
159.81472778320312	204.27178955078125	38.29362106323242	20.154537200927734
156.3794708251953	205.56808471679688	38.36767578125	20.193513870239258
157.98072814941406	205.47573852539062	38.012001037597656	20.006317138671875
159.93972778320312	204.90243530273438	38.27725601196289	20.145923614501953
157.1173553466797	205.2197723388672	38.384002685546875	20.202104568481445
163.43104553222656	203.3914794921875	38.01420211791992	20.00747299194336
163.1983184814453	203.250244140625	37.573089599609375	19.77530860900879
173.70523071289062	214.36990356445312	38.44967269897461	20.236669540405273
211.6199951171875	221.1863555908203	38.62873840332031	20.330915451049805
230.3530731201172	222.1262969970703	38.27437210083008	20.144407272338867
235.26425170898438	213.55691528320312	38.13103485107422	20.068965911865234
239.93563842773438	208.7241668701172	37.60028839111328	19.78962516784668
241.38687133789062	180.9517364501953	37.88023376464844	19.93696403503418
264.8573303222656	146.6529998779297	37.3605842590332	19.663463592529297
258.6454162597656	150.79666137695312	37.41120147705078	19.690105438232422
274.72064208984375	146.63922119140625	37.29789352416992	19.630468368530273
260.0511779785156	158.82290649414062	36.986045837402344	19.466339111328125
274.08489990234375	150.10208129882812	37.198394775390625	19.578100204467773
266.81610107421875	154.44398498535156	36.88670349121094	19.414051055908203
258.6387634277344	147.47915649414062	37.16998291015625	19.563146591186523
252.01547241210938	154.07693481445312	38.1797981262207	20.094629287719727
266.7962341308594	152.89837646484375	38.2874641418457	20.151294708251953
252.70401000976562	154.35055541992188	38.67833709716797	20.357017517089844
244.8708953857422	152.7209014892578	38.776100158691406	20.40847396850586
244.7107696533203	153.8347625732422	38.186214447021484	20.09800910949707
252.49295043945312	158.88461303710938	38.23934555053711	20.125972747802734
252.88925170898438	158.8850555419922	38.346923828125	20.182592391967773
259.0318908691406	152.85598754882812	37.85219192504883	19.922204971313477
246.2234344482422	156.42166137695312	37.67490768432617	19.82889747619629
251.3175811767578	153.0745086669922	38.29627227783203	20.155933380126953
259.2593078613281	147.98130798339844	38.20487976074219	20.107831954956055
257.96502685546875	154.7703399658203	37.90383529663086	19.949386596679688
252.81063842773438	154.1667022705078	38.07785415649414	20.04097557067871
253.5261993408203	156.0392303466797	38.01481246948242	20.007795333862305
252.3427734375	154.66989135742188	38.14775466918945	20.07776641845703
259.4356994628906	150.04164123535156	38.33135223388672	20.174396514892578
149.0	171.0	33.0	16.0
145.0	182.0	37.0	17.0
149.8690643310547	190.92481994628906	36.512107849121094	16.775835037231445
150.2423095703125	199.9323272705078	36.42687225341797	16.736675262451172
153.44998168945312	203.48402404785156	36.399871826171875	16.72426986694336
159.04452514648438	203.5006561279297	36.62617492675781	16.8282470703125
160.2411651611328	202.99072265625	35.92638397216797	16.5067195892334
74.0	182.0	31.0	34.0
77.13502502441406	184.1171417236328	31.358287811279297	34.39296340942383
79.02430725097656	187.903076171875	31.219308853149414	34.240535736083984
58.69025421142578	184.01950073242188	30.776905059814453	33.75531768798828
51.79713821411133	183.65707397460938	30.67325782775879	33.641639709472656
53.65675735473633	182.6315155029297	30.297840118408203	33.229888916015625
54.498016357421875	183.5903778076172	29.80682945251465	32.69136428833008
54.169044494628906	179.1011505126953	30.01810073852539	32.92307662963867
54.39107131958008	179.2587127685547	30.36910629272461	33.30805206298828
55.37519454956055	177.10350036621094	30.312469482421875	33.245933532714844
56.626068115234375	178.22720336914062	30.62738609313965	33.59132766723633
57.510467529296875	178.2974395751953	30.202646255493164	33.12548065185547
59.589622497558594	179.29049682617188	30.018352508544922	32.92335510253906
57.2780876159668	179.5100860595703	29.790424346923828	32.67336654663086
56.726715087890625	178.03207397460938	30.048046112060547	32.9559211730957
64.15753936767578	184.18687438964844	29.735271453857422	32.612876892089844
82.00096893310547	190.49154663085938	29.65728187561035	32.52733612060547
80.45903015136719	191.7340545654297	30.028823852539062	32.93483352661133
78.75152587890625	189.97915649414062	30.011821746826172	32.91618728637695
76.83731842041016	183.98468017578125	30.248424530029297	33.175689697265625
75.99888610839844	175.5497589111328	29.823467254638672	32.7096061706543
78.23771667480469	157.422607421875	29.280263900756836	32.11383819580078
95.71907806396484	152.13902282714844	29.16192054748535	31.984039306640625
94.0	199.0	23.0	14.0
89.40045166015625	192.8553466796875	33.092613220214844	20.81211280822754
94.85526275634766	183.74929809570312	32.525634765625	20.455535888671875
88.320556640625	195.73883056640625	32.46878433227539	20.419780731201172
94.46504211425781	190.22830200195312	31.939477920532227	20.086898803710938
113.0989990234375	192.39967346191406	31.61726951599121	19.884260177612305
113.70425415039062	187.24713134765625	31.221027374267578	22.36925506591797
116.09210205078125	187.35267639160156	28.30608558654785	22.421552658081055
134.0	147.0	38.0	20.0
131.0	150.0	42.0	20.0
116.0	150.0	54.0	25.0
112.93465423583984	152.37246704101562	55.64487838745117	25.761516571044922
122.0	153.0	50.0	24.0
116.0	154.0	56.0	24.0
112.45634460449219	153.12216186523438	57.508338928222656	24.64642906188965
117.0	150.0	55.0	23.0
113.0	146.0	58.0	24.0
117.8317642211914	139.6029510498047	57.986671447753906	23.99448585510254
119.0	137.0	53.0	21.0
119.4594497680664	129.6213836669922	53.429229736328125	21.170072555541992
114.99462890625	129.620361328125	55.051475524902344	21.812847137451172
111.56317138671875	122.19853210449219	56.34101486206055	22.323795318603516
111.89115142822266	117.86146545410156	56.30986404418945	22.311452865600586
116.22381591796875	117.9992446899414	55.969947814941406	22.176769256591797
116.48222351074219	115.69378662109375	55.22966766357422	21.883451461791992
113.6301040649414	110.66313171386719	54.48187255859375	21.587158203125
108.25174713134766	114.66011047363281	54.61017990112305	21.637996673583984
112.0868911743164	111.03857421875	54.55821990966797	21.617406845092773
107.86131286621094	113.3302230834961	54.350982666015625	21.53529167175293
104.2441635131836	123.7633056640625	54.30207061767578	21.515911102294922
110.87947082519531	119.4707260131836	53.981666564941406	21.388957977294922
109.5651626586914	122.9736328125	53.54827117919922	21.217235565185547
112.2695083618164	114.37508392333984	52.54829025268555	20.82101821899414
110.51590728759766	126.09965515136719	51.80760955810547	20.527542114257812
111.54713439941406	138.76934814453125	50.68687057495117	20.083477020263672
116.90865325927734	126.10162353515625	50.47239303588867	19.99849510192871
112.19538879394531	127.5321273803711	50.80659866333008	20.130916595458984
109.68607330322266	138.25436401367188	51.48456573486328	20.39954376220703
110.9809341430664	129.58212280273438	52.11140823364258	20.64791488647461
113.41404724121094	129.85604858398438	51.829444885253906	20.53619384765625
112.8706283569336	134.2083740234375	52.32728958129883	20.73345375061035
115.19422912597656	135.8258819580078	51.1483268737793	20.26631736755371
115.5498275756836	136.9888458251953	51.566650390625	20.43206787109375
114.71248626708984	135.863037109375	50.73554229736328	20.102758407592773
115.40165710449219	136.14895629882812	51.31487274169922	20.332304000854492
112.84986877441406	135.78045654296875	51.53816604614258	20.4207763671875
73.0	188.0	39.0	25.0
71.30065155029297	180.25367736816406	38.55200958251953	24.71282958984375
86.283935546875	186.41744995117188	39.10770797729492	25.069049835205078
128.0	187.0	30.0	18.0
130.7455291748047	180.26934814453125	33.5198860168457	25.55849266052246
133.21900939941406	182.52545166015625	31.012386322021484	24.55385398864746
