170.0	88.0	29.0	50.0
170.0	89.0	28.0	49.0
170.0	90.0	29.0	48.0
170.0	88.0	29.0	53.0
170.0	88.0	29.0	52.0
171.0	88.0	28.0	52.0
172.0	88.0	27.0	51.0
173.0	88.0	26.0	51.0
174.0	90.0	25.0	49.0
174.0	86.0	26.0	56.0
174.0	87.0	25.0	52.0
174.0	88.0	26.0	52.0
175.0	88.0	25.0	51.0
172.0	89.0	27.0	51.0
174.0	89.0	25.0	49.0
174.0	88.0	25.0	51.0
174.0	87.0	25.0	51.0
173.0	87.0	26.0	51.0
173.0	87.0	25.0	51.0
172.0	87.0	26.0	52.0
172.0	86.0	26.0	51.0
172.0	86.0	26.0	52.0
172.0	86.0	27.0	52.0
172.0	87.0	26.0	52.0
171.0	86.0	26.0	52.0
171.0	86.0	26.0	52.0
171.0	87.0	27.0	50.0
172.0	86.0	26.0	50.0
172.0	87.0	27.0	51.0
172.0	86.0	27.0	51.0
172.0	88.0	27.0	51.0
172.0	88.0	26.0	51.0
172.0	87.0	27.0	51.0
172.0	87.0	26.0	50.0
171.0	86.0	26.0	51.0
172.0	86.0	26.0	51.0
171.0	86.0	27.0	51.0
171.0	86.0	27.0	50.0
169.0	86.0	30.0	50.0
169.0	85.0	29.0	52.0
170.0	86.0	27.0	50.0
171.0	86.0	28.0	49.0
168.0	86.0	30.0	51.0
168.0	86.0	31.0	50.0
166.0	85.0	31.0	52.0
167.0	85.0	30.0	52.0
164.0	86.0	31.0	51.0
164.0	85.0	31.0	55.0
164.0	86.0	31.0	50.0
164.0	86.0	31.0	50.0
164.0	86.0	31.0	48.0
162.0	86.0	32.0	50.0
161.0	85.0	31.0	50.0
163.0	84.0	29.0	48.0
159.0	84.0	29.0	50.0
161.0	84.0	27.0	50.0
161.0	83.0	26.0	49.0
160.0	83.0	26.0	48.0
156.0	83.0	29.0	48.0
155.0	83.0	28.0	48.0
161.0	82.0	23.0	46.0
155.0	81.0	27.0	50.0
152.0	81.0	29.0	48.0
152.0	81.0	28.0	46.0
149.0	80.0	30.0	49.0
147.0	80.0	30.0	49.0
147.0	79.0	28.0	49.0
147.0	78.0	28.0	49.0
146.0	78.0	28.0	50.0
147.0	78.0	27.0	47.0
146.0	77.0	27.0	49.0
146.0	76.0	26.0	49.0
144.0	76.0	27.0	49.0
144.0	75.0	26.0	49.0
140.0	75.0	30.0	50.0
143.0	74.0	27.0	49.0
141.0	72.0	29.0	50.0
139.0	71.0	31.0	52.0
142.0	70.0	28.0	49.0
141.0	70.0	29.0	50.0
142.0	71.0	28.0	49.0
139.0	71.0	30.0	50.0
140.0	71.0	29.0	49.0
140.0	71.0	29.0	52.0
140.0	72.0	29.0	51.0
141.0	72.0	28.0	50.0
140.0	73.0	29.0	51.0
139.0	74.0	30.0	50.0
142.0	74.0	27.0	49.0
141.0	74.0	27.0	49.0
139.0	74.0	29.0	50.0
141.0	75.0	27.0	51.0
140.0	75.0	28.0	51.0
139.0	75.0	29.0	51.0
141.0	75.0	27.0	51.0
141.0	75.0	28.0	49.0
140.0	75.0	28.0	51.0
139.0	75.0	29.0	52.0
140.0	76.0	29.0	50.0
141.0	76.0	28.0	49.0
142.0	76.0	27.0	50.0
141.0	76.0	28.0	50.0
141.0	77.0	27.0	49.0
142.0	78.0	26.0	48.0
140.0	79.0	29.0	50.0
144.0	79.0	25.0	48.0
141.0	79.0	27.0	48.0
139.0	79.0	29.0	50.0
142.0	79.0	26.0	47.0
141.0	79.0	28.0	47.0
140.0	79.0	28.0	49.0
140.0	79.0	29.0	48.0
142.0	79.0	26.0	47.0
141.0	79.0	27.0	47.0
139.0	80.0	29.0	49.0
142.0	80.0	27.0	49.0
141.0	81.0	27.0	48.0
141.0	81.0	27.0	49.0
141.0	82.0	27.0	49.0
143.0	82.0	26.0	49.0
142.0	82.0	27.0	49.0
141.0	82.0	27.0	49.0
141.0	82.0	27.0	50.0
142.0	82.0	26.0	50.0
142.0	82.0	26.0	50.0
142.0	82.0	27.0	49.0
142.0	82.0	27.0	50.0
140.0	82.0	28.0	51.0
142.0	82.0	27.0	49.0
142.0	82.0	26.0	51.0
142.0	81.0	26.0	51.0
142.0	82.0	27.0	49.0
141.0	82.0	28.0	50.0
139.0	81.0	29.0	52.0
140.0	82.0	28.0	50.0
140.0	81.0	28.0	49.0
141.0	82.0	27.0	48.0
141.0	82.0	27.0	48.0
143.0	82.0	25.0	47.0
142.0	82.0	26.0	48.0
144.0	81.0	25.0	47.0
140.0	81.0	28.0	49.0
140.0	81.0	28.0	49.0
143.0	81.0	24.0	49.0
142.0	81.0	26.0	50.0
141.0	80.0	27.0	49.0
141.0	80.0	27.0	49.0
139.0	80.0	29.0	49.0
141.0	80.0	27.0	50.0
139.0	79.0	29.0	50.0
141.0	79.0	28.0	50.0
139.0	79.0	29.0	51.0
139.0	79.0	30.0	50.0
140.0	79.0	29.0	50.0
139.0	79.0	30.0	50.0
139.0	79.0	29.0	50.0
139.0	79.0	29.0	49.0
139.0	79.0	29.0	49.0
140.0	80.0	29.0	48.0
139.0	80.0	30.0	47.0
142.0	80.0	26.0	45.0
140.0	80.0	29.0	47.0
140.0	80.0	29.0	48.0
139.0	79.0	30.0	49.0
139.0	79.0	29.0	49.0
140.0	79.0	28.0	50.0
139.0	79.0	29.0	48.0
139.0	80.0	28.0	47.0
139.0	80.0	28.0	49.0
139.0	80.0	29.0	48.0
139.0	79.0	27.0	49.0
139.0	80.0	28.0	48.0
139.0	80.0	28.0	49.0
139.0	80.0	28.0	49.0
139.0	79.0	29.0	49.0
139.0	79.0	28.0	49.0
139.0	79.0	28.0	50.0
139.0	79.0	28.0	51.0
138.0	79.0	28.0	49.0
139.0	79.0	28.0	49.0
137.0	79.0	29.0	49.0
138.0	79.0	28.0	49.0
138.0	79.0	28.0	48.0
138.0	79.0	29.0	49.0
138.0	79.0	29.0	50.0
138.0	79.0	28.0	49.0
139.0	78.0	27.0	50.0
138.0	78.0	29.0	52.0
136.0	79.0	30.0	49.0
138.0	78.0	28.0	50.0
137.0	78.0	29.0	50.0
138.0	78.0	28.0	51.0
138.0	78.0	28.0	49.0
137.0	78.0	29.0	48.0
137.0	77.0	29.0	49.0
139.0	77.0	27.0	49.0
138.0	78.0	28.0	48.0
137.0	78.0	29.0	49.0
138.0	78.0	28.0	49.0
136.0	78.0	30.0	49.0
138.0	78.0	28.0	49.0
137.0	79.0	30.0	50.0
138.0	78.0	28.0	49.0
138.0	79.0	29.0	49.0
137.0	79.0	29.0	48.0
138.0	79.0	30.0	50.0
137.0	79.0	29.0	49.0
138.0	79.0	29.0	49.0
137.0	79.0	29.0	48.0
137.0	79.0	29.0	49.0
137.0	79.0	29.0	49.0
138.0	79.0	29.0	49.0
137.0	79.0	29.0	48.0
137.0	79.0	29.0	48.0
138.0	79.0	28.0	49.0
138.0	79.0	28.0	49.0
138.0	79.0	28.0	49.0
137.0	79.0	29.0	49.0
137.0	79.0	29.0	49.0
137.0	78.0	29.0	50.0
138.0	78.0	28.0	49.0
137.0	77.0	29.0	49.0
138.0	76.0	28.0	50.0
138.0	77.0	28.0	48.0
137.0	76.0	29.0	49.0
138.0	76.0	28.0	49.0
139.0	76.0	27.0	48.0
136.0	75.0	29.0	49.0
139.0	74.0	28.0	50.0
136.0	73.0	30.0	50.0
137.0	74.0	29.0	50.0
139.0	74.0	28.0	49.0
138.0	73.0	29.0	50.0
138.0	74.0	29.0	51.0
138.0	74.0	28.0	50.0
137.0	74.0	28.0	50.0
136.0	74.0	30.0	51.0
136.0	75.0	30.0	49.0
137.0	75.0	29.0	50.0
136.0	75.0	30.0	50.0
135.0	75.0	30.0	50.0
134.0	75.0	29.0	48.0
135.0	75.0	28.0	49.0
134.0	75.0	29.0	49.0
133.0	76.0	30.0	48.0
133.0	75.0	30.0	51.0
136.0	75.0	28.0	50.0
136.0	75.0	27.0	49.0
136.0	75.0	27.0	48.0
136.0	75.0	28.0	50.0
136.0	75.0	28.0	49.0
135.0	74.0	28.0	49.0
137.0	73.0	27.0	48.0
136.0	71.0	29.0	50.0
135.0	71.0	30.0	50.0
137.0	69.0	30.0	52.0
136.0	68.0	30.0	50.0
137.0	68.0	29.0	51.0
138.0	68.0	28.0	51.0
136.0	68.0	29.0	48.0
134.0	67.0	29.0	49.0
133.0	67.0	29.0	50.0
132.0	69.0	27.0	46.0
126.0	68.0	31.0	49.0
123.0	68.0	29.0	48.0
118.0	69.0	29.0	48.0
114.0	70.0	29.0	48.0
113.0	69.0	28.0	50.0
111.0	69.0	28.0	50.0
109.0	68.0	30.0	51.0
111.0	67.0	29.0	50.0
111.0	64.0	31.0	53.0
116.0	63.0	26.0	49.0
117.0	57.0	26.0	52.0
119.0	55.0	27.0	50.0
120.0	53.0	28.0	48.0
121.0	52.0	30.0	47.0
126.0	50.0	27.0	47.0
130.0	52.0	27.0	46.0
132.0	53.0	27.0	49.0
133.0	55.0	27.0	50.0
130.0	56.0	28.0	50.0
129.0	59.0	26.0	49.0
123.0	62.0	29.0	51.0
120.0	64.0	28.0	49.0
119.0	65.0	28.0	49.0
118.0	66.0	27.0	50.0
116.0	67.0	30.0	51.0
123.0	70.0	24.0	47.0
123.0	70.0	25.0	50.0
123.0	71.0	29.0	49.0
125.0	69.0	30.0	52.0
131.0	69.0	26.0	49.0
132.0	67.0	29.0	49.0
135.0	65.0	29.0	51.0
139.0	64.0	29.0	49.0
144.0	61.0	25.0	50.0
144.0	57.0	26.0	51.0
147.0	56.0	25.0	49.0
147.0	52.0	27.0	50.0
149.0	47.0	26.0	50.0
149.0	44.0	29.0	49.0
153.0	42.0	28.0	48.0
155.0	43.0	28.0	49.0
160.0	44.0	24.0	47.0
156.0	47.0	27.0	49.0
158.0	51.0	25.0	49.0
160.0	54.0	23.0	47.0
158.0	57.0	25.0	49.0
158.0	60.0	25.0	49.0
159.0	64.0	26.0	51.0
160.0	67.0	25.0	48.0
163.0	71.0	24.0	48.0
162.0	75.0	27.0	49.0
164.0	76.0	28.0	49.0
168.0	76.0	26.0	49.0
169.0	76.0	28.0	48.0
174.0	75.0	27.0	46.0
184.0	74.0	23.0	46.0
185.0	76.0	26.0	48.0
191.0	74.0	25.0	46.0
193.0	74.0	27.0	48.0
197.0	72.0	25.0	47.0
200.0	70.0	25.0	51.0
199.0	69.0	28.0	49.0
202.0	64.0	28.0	51.0
204.0	64.0	29.0	48.0
208.0	65.0	28.0	50.0
210.0	66.0	27.0	48.0
211.0	68.0	26.0	51.0
211.0	71.0	26.0	50.0
210.0	76.0	26.0	51.0
209.0	82.0	26.0	49.0
209.0	85.0	25.0	49.0
200.0	89.0	29.0	49.0
198.0	91.0	25.0	46.0
196.0	91.0	24.0	45.0
187.0	91.0	31.0	49.0
184.0	90.0	30.0	48.0
187.0	88.0	26.0	50.0
189.0	83.0	26.0	51.0
190.0	82.0	26.0	48.0
188.0	77.0	30.0	51.0
190.0	76.0	30.0	49.0
193.0	76.0	29.0	49.0
197.0	77.0	27.0	48.0
201.0	78.0	27.0	48.0
201.0	80.0	29.0	49.0
199.0	83.0	28.0	50.0
194.0	84.0	29.0	49.0
190.0	84.0	27.0	47.0
180.0	83.0	28.0	46.0
175.0	83.0	27.0	47.0
171.0	81.0	27.0	50.0
172.0	78.0	28.0	50.0
174.0	76.0	29.0	52.0
183.0	72.0	24.0	46.0
183.0	67.0	28.0	50.0
186.0	64.0	29.0	48.0
191.0	62.0	31.0	50.0
201.0	62.0	26.0	46.0
206.0	62.0	26.0	46.0
210.0	62.0	26.0	47.0
212.0	62.0	27.0	49.0
212.0	63.0	28.0	49.0
210.0	64.0	29.0	50.0
210.0	66.0	27.0	48.0
209.0	67.0	25.0	47.0
199.0	68.0	29.0	47.0
194.0	69.0	28.0	49.0
189.0	71.0	27.0	48.0
182.0	73.0	28.0	50.0
179.0	78.0	28.0	49.0
177.0	82.0	27.0	52.0
172.0	89.0	28.0	51.0
170.0	93.0	28.0	51.0
170.0	96.0	27.0	49.0
168.0	97.0	28.0	49.0
169.0	97.0	28.0	49.0
171.0	96.0	27.0	48.0
174.0	95.0	27.0	48.0
174.0	95.0	29.0	49.0
176.0	94.0	30.0	49.0
181.0	94.0	30.0	49.0
185.0	95.0	27.0	49.0
184.0	96.0	27.0	49.0
178.0	98.0	30.0	50.0
173.0	100.0	31.0	50.0
170.0	103.0	28.0	48.0
165.0	105.0	27.0	49.0
159.0	108.0	30.0	50.0
161.0	111.0	27.0	49.0
160.0	115.0	28.0	49.0
158.0	118.0	28.0	49.0
158.0	120.0	29.0	48.0
160.0	120.0	27.0	48.0
160.0	119.0	28.0	49.0
159.0	117.0	29.0	49.0
159.0	116.0	29.0	49.0
161.0	114.0	27.0	49.0
159.0	112.0	28.0	50.0
161.0	111.0	27.0	49.0
162.0	107.0	25.0	50.0
160.0	106.0	28.0	49.0
159.0	104.0	29.0	48.0
159.0	103.0	28.0	50.0
159.0	104.0	28.0	48.0
160.0	105.0	27.0	49.0
159.0	105.0	28.0	49.0
160.0	107.0	27.0	49.0
160.0	108.0	27.0	48.0
161.0	108.0	25.0	49.0
161.0	109.0	25.0	48.0
158.0	110.0	26.0	50.0
149.0	111.0	31.0	51.0
146.0	113.0	29.0	47.0
142.0	111.0	29.0	50.0
137.0	111.0	30.0	50.0
138.0	111.0	26.0	49.0
136.0	110.0	29.0	50.0
137.0	111.0	28.0	50.0
136.0	112.0	29.0	49.0
140.0	112.0	26.0	48.0
138.0	112.0	27.0	49.0
136.0	113.0	30.0	51.0
137.0	114.0	29.0	52.0
134.0	114.0	31.0	50.0
134.0	113.0	30.0	49.0
135.0	110.0	29.0	53.0
138.0	107.0	28.0	49.0
137.0	103.0	29.0	50.0
138.0	98.0	27.0	51.0
138.0	94.0	27.0	52.0
139.0	92.0	27.0	49.0
137.0	91.0	28.0	49.0
137.0	92.0	28.0	50.0
138.0	94.0	27.0	49.0
137.0	95.0	28.0	48.0
136.0	94.0	28.0	49.0
136.0	95.0	28.0	49.0
134.0	92.0	28.0	50.0
134.0	91.0	28.0	49.0
134.0	87.0	29.0	50.0
137.0	84.0	26.0	49.0
137.0	84.0	26.0	47.0
135.0	84.0	28.0	49.0
135.0	87.0	27.0	49.0
135.0	87.0	27.0	48.0
135.0	85.0	27.0	49.0
135.0	85.0	27.0	49.0
137.0	83.0	25.0	48.0
134.0	81.0	27.0	50.0
133.0	78.0	29.0	49.0
135.0	77.0	27.0	50.0
135.0	78.0	27.0	48.0
136.0	79.0	27.0	48.0
136.0	79.0	27.0	47.0
135.0	78.0	26.0	48.0
133.0	76.0	28.0	49.0
134.0	71.0	28.0	51.0
133.0	69.0	28.0	50.0
134.0	67.0	28.0	50.0
134.0	66.0	28.0	48.0
134.0	66.0	28.0	48.0
134.0	66.0	28.0	50.0
134.0	66.0	27.0	47.0
135.0	64.0	26.0	48.0
134.0	62.0	26.0	50.0
134.0	61.0	27.0	48.0
133.0	59.0	27.0	47.0
133.0	58.0	26.0	50.0
134.0	59.0	27.0	48.0
133.0	61.0	28.0	47.0
133.0	62.0	27.0	48.0
132.0	63.0	27.0	47.0
132.0	65.0	27.0	46.0
132.0	64.0	26.0	47.0
131.0	65.0	27.0	46.0
127.0	64.0	31.0	49.0
126.77017974853516	64.17903137207031	31.243133544921875	49.38430404663086
126.58746337890625	63.96514892578125	31.24359703063965	49.38503646850586
129.0	68.0	28.0	46.0
128.0	68.0	28.0	46.0
126.6325454711914	66.86677551269531	28.06438636779785	46.10578155517578
127.0	69.0	28.0	45.0
123.0	66.0	31.0	50.0
122.0501708984375	64.88308715820312	30.822402954101562	49.71355438232422
124.0	66.0	30.0	51.0
124.05189514160156	63.81092071533203	29.421579360961914	50.016685485839844
124.086181640625	65.0358657836914	29.19339370727539	49.62876892089844
125.0	67.0	28.0	48.0
123.0	61.0	30.0	52.0
123.04986572265625	62.19189453125	30.234073638916016	52.405731201171875
124.0	63.0	29.0	49.0
125.0	63.0	28.0	48.0
125.0	64.0	27.0	47.0
127.0	64.0	26.0	47.0
124.0	63.0	29.0	48.0
124.4681396484375	58.81772994995117	29.305511474609375	48.50566864013672
124.28775787353516	58.68230438232422	29.393463134765625	48.651241302490234
125.10260009765625	57.7573356628418	29.637187957763672	49.054649353027344
124.48243713378906	57.093910217285156	29.831796646118164	49.37675857543945
124.30186462402344	58.9508056640625	29.5001220703125	48.827781677246094
126.0	59.0	27.0	49.0
124.20572662353516	55.661659240722656	27.307743072509766	49.558494567871094
124.0	56.0	30.0	48.0
124.7922134399414	55.18482208251953	29.481975555419922	47.17116165161133
123.5723876953125	53.781646728515625	29.550851821899414	47.28136444091797
125.0	54.0	28.0	47.0
125.0	52.0	26.0	47.0
127.0	52.0	25.0	48.0
124.0	51.0	29.0	48.0
125.0	49.0	28.0	48.0
124.96761322021484	49.157493591308594	28.411396026611328	48.70524215698242
124.0	48.0	29.0	50.0
123.0	48.0	30.0	49.0
123.21089172363281	46.05937957763672	30.430944442749023	49.70387649536133
125.0	47.0	30.0	51.0
126.0	49.0	28.0	49.0
127.0	48.0	27.0	52.0
125.0	49.0	29.0	53.0
123.0	50.0	31.0	52.0
127.0	51.0	28.0	49.0
129.0	52.0	27.0	49.0
131.0	51.0	26.0	48.0
126.0	52.0	30.0	52.0
129.0	51.0	27.0	47.0
130.0	52.0	27.0	49.0
128.0	54.0	28.0	50.0
131.0	54.0	27.0	48.0
130.0	54.0	29.0	49.0
131.0	55.0	28.0	48.0
131.0	55.0	29.0	49.0
131.0	55.0	30.0	50.0
135.0	54.0	26.0	50.0
134.0	56.0	28.0	49.0
136.0	55.0	27.0	49.0
138.0	56.0	27.0	48.0
138.0	56.0	27.0	49.0
138.0	56.0	29.0	49.0
139.0	57.0	28.0	50.0
142.0	57.0	26.0	47.0
141.0	56.0	27.0	49.0
141.0	55.0	28.0	49.0
141.0	55.0	28.0	50.0
141.0	55.0	29.0	49.0
140.0	55.0	30.0	50.0
141.0	55.0	29.0	50.0
142.0	55.0	28.0	49.0
140.0	55.0	29.0	50.0
141.0	55.0	29.0	50.0
142.0	55.0	28.0	49.0
143.0	55.0	27.0	48.0
140.0	55.0	29.0	51.0
143.0	55.0	27.0	50.0
141.0	55.0	29.0	49.0
140.0	55.0	29.0	50.0
141.0	55.0	28.0	48.0
141.0	55.0	28.0	47.0
141.0	54.0	29.0	50.0
140.0	55.0	28.0	49.0
141.0	55.0	28.0	50.0
139.0	55.0	29.0	50.0
141.0	54.0	28.0	51.0
140.0	55.0	29.0	49.0
140.0	55.0	28.0	49.0
140.0	55.0	28.0	50.0
140.0	55.0	28.0	48.0
141.0	54.0	27.0	50.0
140.0	54.0	28.0	50.0
141.0	55.0	27.0	50.0
141.0	55.0	27.0	48.0
143.0	54.0	25.0	49.0
141.0	55.0	27.0	48.0
142.0	55.0	26.0	47.0
140.0	55.0	27.0	50.0
138.0	54.0	28.0	50.0
141.0	55.0	27.0	50.0
141.0	55.0	27.0	50.0
140.0	55.0	28.0	50.0
141.0	55.0	26.0	51.0
140.0	55.0	27.0	50.0
140.0	53.0	27.0	51.0
140.0	52.0	27.0	50.0
143.0	51.0	25.0	49.0
141.0	50.0	26.0	50.0
142.0	49.0	25.0	50.0
141.0	47.0	26.0	48.0
144.0	46.0	23.0	49.0
141.0	44.0	27.0	49.0
142.0	41.0	25.0	50.0
141.0	38.0	26.0	50.0
141.0	35.0	26.0	51.0
140.0	34.0	26.0	52.0
141.0	33.0	25.0	51.0
142.0	32.0	24.0	51.0
141.0	33.0	25.0	47.0
142.0	33.0	23.0	51.0
141.0	32.0	24.0	49.0
140.0	29.0	26.0	52.0
145.0	30.0	20.0	50.0
143.0	30.0	22.0	51.0
141.0	28.0	24.0	51.0
144.0	30.0	22.0	48.0
142.0	29.0	24.0	47.0
142.0	32.0	23.0	45.0
141.0	30.0	24.0	47.0
143.0	30.0	22.0	47.0
141.0	25.0	24.0	46.0
142.0	27.0	23.0	44.0
143.0	24.0	22.0	46.0
141.0	25.0	23.0	44.0
142.0	29.0	21.0	41.0
140.0	25.0	23.0	44.0
140.0	25.0	23.0	44.0
140.0	26.0	23.0	41.0
141.0	26.0	22.0	42.0
141.0	27.0	21.0	41.0
140.0	27.0	22.0	40.0
138.0	26.0	23.0	42.0
139.0	28.0	22.0	39.0
139.0	29.0	23.0	39.0
139.0	28.0	22.0	39.0
140.0	30.0	21.0	37.0
142.0	28.0	21.0	39.0
147.0	24.0	17.0	44.0
144.0	25.0	23.0	52.0
143.0	23.0	22.0	48.0
142.0	23.0	23.0	45.0
144.0	22.0	23.0	45.0
145.0	23.0	23.0	46.0
148.0	23.0	21.0	47.0
147.0	23.0	25.0	53.0
148.13711547851562	22.983972549438477	24.80992317199707	52.5970344543457
149.0013427734375	22.17679214477539	24.724632263183594	52.41621780395508
150.0	25.0	23.0	48.0
149.0	25.0	25.0	54.0
153.0	26.0	23.0	47.0
153.0	26.0	24.0	51.0
155.0	26.0	23.0	46.0
157.7017059326172	26.2442626953125	22.932748794555664	45.86549758911133
159.0	28.0	22.0	46.0
162.0	29.0	19.0	37.0
163.5012664794922	24.501842498779297	19.407833099365234	37.79419708251953
161.0	29.0	25.0	52.0
162.54286193847656	21.47823715209961	25.65116310119629	53.35441970825195
165.5645294189453	19.591217041015625	25.389493942260742	52.810150146484375
164.9801483154297	21.880937576293945	25.222660064697266	52.463134765625
165.81707763671875	22.812137603759766	25.132930755615234	52.2765007019043
168.62652587890625	19.69980239868164	25.042837142944336	52.08910369873047
168.954345703125	21.854196548461914	25.27640724182129	52.57493209838867
171.40069580078125	20.1652774810791	25.185583114624023	52.386016845703125
171.82180786132812	19.85909080505371	25.36969757080078	52.76897430419922
171.0	27.0	25.0	55.0
171.0	21.0	26.0	60.0
173.08303833007812	13.165838241577148	25.668621063232422	59.23528289794922
173.0	22.0	25.0	54.0
175.0	24.0	24.0	52.0
178.0	23.0	22.0	50.0
176.83995056152344	21.82391357421875	22.37067985534668	50.84245681762695
174.0	21.0	25.0	52.0
175.37535095214844	17.22554588317871	25.66303062438965	53.37910079956055
174.0	17.0	24.0	50.0
173.0	16.0	25.0	54.0
175.0	20.0	22.0	46.0
175.4438934326172	22.341472625732422	22.407772064208984	46.85261154174805
174.97511291503906	22.77887725830078	22.38503646850586	46.80507278442383
175.0	27.0	21.0	41.0
176.0	35.0	21.0	34.0
176.0	25.0	23.0	44.0
175.0	21.0	25.0	51.0
176.0	30.0	22.0	47.0
177.0	30.0	24.0	49.0
177.0	29.0	26.0	46.0
179.0	33.0	25.0	51.0
181.0	32.0	24.0	54.0
183.0	32.0	23.0	50.0
184.0	31.0	24.0	55.0
187.0	32.0	23.0	48.0
188.0	34.0	24.0	50.0
190.0	31.0	24.0	53.0
193.0	37.0	22.0	45.0
193.0	35.0	25.0	56.0
197.0	44.0	22.0	43.0
198.0	46.0	23.0	45.0
203.0	45.0	21.0	44.0
201.0	46.0	24.0	43.0
201.0	42.0	26.0	56.0
202.0	44.0	26.0	57.0
203.0	43.0	28.0	56.0
207.3722686767578	41.692100524902344	27.739145278930664	55.47829055786133
210.0	44.0	24.0	53.0
214.46240234375	42.684730529785156	23.779409408569336	52.51286697387695
213.0	45.0	24.0	51.0
214.0	44.0	24.0	50.0
215.0	44.0	24.0	49.0
214.0	45.0	26.0	48.0
218.0	44.0	23.0	51.0
216.0	44.0	28.0	57.0
218.5629425048828	41.835113525390625	28.398061752319336	57.810340881347656
219.0	44.0	28.0	54.0
223.0	43.0	25.0	56.0
224.0	45.0	24.0	56.0
224.0	42.0	25.0	61.0
225.0	41.0	26.0	60.0
223.0	42.0	25.0	60.0
223.0	39.0	28.0	60.0
226.0	39.0	27.0	56.0
225.0	39.0	29.0	59.0
226.0	36.0	29.0	59.0
224.0	37.0	31.0	63.0
226.0	37.0	30.0	58.0
228.0	37.0	28.0	55.0
230.0	41.0	27.0	51.0
232.0	39.0	26.0	52.0
233.0	38.0	24.0	50.0
233.0	39.0	25.0	52.0
231.0	42.0	26.0	57.0
231.49551391601562	40.36627960205078	26.367610931396484	57.8059196472168
232.87753295898438	38.44107437133789	26.6354923248291	58.39319610595703
232.0	43.0	27.0	60.0
231.0	44.0	31.0	63.0
234.0	48.0	27.0	59.0
233.0	47.0	29.0	62.0
235.0	49.0	29.0	61.0
239.0	49.0	25.0	58.0
239.0	51.0	27.0	55.0
241.0	54.0	27.0	54.0
238.0	50.0	33.0	61.0
241.0166015625	45.49954605102539	33.009056091308594	61.0167350769043
241.83499145507812	46.72816848754883	32.95706558227539	60.92063522338867
242.6980438232422	46.53342819213867	32.736568450927734	60.5130500793457
246.0	51.0	30.0	55.0
247.1596221923828	49.78499221801758	30.259384155273438	55.47554397583008
247.1659393310547	53.484344482421875	30.19821548461914	55.3634033203125
248.4339599609375	53.503273010253906	30.34701919555664	55.63621139526367
251.0	52.0	27.0	56.0
259.0	51.0	20.0	54.0
249.0	52.0	32.0	60.0
254.1403350830078	47.47868728637695	31.81778907775879	59.658355712890625
254.5871124267578	45.19112777709961	32.17312240600586	60.324607849121094
260.0	51.0	26.0	57.0
261.05755615234375	52.0908203125	26.27495765686035	57.6027946472168
258.0	52.0	28.0	55.0
258.0	50.0	32.0	60.0
259.1202392578125	47.535545349121094	31.68502426147461	59.40941619873047
262.0	48.0	26.0	54.0
258.0	42.0	28.0	52.0
266.0	45.0	25.0	60.0
254.0	41.0	34.0	63.0
266.0	39.0	24.0	53.0
266.0	40.0	25.0	57.0
260.0	38.0	31.0	63.0
262.84552001953125	36.787994384765625	30.834102630615234	62.6628532409668
265.682861328125	38.05406951904297	30.429752349853516	61.84111404418945
267.7054748535156	39.95920944213867	30.414546966552734	61.810218811035156
268.5484619140625	39.45118713378906	30.31698226928711	61.6119384765625
267.85028076171875	45.5767707824707	30.572290420532227	62.13079071044922
271.655517578125	46.10817337036133	30.259891510009766	61.49591064453125
273.7048645019531	45.81061935424805	30.57810401916504	62.142601013183594
275.67828369140625	47.898963928222656	30.51702880859375	62.01848220825195
281.1153869628906	47.133758544921875	30.58028221130371	62.14703369140625
284.668701171875	47.72847366333008	30.464141845703125	61.9110107421875
288.242431640625	45.683868408203125	30.563831329345703	62.11360549926758
286.201171875	46.48726272583008	30.472305297851562	61.9276008605957
280.22991943359375	53.220314025878906	30.202465057373047	61.37921142578125
277.49334716796875	60.971717834472656	30.177906036376953	61.32930374145508
282.91888427734375	58.40068435668945	30.46384048461914	61.910400390625
284.0	55.0	34.0	59.0
286.8671875	56.648475646972656	33.73322296142578	58.53705978393555
287.98895263671875	55.1875	34.22319412231445	59.387306213378906
288.33892822265625	53.642486572265625	33.778507232666016	58.61564254760742
291.2734069824219	55.92958450317383	33.235076904296875	57.672630310058594
293.9593200683594	51.48786163330078	32.65672302246094	56.66901779174805
289.9388732910156	50.306697845458984	32.508541107177734	56.41188430786133
289.5987243652344	50.741390228271484	32.09111404418945	55.687522888183594
283.0	46.0	33.0	54.0
282.0	50.0	33.0	64.0
285.0	48.0	30.0	61.0
281.0	49.0	37.0	61.0
282.0	48.0	36.0	63.0
283.43218994140625	46.408145904541016	35.844581604003906	62.7280158996582
284.206298828125	43.94981002807617	35.86125183105469	62.7571907043457
281.0	46.0	34.0	58.0
281.7078552246094	43.38246154785156	34.85140609741211	59.45240020751953
282.92462158203125	44.947391510009766	34.30210494995117	58.515357971191406
280.0	47.0	34.0	59.0
274.0	44.0	37.0	62.0
273.0	41.0	39.0	65.0
277.0	43.0	35.0	61.0
278.56121826171875	38.6872673034668	35.028934478759766	61.05043411254883
280.4893798828125	39.14031219482422	34.7296028137207	60.52873992919922
281.53448486328125	37.934356689453125	34.76047897338867	60.582557678222656
279.7654724121094	33.08220291137695	34.99951171875	60.9991569519043
278.56158447265625	31.699817657470703	34.79179763793945	60.63713836669922
279.6263427734375	35.06034469604492	34.38734436035156	59.93223190307617
283.78106689453125	34.230003356933594	34.271583557128906	59.73047637939453
284.27008056640625	36.43069076538086	34.26659393310547	59.721778869628906
286.71435546875	33.482749938964844	34.33622741699219	59.8431396484375
257.14898681640625	40.42375946044922	34.55801010131836	60.22967529296875
261.68609619140625	30.52957534790039	34.5886116027832	60.28300094604492
265.6962890625	31.056188583374023	34.10186767578125	59.43467330932617
273.0495910644531	39.3787841796875	34.06063461303711	59.36281204223633
245.0638427734375	29.870248794555664	34.99735641479492	60.995384216308594
246.70779418945312	22.693500518798828	34.6026496887207	60.307456970214844
216.82614135742188	28.23716163635254	34.373939514160156	59.90885543823242
180.19883728027344	24.356525421142578	34.7218017578125	60.5151252746582
153.50039672851562	62.9882926940918	34.975860595703125	60.95790481567383
128.98196411132812	91.3271713256836	34.7574462890625	60.577247619628906
128.60914611816406	101.96867370605469	34.57904052734375	60.26631546020508
123.67973327636719	119.39849853515625	34.261383056640625	59.712684631347656
127.02970886230469	118.87188720703125	34.44322967529297	60.02962112426758
130.1871795654297	117.80720520019531	34.007774353027344	59.27067947387695
138.0889892578125	113.301025390625	34.25370407104492	59.699302673339844
140.23959350585938	110.95124816894531	33.81892395019531	58.9415397644043
143.42697143554688	107.1623306274414	33.899009704589844	59.08111572265625
148.3331756591797	103.2056884765625	34.290199279785156	59.762901306152344
150.54112243652344	96.78155517578125	34.42255401611328	59.99357223510742
155.71249389648438	89.66007995605469	35.11174774169922	61.194740295410156
159.1806640625	79.1107177734375	35.329139709472656	61.5736198425293
164.27479553222656	77.51544189453125	35.234642028808594	61.4089241027832
169.77737426757812	67.97020721435547	35.681636810302734	62.1879768371582
174.82070922851562	62.55451202392578	35.41112518310547	61.716514587402344
180.53614807128906	59.70273971557617	34.40534210205078	59.96358108520508
184.8235321044922	57.823280334472656	34.06853103637695	59.37656784057617
187.06967163085938	55.684242248535156	34.57566452026367	60.26042556762695
190.22996520996094	49.52527618408203	34.339927673339844	59.849571228027344
194.74435424804688	48.29633712768555	34.0872688293457	59.40922164916992
197.54478454589844	45.888404846191406	34.37053680419922	59.90291213989258
202.707275390625	43.06634521484375	34.132728576660156	59.488441467285156
208.65017700195312	42.73528289794922	34.07103729248047	59.38092041015625
214.46719360351562	37.694297790527344	34.0259895324707	59.302406311035156
221.15835571289062	33.8246955871582	33.89824676513672	59.07977294921875
226.02694702148438	28.164703369140625	33.88410568237305	59.05512619018555
231.67514038085938	24.35589599609375	33.64958572387695	58.646400451660156
237.5438232421875	26.76568603515625	33.946372985839844	59.163658142089844
242.96572875976562	23.759878158569336	35.04705047607422	61.08197784423828
247.26968383789062	20.964778900146484	34.65690231323242	60.402008056640625
251.21737670898438	18.303058624267578	34.36944580078125	59.9010124206543
257.36859130859375	16.821041107177734	34.415992736816406	59.982139587402344
262.8405456542969	18.04048728942871	33.945518493652344	59.16217041015625
269.6390686035156	21.78531265258789	33.59326934814453	58.54825973510742
275.65850830078125	21.411029815673828	33.840065002441406	58.97838592529297
281.4149475097656	19.742834091186523	33.817527770996094	58.939109802246094
286.6471862792969	22.303455352783203	34.22097396850586	59.64226150512695
293.06988525390625	19.81618309020996	34.31786346435547	59.811134338378906
299.28558349609375	24.194822311401367	34.155494689941406	59.52814865112305
303.10980224609375	22.06417465209961	34.58980178833008	60.28508377075195
309.17987060546875	19.063451766967773	34.981327056884766	60.96744918823242
