298.0	51.0	21.0	136.0
299.0	54.0	21.0	132.0
299.0	49.0	20.0	137.0
300.0	56.0	19.0	130.0
300.0	55.0	19.0	130.0
298.0	56.0	20.0	130.0
300.0	56.0	19.0	132.0
300.0	55.0	19.0	132.0
301.0	55.0	19.0	131.0
301.0	59.0	19.0	126.0
300.0	59.0	19.0	126.0
300.0	59.0	17.0	124.0
298.0	51.0	20.0	134.0
297.0	55.0	19.0	128.0
296.0	55.0	19.0	127.0
298.0	56.0	18.0	129.0
297.0	57.0	18.0	127.0
296.0	56.0	19.0	127.0
293.0	49.0	20.0	133.0
285.0	46.0	21.0	132.0
282.0	50.0	19.0	115.0
277.0	53.0	20.0	116.0
274.0	59.0	18.0	115.0
265.0	39.0	20.0	142.0
264.63873291015625	40.4586181640625	19.955978393554688	141.6874542236328
263.0	50.0	21.0	135.0
271.0	59.0	18.0	116.0
278.0	54.0	21.0	128.0
284.0	44.0	22.0	140.0
292.0	49.0	20.0	137.0
299.0	48.0	19.0	139.0
308.0	56.0	16.0	112.0
308.0	101.0	16.0	95.0
305.0	101.0	16.0	96.0
304.83843994140625	96.64815521240234	16.195690155029297	99.93970489501953
288.0	51.0	21.0	138.0
279.0	54.0	21.0	133.0
265.0	58.0	19.0	125.0
255.0	51.0	22.0	135.0
249.0	55.0	19.0	126.0
249.0	28.0	20.0	153.0
251.0	53.0	17.0	127.0
250.0	51.0	21.0	132.0
252.0	49.0	21.0	133.0
252.0	59.0	23.0	123.0
259.0	58.0	20.0	125.0
276.0	42.0	23.0	144.0
280.0	51.0	19.0	130.0
283.0	43.0	22.0	140.0
286.0	46.0	18.0	134.0
280.0	52.0	20.0	131.0
280.0	53.0	19.0	132.0
279.0	49.0	19.0	133.0
272.0	48.0	21.0	134.0
267.0	41.0	22.0	141.0
242.0	33.0	24.0	146.0
241.0	12.0	19.0	122.0
223.5584259033203	30.85791015625	18.568227767944336	119.2275619506836
219.5325164794922	43.12757873535156	18.55291175842285	119.12921142578125
220.25747680664062	42.31024932861328	18.56678581237793	119.21829986572266
235.60202026367188	24.383371353149414	18.601232528686523	119.43949127197266
240.0	35.0	21.0	147.0
250.0	40.0	25.0	140.0
277.0	41.0	22.0	134.0
279.0	48.0	20.0	131.0
292.0	46.0	19.0	134.0
299.0	42.0	19.0	131.0
303.0	42.0	18.0	131.0
297.0	45.0	18.0	126.0
289.0	48.0	18.0	128.0
274.0	37.0	20.0	135.0
257.6478576660156	36.78676223754883	20.284555435180664	136.92074584960938
241.0	39.0	20.0	135.0
231.8114013671875	26.27140235900879	19.991321563720703	134.94143676757812
229.78939819335938	16.892972946166992	20.354522705078125	137.39305114746094
240.0	8.0	17.0	113.0
234.3028564453125	27.35593605041504	16.909067153930664	112.39555358886719
238.0	43.0	19.0	126.0
247.0	73.0	16.0	99.0
265.0	35.0	22.0	133.0
275.0	44.0	21.0	126.0
289.0	41.0	19.0	133.0
295.0	42.0	18.0	128.0
297.0	45.0	18.0	128.0
297.0	43.0	18.0	130.0
288.0	43.0	19.0	132.0
280.0	38.0	21.0	136.0
269.0	38.0	23.0	136.0
250.7932586669922	43.990936279296875	22.800662994384766	134.82131958007812
239.0	39.0	17.0	136.0
222.37881469726562	32.09283447265625	17.048376083374023	136.3870086669922
219.3870849609375	28.23044204711914	17.03973388671875	136.31787109375
221.5848388671875	21.241092681884766	17.070449829101562	136.5635986328125
221.0941925048828	24.632761001586914	17.311429977416992	138.49143981933594
220.232666015625	24.120769500732422	17.508548736572266	140.06838989257812
220.3312225341797	29.913610458374023	17.300434112548828	138.40347290039062
230.19271850585938	31.135242462158203	17.32594108581543	138.60752868652344
248.0	45.0	21.0	131.0
271.0	42.0	19.0	125.0
280.0	41.0	20.0	129.0
295.0	45.0	16.0	125.0
303.0	46.0	20.0	131.0
309.0	35.0	21.0	145.0
310.0	42.0	20.0	135.0
305.0	49.0	23.0	128.0
297.0	45.0	19.0	126.0
287.0	43.0	19.0	131.0
269.0	44.0	20.0	123.0
247.27676391601562	42.2160530090332	20.166872024536133	124.02626037597656
227.0	19.0	23.0	155.0
210.5055694580078	25.630279541015625	23.058374404907227	155.39340209960938
213.8953399658203	17.529064178466797	23.11171531677246	155.75289916992188
207.9514923095703	22.141931533813477	23.20663070678711	156.39254760742188
220.22903442382812	12.719482421875	23.083587646484375	155.5633544921875
211.0076141357422	13.091590881347656	23.31068992614746	157.09384155273438
213.0	36.0	22.0	137.0
229.0	39.0	21.0	132.0
240.7772979736328	41.72188186645508	21.0635986328125	132.39976501464844
244.6790008544922	38.78669357299805	21.137651443481445	132.86524963378906
238.0	51.0	20.0	117.0
241.0	49.0	20.0	119.0
239.31301879882812	46.65010452270508	16.28346824645996	127.57669067382812
259.0	30.0	21.0	133.0
273.0	37.0	20.0	122.0
296.0	44.0	21.0	113.0
320.5792541503906	66.0938491821289	21.15502166748047	113.83418273925781
324.0	87.0	12.0	91.0
324.0	91.0	12.0	83.0
330.59478759765625	84.61170959472656	11.957653045654297	82.70710754394531
342.54632568359375	67.265625	11.878639221191406	82.16059875488281
328.0	59.0	14.0	96.0
299.0	33.0	21.0	127.0
272.0	34.0	21.0	133.0
258.0	43.0	17.0	122.0
242.4351348876953	48.040470123291016	17.18255043029785	123.31005859375
241.0	18.0	22.0	153.0
241.0	20.0	21.0	145.0
241.0	43.0	20.0	124.0
242.0	42.0	23.0	128.0
257.82342529296875	39.6959114074707	22.95683479309082	127.75978088378906
281.0	40.0	17.0	129.0
249.4891357421875	38.73114013671875	17.051788330078125	129.3929901123047
235.09579467773438	39.02373504638672	17.232051849365234	130.76089477539062
214.59445190429688	35.69916534423828	17.224437713623047	130.70310974121094
224.48373413085938	35.88067626953125	17.425128936767578	132.22601318359375
217.659912109375	32.13487243652344	17.583431243896484	133.42723083496094
218.02267456054688	33.4200553894043	17.69612693786621	134.28237915039062
217.77783203125	34.265655517578125	17.5777587890625	133.38417053222656
213.92642211914062	34.38701629638672	17.51726531982422	132.92514038085938
268.0	32.0	21.0	137.0
278.0	41.0	18.0	125.0
284.0	41.0	19.0	126.0
289.0	47.0	16.0	121.0
289.0	42.0	17.0	128.0
285.0	39.0	19.0	133.0
279.0	43.0	18.0	133.0
265.0	40.0	21.0	138.0
244.0	40.0	21.0	136.0
229.0	17.0	22.0	159.0
213.8263397216797	8.108845710754395	21.921031951904297	158.4292755126953
212.88034057617188	13.357197761535645	22.024017333984375	159.17356872558594
211.74954223632812	9.823657035827637	22.301549911499023	161.1793670654297
222.37069702148438	16.404104232788086	22.00882911682129	159.06378173828125
230.2296905517578	26.645055770874023	21.62664222717285	156.30160522460938
218.65164184570312	22.435070037841797	21.731203079223633	157.0572967529297
212.3921356201172	20.2655029296875	21.370737075805664	154.45211791992188
219.29342651367188	25.78020668029785	21.53243064880371	155.62071228027344
206.008544921875	21.174232482910156	21.41364288330078	154.76219177246094
232.2535400390625	8.885103225708008	21.50552749633789	155.42626953125
204.13925170898438	29.534809112548828	21.89796257019043	158.26251220703125
215.8936767578125	51.19300842285156	21.693248748779297	156.78298950195312
224.03564453125	32.42511749267578	21.815153121948242	157.66403198242188
258.15521240234375	19.89421272277832	22.20729637145996	160.49813842773438
298.0	43.0	23.0	127.0
303.0	49.0	21.0	126.0
308.21026611328125	51.26813507080078	21.05031967163086	126.30191802978516
318.61151123046875	63.0760383605957	21.448535919189453	128.6912078857422
319.0	65.0	17.0	106.0
314.00579833984375	69.01705169677734	17.227853775024414	107.42073059082031
307.5030212402344	65.0596923828125	17.57967758178711	109.61445617675781
290.0	42.0	17.0	122.0
273.0	39.0	20.0	133.0
254.0	47.0	18.0	115.0
236.3263702392578	45.53801727294922	17.847890853881836	114.0281982421875
235.0	22.0	21.0	149.0
234.51708984375	24.38319969177246	20.985361099243164	148.8961181640625
235.39718627929688	25.769458770751953	20.742431640625	147.17245483398438
258.0	28.0	23.0	140.0
267.0	34.0	20.0	130.0
279.0	38.0	20.0	135.0
292.0	26.0	24.0	150.0
302.7519226074219	38.5359992980957	23.91363525390625	149.46022033691406
311.0	55.0	16.0	107.0
315.86749267578125	65.2498550415039	16.261051177978516	108.74577331542969
310.3326110839844	59.91845703125	16.13343048095703	107.8923110961914
308.3739318847656	58.024009704589844	16.135623931884766	107.906982421875
304.87127685546875	60.767555236816406	16.378231048583984	109.52943420410156
296.2297668457031	52.768218994140625	16.35342788696289	109.36356353759766
280.0	53.0	14.0	95.0
278.2431335449219	53.694705963134766	17.31447982788086	104.97418975830078
255.30868530273438	46.5864143371582	17.405010223388672	105.5230484008789
231.9416961669922	44.67963790893555	17.770288467407227	107.7376480102539
222.0	83.0	13.0	78.0
219.44277954101562	82.72328186035156	13.068466186523438	78.4107894897461
218.043701171875	83.81524658203125	13.178861618041992	79.07316589355469
218.8701629638672	85.62748718261719	12.938072204589844	77.62842559814453
219.10797119140625	81.8125228881836	13.722841262817383	84.9850082397461
242.0	77.0	15.0	91.0
242.02114868164062	73.58902740478516	14.749170303344727	100.17095947265625
275.0	40.0	17.0	118.0
284.0	40.0	16.0	106.0
291.40289306640625	49.09074783325195	16.042469024658203	106.2813720703125
294.0362548828125	53.46575927734375	16.106597900390625	106.70622253417969
292.8412170410156	50.585960388183594	16.359617233276367	108.3824691772461
286.0	33.0	23.0	125.0
277.0	39.0	18.0	118.0
258.0	23.0	23.0	141.0
227.8578643798828	20.527015686035156	22.91653060913086	140.48828125
204.0550079345703	14.752784729003906	22.531719207763672	138.1292266845703
207.0	9.0	20.0	145.0
204.0	16.0	21.0	142.0
212.0	18.0	20.0	134.0
223.0	4.0	22.0	160.0
225.0	38.0	22.0	121.0
231.0	72.0	16.0	96.0
223.33438110351562	59.06045150756836	27.15501594543457	118.17206573486328
273.0	40.0	17.0	119.0
287.0	40.0	18.0	109.0
295.0	35.0	20.0	123.0
301.0	39.0	22.0	135.0
300.0	48.0	19.0	126.0
297.6605529785156	44.682167053222656	18.66807746887207	123.798828125
287.0	24.0	24.0	147.0
274.0	36.0	19.0	112.0
256.0	30.0	21.0	137.0
229.0	32.0	21.0	130.0
223.0	19.0	22.0	134.0
220.70858764648438	21.80057716369629	21.8118839263916	132.85418701171875
226.0	10.0	22.0	140.0
223.6049041748047	20.0253849029541	22.26565170288086	141.69052124023438
233.0	60.0	16.0	100.0
255.0	29.0	21.0	135.0
276.0	37.0	18.0	116.0
292.9488220214844	45.12262725830078	17.968759536743164	115.79866790771484
299.6597900390625	49.6915397644043	17.958087921142578	115.7298812866211
298.2632141113281	51.96154022216797	17.64396095275879	113.70549011230469
295.9051208496094	43.67387008666992	18.069316864013672	116.4466552734375
293.0693359375	42.382137298583984	18.123085021972656	116.79316711425781
289.6927795410156	42.89173126220703	18.120718002319336	116.77791595458984
281.0	36.0	15.0	102.0
263.0	33.0	17.0	110.0
234.0	83.0	14.0	85.0
209.8403778076172	68.04222106933594	13.939519882202148	84.63279724121094
210.5580596923828	63.81256866455078	13.951563835144043	84.70592498779297
212.89608764648438	67.6754150390625	13.823251724243164	83.9268798828125
201.73805236816406	50.33932113647461	14.141505241394043	85.85913848876953
198.74346923828125	41.47022247314453	14.080717086791992	85.49006652832031
201.7013702392578	46.14082717895508	14.009119033813477	85.05535888671875
205.77401733398438	44.32900619506836	14.452171325683594	94.03402709960938
223.0	33.0	20.0	122.0
254.0	31.0	20.0	131.0
278.0	36.0	13.0	96.0
288.0	34.0	16.0	100.0
289.0	31.0	17.0	118.0
293.19024658203125	43.97665786743164	17.0084228515625	118.05845642089844
290.57623291015625	31.439453125	17.260679244995117	119.8094253540039
288.50408935546875	35.37730026245117	17.355289459228516	120.46614074707031
277.1551208496094	27.597614288330078	17.602108001708984	122.17936706542969
261.0	29.0	19.0	121.0
238.0	20.0	23.0	141.0
218.06298828125	8.798009872436523	22.817529678344727	139.88137817382812
197.0510711669922	7.491742134094238	22.885677337646484	140.29916381835938
193.91177368164062	5.600039482116699	22.81818199157715	139.88539123535156
194.04464721679688	12.491847038269043	22.947078704833984	140.6755828857422
199.40818786621094	8.492317199707031	23.130990982055664	141.8030242919922
197.87721252441406	17.462116241455078	22.791688919067383	139.72296142578125
219.0	29.0	22.0	128.0
247.0	14.0	21.0	150.0
280.65142822265625	14.70124626159668	21.140377044677734	151.002685546875
303.0	55.0	15.0	104.0
310.9317932128906	45.29106903076172	15.252156257629395	105.74827575683594
313.6880798339844	32.6259765625	15.504870414733887	107.50042724609375
314.92132568359375	30.69207191467285	15.47386646270752	107.28547668457031
314.4084167480469	31.573909759521484	15.376376152038574	106.60954284667969
307.65838623046875	49.4770393371582	15.354756355285645	106.45964050292969
291.0	30.0	19.0	132.0
258.0	15.0	22.0	145.0
242.0	11.0	22.0	144.0
228.0	15.0	21.0	141.0
220.36410522460938	6.814398288726807	21.112340927124023	141.75430297851562
214.0247039794922	10.12531566619873	20.70743179321289	139.03562927246094
206.7464599609375	13.77124309539795	20.583843231201172	138.205810546875
203.20950317382812	12.31260871887207	20.464008331298828	137.40121459960938
205.0	9.0	23.0	145.0
216.88888549804688	12.916478157043457	22.864004135131836	144.1426544189453
243.0	28.0	19.0	126.0
259.0	29.0	19.0	126.0
259.0	27.0	20.0	128.0
251.0	28.0	18.0	124.0
243.0	31.0	19.0	120.0
242.0	28.0	20.0	125.0
242.0	18.0	22.0	139.0
236.0	26.0	21.0	128.0
230.5225372314453	27.514217376708984	21.132299423217773	128.806396484375
228.07125854492188	29.579509735107422	21.195003509521484	129.1885986328125
246.0	16.0	20.0	135.0
275.1273498535156	17.336807250976562	19.882308959960938	134.20559692382812
312.0694885253906	22.040767669677734	20.17721176147461	136.19619750976562
327.9961853027344	24.09334373474121	19.894012451171875	134.2845916748047
325.1598205566406	20.927875518798828	19.928585052490234	134.51795959472656
322.5334167480469	21.201763153076172	19.366107940673828	130.7212371826172
312.0	49.0	16.0	118.0
311.7089538574219	40.66876983642578	16.332517623901367	120.45231628417969
295.75946044921875	35.546417236328125	16.64560317993164	122.7613296508789
277.0	72.0	17.0	94.0
274.3807678222656	61.63463592529297	21.111948013305664	107.91889953613281
267.2130432128906	58.912593841552734	17.493492126464844	117.55045318603516
244.0	14.0	21.0	145.0
244.0	14.0	22.0	144.0
246.0	18.0	21.0	133.0
246.0	9.0	22.0	147.0
248.0	19.0	22.0	138.0
261.0	25.0	20.0	142.0
292.45855712890625	25.975688934326172	20.25811004638672	143.8325653076172
302.3923645019531	29.544719696044922	20.48775863647461	145.4630889892578
280.30181884765625	44.24241256713867	20.3829402923584	144.7188720703125
273.4383850097656	44.34825897216797	20.209819793701172	143.48973083496094
259.087890625	36.1586799621582	20.571483612060547	146.05755615234375
189.5039825439453	12.978647232055664	20.73666000366211	147.23031616210938
192.57211303710938	10.787107467651367	20.662452697753906	146.70343017578125
193.8359375	6.407080173492432	20.653663635253906	146.64102172851562
255.3798370361328	17.834835052490234	21.20021629333496	150.5215606689453
273.0	25.0	20.0	123.0
262.0	25.0	19.0	122.0
254.0	27.0	19.0	119.0
241.0	19.0	20.0	139.0
226.0	7.0	20.0	144.0
216.0	14.0	21.0	138.0
209.0	27.0	21.0	130.0
206.0	13.0	24.0	144.0
206.0	11.0	24.0	141.0
205.7778778076172	8.689946174621582	24.054189682006836	141.31834411621094
215.0	22.0	19.0	120.0
223.0	23.0	24.0	140.0
248.0	21.0	21.0	136.0
277.0	77.0	16.0	92.0
291.92730712890625	60.481956481933594	16.07398223876953	92.4253921508789
308.6710510253906	60.27524948120117	16.37724494934082	94.16915130615234
313.4493103027344	36.65462875366211	16.432209014892578	94.48519134521484
314.26885986328125	38.529273986816406	16.33898162841797	93.94912719726562
311.97454833984375	37.95008087158203	16.02047348022461	92.11771392822266
312.78338623046875	38.59672164916992	15.821805953979492	90.97537231445312
309.7379455566406	38.6260871887207	16.151470184326172	92.8709487915039
299.4839172363281	49.107276916503906	16.262100219726562	93.507080078125
286.0	36.0	18.0	125.0
273.0	30.0	17.0	105.0
273.0	32.0	17.0	108.0
274.0	39.0	15.0	96.0
270.0	29.0	18.0	119.0
272.0	32.0	15.0	103.0
269.0	28.0	17.0	117.0
270.0	30.0	16.0	116.0
267.0	35.0	15.0	102.0
255.0	26.0	20.0	122.0
243.0	32.0	20.0	119.0
231.0	82.0	16.0	88.0
223.75558471679688	68.03325653076172	30.269067764282227	106.97589874267578
222.0	28.0	20.0	132.0
216.0	19.0	21.0	133.0
209.0	16.0	21.0	140.0
205.0	24.0	21.0	128.0
199.0	14.0	23.0	143.0
195.0	5.0	23.0	150.0
189.0	16.0	23.0	149.0
185.0	18.0	25.0	147.0
174.9575958251953	19.543365478515625	25.387380599975586	149.27780151367188
170.21240234375	22.69597625732422	25.50319480895996	149.95880126953125
175.0	16.0	22.0	148.0
177.0	28.0	21.0	130.0
173.41429138183594	31.656597137451172	21.46681022644043	132.88978576660156
177.0	21.0	20.0	136.0
177.0	12.0	20.0	145.0
177.0	10.0	22.0	152.0
178.0	12.0	23.0	149.0
179.0	9.0	23.0	145.0
179.0	63.0	19.0	108.0
177.0	17.0	24.0	141.0
175.0	23.0	25.0	146.0
175.6149444580078	26.359182357788086	25.456058502197266	148.6633758544922
180.0	15.0	24.0	145.0
186.0	18.0	24.0	149.0
189.0	8.0	24.0	165.0
195.0	22.0	24.0	139.0
198.38076782226562	43.5703239440918	23.849502563476562	138.1283721923828
204.4964599609375	54.08271408081055	24.33492088317871	140.9397430419922
207.0	26.0	23.0	136.0
211.0	29.0	20.0	128.0
213.0	24.0	22.0	130.0
219.0	30.0	23.0	128.0
225.0	28.0	20.0	127.0
229.0	25.0	22.0	134.0
235.0	36.0	20.0	114.0
239.0	27.0	20.0	127.0
242.0	37.0	18.0	112.0
242.0	40.0	17.0	107.0
243.64404296875	33.07563018798828	17.234079360961914	108.47331237792969
248.70126342773438	39.870262145996094	17.09284210205078	107.5843505859375
250.86178588867188	34.533233642578125	17.30742835998535	108.9349594116211
252.79052734375	42.77709197998047	17.303415298461914	108.90970611572266
253.3281707763672	46.57677459716797	17.292430877685547	108.84056091308594
255.0	59.0	13.0	80.0
251.0	64.0	17.0	84.0
250.6625518798828	64.23165130615234	17.445222854614258	86.1999282836914
247.7849884033203	74.05926513671875	17.401241302490234	85.98260498046875
246.5881805419922	73.48270416259766	17.437841415405273	86.16346740722656
245.60366821289062	68.60599517822266	17.583904266357422	86.88519287109375
243.42947387695312	72.55128479003906	17.500452041625977	86.47282409667969
243.0	54.0	14.0	90.0
244.0	49.0	16.0	94.0
245.0	56.0	14.0	90.0
242.0	40.0	17.0	107.0
241.0	84.0	13.0	66.0
239.0	85.0	13.0	71.0
237.1431884765625	82.3781509399414	17.811420440673828	77.75825500488281
243.82460021972656	82.2676773071289	15.629648208618164	81.74756622314453
245.0501708984375	79.87977600097656	17.330230712890625	88.47114562988281
219.7650909423828	76.85020446777344	17.748001098632812	90.60386657714844
204.0	29.0	21.0	115.0
200.0	20.0	23.0	137.0
198.0	15.0	21.0	136.0
194.0	3.0	22.0	142.0
190.0	4.0	20.0	140.0
187.0	12.0	21.0	134.0
183.0	10.0	24.0	146.0
181.0	4.0	25.0	154.0
183.0	10.0	23.0	140.0
186.0	4.0	22.0	148.0
183.0	7.0	26.0	155.0
182.0	8.0	27.0	152.0
182.0	3.0	28.0	164.0
186.0	4.0	26.0	159.0
188.0	6.0	25.0	156.0
192.0	13.0	24.0	140.0
198.0	18.0	20.0	125.0
201.0	19.0	20.0	136.0
206.0	20.0	20.0	128.0
207.0	21.0	24.0	121.0
210.0	27.0	23.0	124.0
217.0	34.0	19.0	115.0
225.0	40.0	19.0	114.0
228.0	43.0	19.0	108.0
233.0	38.0	16.0	108.0
239.0	34.0	16.0	107.0
243.89303588867188	43.264686584472656	15.840925216674805	105.9361801147461
247.73046875	39.43722915649414	15.843969345092773	105.95654296875
251.5181121826172	41.59040832519531	15.825711250305176	105.83443450927734
252.0	50.0	15.0	91.0
251.4437713623047	54.621177673339844	14.985590934753418	90.91258239746094
249.14804077148438	55.67781448364258	14.808581352233887	89.83871459960938
246.6283721923828	58.57704544067383	14.991090774536133	90.94593811035156
244.6657257080078	57.16496658325195	15.052166938781738	91.31646728515625
243.001220703125	55.31626510620117	15.044565200805664	91.27033996582031
241.59823608398438	56.356689453125	14.98914623260498	90.93413543701172
240.0	78.0	12.0	75.0
240.0	85.0	12.0	66.0
231.0	81.0	18.0	79.0
227.92098999023438	85.5120849609375	17.69599723815918	77.665771484375
222.6151123046875	80.56168365478516	17.476755142211914	76.70354461669922
214.0	43.0	23.0	106.0
212.9044952392578	53.12908172607422	22.899616241455078	105.53736877441406
207.0	33.0	21.0	110.0
202.0	21.0	20.0	126.0
199.0	23.0	22.0	129.0
196.0	22.0	22.0	128.0
194.0	21.0	21.0	128.0
186.0	12.0	23.0	143.0
179.0	8.0	28.0	155.0
174.10519409179688	8.554649353027344	28.195714950561523	156.0834197998047
172.0	10.0	27.0	149.0
170.0	19.0	28.0	143.0
169.0	10.0	26.0	151.0
171.0	13.0	22.0	131.0
170.0	11.0	22.0	130.0
170.0	7.0	22.0	139.0
170.0	8.0	24.0	151.0
175.0	13.0	23.0	138.0
178.0	13.0	23.0	142.0
179.89431762695312	11.551979064941406	23.17502212524414	143.08056640625
181.0	13.0	23.0	144.0
182.23825073242188	28.008586883544922	22.895170211791992	143.34368896484375
182.0	12.0	25.0	144.0
184.1998291015625	8.817090034484863	25.22482681274414	145.2949981689453
193.0	33.0	20.0	116.0
197.0	33.0	20.0	115.0
203.70486450195312	36.37051773071289	19.986038208007812	114.91971588134766
207.76370239257812	34.6350212097168	20.020038604736328	115.1152114868164
210.5878448486328	37.408226013183594	20.080738067626953	115.4642333984375
218.0	78.0	17.0	83.0
223.8271026611328	73.98106384277344	16.690305709838867	81.48796844482422
227.0	72.0	14.0	86.0
227.0	69.0	19.0	94.0
231.0	66.0	16.0	91.0
235.0	70.0	14.0	83.0
234.52700805664062	73.9647216796875	14.245454788208008	84.45518493652344
236.0	74.0	13.0	72.0
235.44522094726562	77.17902374267578	12.976611137390137	71.87046813964844
233.37930297851562	78.63682556152344	13.048194885253906	72.26692199707031
226.4269561767578	85.29295349121094	13.072004318237305	72.39878845214844
224.8604736328125	81.86802673339844	13.029444694519043	72.16307830810547
223.3724822998047	79.360107421875	13.04621410369873	72.25595092773438
218.6081085205078	86.35855865478516	12.988395690917969	71.93572998046875
212.23861694335938	82.51568603515625	13.119242668151855	72.6604232788086
209.1785888671875	81.72002410888672	13.125714302062988	72.6962661743164
208.96939086914062	80.24034118652344	13.069961547851562	72.38748931884766
210.79550170898438	81.10611724853516	13.095113754272461	72.52680206298828
223.3743133544922	87.71419525146484	12.929362297058105	71.6087875366211
220.9876708984375	84.158203125	14.65316390991211	77.53486633300781
240.8437042236328	81.04545593261719	14.677281379699707	77.6624755859375
267.7800598144531	70.68672943115234	14.782788276672363	78.22074890136719
271.36029052734375	73.57740783691406	14.604148864746094	77.27550506591797
272.85870361328125	71.35274505615234	14.318618774414062	75.76466369628906
273.79278564453125	73.17420959472656	14.298357963562012	75.65745544433594
272.7301025390625	72.63236236572266	14.456827163696289	76.49596405029297
270.371337890625	72.74153900146484	14.592435836791992	77.21351623535156
265.0092468261719	73.37665557861328	14.72538948059082	77.9170150756836
254.204345703125	65.38288116455078	14.812446594238281	78.3776626586914
245.0	75.0	12.0	70.0
231.75521850585938	81.90119171142578	11.862482070922852	69.19781494140625
224.79574584960938	83.73323059082031	11.696441650390625	68.229248046875
224.3686981201172	85.36640930175781	11.816021919250488	68.92679595947266
224.95639038085938	83.84110260009766	11.769815444946289	68.65726470947266
229.19290161132812	82.60462951660156	11.981019020080566	69.8892822265625
237.89688110351562	85.35841369628906	11.89031982421875	69.36019897460938
250.925048828125	79.0654525756836	11.85173225402832	69.1351089477539
267.19390869140625	71.99640655517578	11.774028778076172	68.68183898925781
278.70257568359375	76.83750915527344	11.69861888885498	68.24195098876953
289.0053405761719	83.33030700683594	11.577006340026855	67.53254699707031
288.323486328125	82.46981811523438	11.73194408416748	68.43635559082031
279.6856384277344	72.71174621582031	11.834362030029297	69.03379821777344
277.3948669433594	72.25804901123047	11.934041976928711	69.61527252197266
272.6067810058594	74.57402038574219	12.005136489868164	70.02999114990234
265.2845458984375	75.40953063964844	12.085994720458984	70.50166320800781
261.146484375	73.98683166503906	12.06058120727539	70.3534164428711
256.15924072265625	71.65426635742188	12.194368362426758	71.13383483886719
