100.0	180.0	11.0	8.0
111.0	176.0	11.0	9.0
92.0	181.0	8.0	8.0
88.96416473388672	179.06723022460938	10.0	10.0
87.08717346191406	173.7369384765625	10.036864280700684	10.036864280700684
85.70448303222656	171.27047729492188	10.229408264160156	10.229408264160156
84.49673461914062	165.09426879882812	10.161608695983887	10.161608695983887
84.6130599975586	165.21499633789062	10.125678062438965	10.125678062438965
83.89299011230469	167.62838745117188	10.167706489562988	10.167706489562988
85.749267578125	167.7531280517578	10.07649040222168	10.07649040222168
93.0	173.0	6.0	7.0
91.0	172.0	7.0	7.0
87.0	170.0	6.0	7.0
90.16178131103516	173.15428161621094	7.084600448608398	8.840788841247559
73.0	162.0	9.0	8.0
74.36270904541016	164.40762329101562	10.0	10.0
68.97471618652344	164.01171875	10.166629791259766	10.166629791259766
63.79396438598633	163.3186492919922	10.253866195678711	10.253866195678711
61.67217254638672	163.43052673339844	10.189332962036133	10.189332962036133
58.2213249206543	162.25390625	10.181375503540039	10.181375503540039
58.081703186035156	161.193359375	10.147429466247559	10.147429466247559
57.87506103515625	161.66055297851562	10.074239730834961	10.074239730834961
57.00707244873047	163.63064575195312	10.171529769897461	10.171529769897461
56.55057907104492	163.6949462890625	10.131784439086914	10.131784439086914
55.47833251953125	161.37234497070312	10.084567070007324	10.084567070007324
53.240325927734375	156.3878936767578	10.033136367797852	10.033136367797852
53.8636360168457	151.1836700439453	10.01513957977295	10.01513957977295
51.82452392578125	146.51092529296875	10.03471565246582	10.03471565246582
54.938331604003906	158.5561065673828	10.075926780700684	10.075926780700684
51.985801696777344	162.37393188476562	10.041467666625977	10.041467666625977
47.52442169189453	163.58706665039062	10.069275856018066	10.069275856018066
50.71648406982422	163.96047973632812	10.226652145385742	10.226652145385742
56.95429229736328	164.4037628173828	10.313767433166504	10.313767433166504
51.90208053588867	167.49717712402344	10.259817123413086	10.259817123413086
44.27728271484375	165.88729858398438	10.208532333374023	10.208532333374023
39.3864631652832	167.0122528076172	10.080583572387695	10.080583572387695
49.69837188720703	166.5463409423828	10.227787971496582	10.227787971496582
48.94734573364258	168.16766357421875	10.36662483215332	10.36662483215332
49.308387756347656	169.9042510986328	10.343093872070312	10.343093872070312
52.51298141479492	170.48507690429688	10.231188774108887	10.231188774108887
55.29363250732422	170.36549377441406	10.205607414245605	10.205607414245605
57.49480056762695	171.38430786132812	10.07144546508789	10.07144546508789
57.84466552734375	175.20266723632812	10.072615623474121	10.072615623474121
53.932395935058594	188.1698455810547	10.171422958374023	10.171422958374023
50.9568977355957	188.06373596191406	10.195161819458008	10.195161819458008
50.06607437133789	189.04544067382812	10.22453498840332	10.22453498840332
49.434486389160156	189.2274627685547	10.328678131103516	10.328678131103516
50.810340881347656	189.66015625	10.316690444946289	10.316690444946289
50.65111541748047	189.8632354736328	10.160506248474121	10.160506248474121
51.21238327026367	190.0885467529297	10.093938827514648	10.093938827514648
50.64078140258789	190.29141235351562	10.167315483093262	10.167315483093262
50.446266174316406	190.6432647705078	10.156902313232422	10.156902313232422
50.5633659362793	190.90875244140625	10.054821968078613	10.054821968078613
52.3323860168457	191.16769409179688	10.005105972290039	10.005105972290039
52.1822395324707	191.09603881835938	10.124994277954102	10.124994277954102
52.15825271606445	191.6883087158203	10.21684455871582	10.21684455871582
51.21834182739258	191.6767578125	10.202022552490234	10.202022552490234
51.4058952331543	192.0393829345703	10.140739440917969	10.140739440917969
52.43751907348633	192.26150512695312	10.153410911560059	10.153410911560059
52.726173400878906	192.73516845703125	10.098469734191895	10.098469734191895
52.372955322265625	192.5968780517578	10.050548553466797	10.050548553466797
50.997711181640625	193.1732940673828	10.097826957702637	10.097826957702637
53.09978485107422	193.23428344726562	10.156529426574707	10.156529426574707
53.077186584472656	193.7805938720703	10.216653823852539	10.216653823852539
53.833229064941406	193.82528686523438	10.239950180053711	10.239950180053711
53.29753494262695	193.81307983398438	10.247355461120605	10.247355461120605
53.25074005126953	193.859619140625	10.433741569519043	10.433741569519043
54.44289016723633	194.2698974609375	10.305754661560059	10.305754661560059
53.4632453918457	194.5890350341797	10.448166847229004	10.448166847229004
54.11212158203125	194.5308074951172	10.636884689331055	10.636884689331055
53.9296760559082	194.35842895507812	10.639965057373047	10.639965057373047
55.40494918823242	194.3299102783203	10.752467155456543	10.752467155456543
57.632850646972656	194.72598266601562	10.577224731445312	10.577224731445312
54.181663513183594	193.92955017089844	10.464832305908203	10.464832305908203
323.0	209.0	7.0	6.0
257.520751953125	179.12368774414062	15.139518737792969	8.821934700012207
254.14370727539062	191.23126220703125	6.71247673034668	8.050568580627441
327.0	208.0	5.0	6.0
319.5804138183594	190.9143524169922	1.8849716186523438	4.244572639465332
334.18804931640625	196.1659698486328	-10.69636344909668	3.006749391555786
329.0	200.0	5.0	6.0
335.36029052734375	199.45420837402344	2.4021835327148438	9.796483039855957
329.0	193.0	6.0	6.0
335.4928894042969	195.64913940429688	3.1269798278808594	9.138306617736816
329.0	186.0	6.0	7.0
334.4482421875	190.1351776123047	3.8599681854248047	9.038067817687988
328.0	184.0	6.0	7.0
332.7138977050781	188.0425567626953	4.821878433227539	8.833550453186035
328.0	182.0	6.0	6.0
332.2126770019531	185.85983276367188	5.337564468383789	7.9182939529418945
333.6600646972656	185.52169799804688	7.34528923034668	9.169495582580566
330.0	182.0	6.0	7.0
333.5050964355469	184.98007202148438	6.273719787597656	8.535168647766113
327.7455139160156	183.1439666748047	10.0	10.0
328.7698974609375	184.07077026367188	10.151636123657227	10.151636123657227
333.0	187.0	7.0	7.0
334.9848327636719	187.1537628173828	7.767404556274414	8.84444522857666
332.3865966796875	186.8382110595703	10.0	10.0
332.64849853515625	187.4795379638672	10.123088836669922	10.123088836669922
333.9617004394531	187.9022216796875	10.30032730102539	10.30032730102539
335.0091247558594	188.74636840820312	10.240681648254395	10.240681648254395
335.7228698730469	189.47267150878906	10.073822975158691	10.073822975158691
337.5682067871094	189.8015899658203	10.011441230773926	10.011441230773926
338.2745666503906	190.85511779785156	10.108415603637695	10.108415603637695
339.1839904785156	190.96749877929688	10.081978797912598	10.081978797912598
340.66845703125	191.52938842773438	10.030389785766602	10.030389785766602
341.84368896484375	192.126953125	10.193513870239258	10.193513870239258
343.0016784667969	192.59921264648438	10.272895812988281	10.272895812988281
343.84088134765625	192.97662353515625	10.19061279296875	10.19061279296875
344.66998291015625	193.46534729003906	10.387796401977539	10.387796401977539
345.8201599121094	193.64218139648438	10.448033332824707	10.448033332824707
346.9534606933594	193.73094177246094	10.557875633239746	10.557875633239746
348.14898681640625	193.5149383544922	10.662134170532227	10.662134170532227
348.77386474609375	193.99691772460938	10.71397590637207	10.71397590637207
349.6710205078125	193.822509765625	10.737106323242188	10.737106323242188
350.54412841796875	194.0459747314453	10.626973152160645	10.626973152160645
352.1300354003906	194.2544403076172	10.65063762664795	10.65063762664795
352.8097839355469	194.4227294921875	10.693800926208496	10.693800926208496
354.1709899902344	194.41943359375	10.775936126708984	10.775936126708984
354.80401611328125	194.58181762695312	10.866961479187012	10.866961479187012
355.39398193359375	194.68557739257812	10.879087448120117	10.879087448120117
356.1590881347656	194.78860473632812	10.867358207702637	10.867358207702637
357.3901672363281	194.84158325195312	10.994378089904785	10.994378089904785
358.43121337890625	194.90029907226562	11.118346214294434	11.118346214294434
359.3962707519531	195.26162719726562	11.264235496520996	11.264235496520996
360.2968444824219	195.3602752685547	11.131095886230469	11.131095886230469
361.22637939453125	195.85955810546875	10.964178085327148	10.964178085327148
362.15142822265625	195.71615600585938	10.928873062133789	10.928873062133789
363.2784118652344	195.66256713867188	10.759580612182617	10.759580612182617
364.0328063964844	195.6435546875	10.735393524169922	10.735393524169922
365.2554626464844	196.26995849609375	10.703567504882812	10.703567504882812
367.0260009765625	197.21453857421875	10.593576431274414	10.593576431274414
366.6905517578125	197.44680786132812	10.645261764526367	10.645261764526367
366.548095703125	196.9270477294922	10.581095695495605	10.581095695495605
368.6233215332031	196.44198608398438	10.812634468078613	10.812634468078613
367.56854248046875	196.81295776367188	10.79481315612793	10.79481315612793
365.68115234375	196.25408935546875	10.698914527893066	10.698914527893066
365.60577392578125	195.53662109375	10.669687271118164	10.669687271118164
365.8966369628906	195.48648071289062	10.641334533691406	10.641334533691406
366.65966796875	195.644287109375	10.603452682495117	10.603452682495117
366.036376953125	195.5207061767578	10.429040908813477	10.429040908813477
366.60833740234375	195.66000366210938	10.36119270324707	10.36119270324707
367.968017578125	195.50424194335938	10.406325340270996	10.406325340270996
365.5049743652344	196.031005859375	10.345359802246094	10.345359802246094
365.84722900390625	195.59011840820312	10.279668807983398	10.279668807983398
366.4420471191406	195.27772521972656	10.190568923950195	10.190568923950195
366.2314453125	195.7510528564453	10.155158996582031	10.155158996582031
366.31280517578125	195.5370635986328	10.207610130310059	10.207610130310059
366.29193115234375	195.4482421875	10.232309341430664	10.232309341430664
366.5759582519531	195.7629852294922	10.160058975219727	10.160058975219727
366.1438293457031	195.5009307861328	10.248941421508789	10.248941421508789
366.00213623046875	195.76309204101562	10.183390617370605	10.183390617370605
365.70379638671875	195.4610595703125	10.260660171508789	10.260660171508789
365.8080749511719	195.187255859375	10.275632858276367	10.275632858276367
365.7219543457031	195.40963745117188	10.2955322265625	10.2955322265625
365.7458801269531	195.54714965820312	10.268961906433105	10.268961906433105
365.89630126953125	195.3985595703125	10.266851425170898	10.266851425170898
366.07061767578125	195.44725036621094	10.375673294067383	10.375673294067383
365.50616455078125	195.22328186035156	10.622441291809082	10.622441291809082
366.21856689453125	194.9773406982422	10.77745532989502	10.77745532989502
365.96697998046875	194.9635467529297	10.776998519897461	10.776998519897461
365.8194274902344	194.96896362304688	10.765348434448242	10.765348434448242
365.98309326171875	195.04446411132812	10.877321243286133	10.877321243286133
365.9202575683594	194.81138610839844	10.870046615600586	10.870046615600586
365.9835510253906	194.59481811523438	10.784997940063477	10.784997940063477
366.08612060546875	194.8716583251953	10.779481887817383	10.779481887817383
366.3819274902344	194.71066284179688	10.764490127563477	10.764490127563477
366.2032165527344	195.20095825195312	10.678739547729492	10.678739547729492
366.34527587890625	194.99954223632812	10.46043586730957	10.46043586730957
366.5001525878906	195.05966186523438	10.321466445922852	10.321466445922852
366.3825988769531	195.14291381835938	10.441737174987793	10.441737174987793
366.28277587890625	195.01541137695312	10.43153190612793	10.43153190612793
366.4657287597656	194.8479461669922	10.453397750854492	10.453397750854492
365.5963134765625	195.53231811523438	10.573722839355469	10.573722839355469
365.74835205078125	194.91464233398438	10.593758583068848	10.593758583068848
365.16729736328125	195.16311645507812	10.717670440673828	10.717670440673828
364.85723876953125	195.33978271484375	10.493379592895508	10.493379592895508
364.57305908203125	195.32351684570312	10.652568817138672	10.652568817138672
364.6191101074219	195.2493896484375	10.606964111328125	10.606964111328125
363.94598388671875	195.13607788085938	10.580545425415039	10.580545425415039
363.4006042480469	195.08518981933594	10.690427780151367	10.690427780151367
363.24066162109375	195.16555786132812	10.698321342468262	10.698321342468262
363.11553955078125	194.7891082763672	10.641084671020508	10.641084671020508
362.54046630859375	194.545166015625	10.678706169128418	10.678706169128418
362.15545654296875	194.54200744628906	10.744840621948242	10.744840621948242
362.00958251953125	194.7117156982422	10.896774291992188	10.896774291992188
361.5558166503906	194.40884399414062	11.084041595458984	11.084041595458984
361.36712646484375	194.4984893798828	11.062755584716797	11.062755584716797
360.8688049316406	194.59027099609375	11.277002334594727	11.277002334594727
360.30950927734375	194.2012176513672	11.156639099121094	11.156639099121094
360.5714111328125	194.22940063476562	11.122950553894043	11.122950553894043
360.4390869140625	194.28236389160156	11.00815200805664	11.00815200805664
360.26568603515625	194.27084350585938	10.884478569030762	10.884478569030762
360.404052734375	193.6902618408203	10.867223739624023	10.867223739624023
360.4818115234375	193.89804077148438	10.919015884399414	10.919015884399414
360.14459228515625	193.38827514648438	10.944229125976562	10.944229125976562
358.6320495605469	192.72610473632812	11.098227500915527	11.098227500915527
357.2581481933594	192.21990966796875	10.854337692260742	10.854337692260742
355.5657043457031	191.5782470703125	10.658618927001953	10.658618927001953
354.28594970703125	190.6481475830078	10.598973274230957	10.598973274230957
352.2462463378906	190.0750274658203	10.73670482635498	10.73670482635498
350.371826171875	190.14027404785156	10.495847702026367	10.495847702026367
349.07525634765625	190.4981231689453	10.412910461425781	10.412910461425781
347.2754821777344	191.32652282714844	10.388449668884277	10.388449668884277
345.6927795410156	192.6848602294922	10.351293563842773	10.351293563842773
344.73150634765625	192.03590393066406	10.499516487121582	10.499516487121582
344.3179931640625	191.51370239257812	10.460283279418945	10.460283279418945
343.3240966796875	191.66860961914062	10.357866287231445	10.357866287231445
343.05230712890625	191.77737426757812	10.432586669921875	10.432586669921875
342.412109375	192.20932006835938	10.455333709716797	10.455333709716797
341.3482666015625	192.42527770996094	10.465523719787598	10.465523719787598
340.40789794921875	191.9185028076172	10.393623352050781	10.393623352050781
340.0091247558594	191.7777099609375	10.442126274108887	10.442126274108887
338.88623046875	192.15237426757812	10.50978946685791	10.50978946685791
337.9914245605469	191.65377807617188	10.565677642822266	10.565677642822266
336.73028564453125	191.8629150390625	10.768511772155762	10.768511772155762
336.21343994140625	192.08554077148438	10.685983657836914	10.685983657836914
335.5565490722656	192.03895568847656	10.75500202178955	10.75500202178955
335.0758361816406	191.48191833496094	10.830866813659668	10.830866813659668
334.2359924316406	191.70462036132812	10.7800874710083	10.7800874710083
333.7995300292969	191.68038940429688	10.790576934814453	10.790576934814453
333.27642822265625	191.34815979003906	10.655609130859375	10.655609130859375
332.85693359375	191.52955627441406	10.750147819519043	10.750147819519043
332.0332946777344	191.52549743652344	10.87360954284668	10.87360954284668
330.9828796386719	191.31251525878906	11.020997047424316	11.020997047424316
330.7641296386719	191.38104248046875	11.078315734863281	11.078315734863281
329.7893981933594	191.16957092285156	11.028032302856445	11.028032302856445
329.31976318359375	191.33676147460938	10.93529224395752	10.93529224395752
328.49627685546875	191.56155395507812	10.983792304992676	10.983792304992676
328.03057861328125	191.1630401611328	11.017599105834961	11.017599105834961
326.72283935546875	191.27944946289062	11.184417724609375	11.184417724609375
326.01275634765625	191.07449340820312	11.404966354370117	11.404966354370117
325.6726989746094	191.26109313964844	11.16259765625	11.16259765625
324.1639709472656	191.34915161132812	11.180523872375488	11.180523872375488
323.5675964355469	191.58192443847656	11.346251487731934	11.346251487731934
322.86199951171875	191.84413146972656	11.38487720489502	11.38487720489502
322.0903625488281	191.88644409179688	11.460055351257324	11.460055351257324
321.31793212890625	191.69125366210938	11.361762046813965	11.361762046813965
320.55535888671875	191.8477020263672	11.206944465637207	11.206944465637207
319.7894592285156	191.55831909179688	11.331127166748047	11.331127166748047
319.0697326660156	191.5787353515625	11.405702590942383	11.405702590942383
318.1339416503906	191.24734497070312	11.360743522644043	11.360743522644043
317.6127014160156	191.2714385986328	11.539414405822754	11.539414405822754
317.2010803222656	191.20281982421875	11.681455612182617	11.681455612182617
316.51788330078125	190.81045532226562	11.778730392456055	11.778730392456055
315.6104431152344	191.2142791748047	11.884355545043945	11.884355545043945
315.4845275878906	190.76376342773438	11.648333549499512	11.648333549499512
315.1813659667969	190.7969512939453	11.645246505737305	11.645246505737305
314.0124816894531	190.7537384033203	11.736824035644531	11.736824035644531
313.95062255859375	190.780029296875	11.837686538696289	11.837686538696289
313.44189453125	190.4292449951172	11.918218612670898	11.918218612670898
313.33599853515625	190.88388061523438	11.668319702148438	11.668319702148438
312.62164306640625	191.02243041992188	11.776374816894531	11.776374816894531
312.1571960449219	190.65963745117188	11.853525161743164	11.853525161743164
311.9837951660156	190.77432250976562	11.744464874267578	11.744464874267578
311.27276611328125	190.23141479492188	11.592252731323242	11.592252731323242
311.09417724609375	190.49526977539062	11.507440567016602	11.507440567016602
309.3258361816406	190.1920623779297	11.437994003295898	11.437994003295898
308.04388427734375	190.2174072265625	11.148028373718262	11.148028373718262
306.67327880859375	190.24642944335938	11.191192626953125	11.191192626953125
305.57379150390625	190.25465393066406	11.238456726074219	11.238456726074219
304.58966064453125	190.3556671142578	11.135525703430176	11.135525703430176
303.8514404296875	190.09327697753906	11.221978187561035	11.221978187561035
303.05126953125	190.16146850585938	11.260808944702148	11.260808944702148
306.0	192.0	7.0	7.0
305.0	192.0	7.0	7.0
304.0	192.0	7.0	7.0
309.56243896484375	191.07310485839844	6.936460494995117	10.127251625061035
303.0	192.0	6.0	7.0
309.90936279296875	192.3509521484375	5.879726409912109	10.212803840637207
302.0	192.0	6.0	7.0
309.37921142578125	192.82827758789062	5.401697158813477	10.179169654846191
301.0	192.0	6.0	7.0
308.5472717285156	192.9193572998047	5.199047088623047	10.158318519592285
300.0	192.0	6.0	6.0
307.6312561035156	192.83033752441406	4.927330017089844	9.371071815490723
298.0	192.0	6.0	7.0
305.51678466796875	192.74417114257812	5.007390975952148	10.155613899230957
297.0	191.0	6.0	7.0
304.3033142089844	191.902587890625	4.904773712158203	9.988301277160645
296.0	191.0	6.0	6.0
303.15301513671875	191.56683349609375	4.755331039428711	9.188382148742676
301.16204833984375	193.69564819335938	10.0	10.0
306.9581298828125	193.22314453125	8.50857925415039	12.568619728088379
311.5970458984375	191.87554931640625	8.446989059448242	14.433636665344238
315.17034912109375	191.6118927001953	8.905475616455078	16.142183303833008
317.0002746582031	191.59030151367188	10.040817260742188	18.01418113708496
317.8813171386719	192.0048828125	11.276811599731445	19.940080642700195
318.6009826660156	192.64553833007812	12.541324615478516	21.737289428710938
319.3955383300781	193.39096069335938	13.792964935302734	23.393815994262695
320.3179626464844	194.21849060058594	15.028757095336914	24.964021682739258
321.3365783691406	195.09307861328125	16.28455924987793	26.50031089782715
322.4194030761719	196.00082397460938	17.59471321105957	28.0428524017334
323.5498046875	196.94598388671875	18.98793601989746	29.622989654541016
324.7147521972656	197.9337158203125	20.491043090820312	31.263395309448242
325.92327880859375	198.98541259765625	22.118289947509766	32.978240966796875
327.2140808105469	200.13577270507812	23.883237838745117	34.77406692504883
328.6611633300781	201.45004272460938	25.74431800842285	36.635536193847656
330.3504943847656	202.97854614257812	27.645824432373047	38.516090393066406
332.3159484863281	204.7193603515625	29.471345901489258	40.306053161621094
334.4922790527344	206.58563232421875	31.05919075012207	41.83271408081055
336.7657775878906	208.46560668945312	32.23661422729492	42.92140197753906
339.0701599121094	210.3026123046875	32.88873291015625	43.48045349121094
341.36358642578125	212.05982971191406	33.02069854736328	43.525062561035156
343.5865783691406	213.6968231201172	32.736053466796875	43.14738082885742
345.6991882324219	215.21279907226562	32.150489807128906	42.470848083496094
347.6989440917969	216.64027404785156	31.34986114501953	41.607505798339844
349.6060791015625	218.01504516601562	30.390979766845703	40.63669204711914
351.4367370605469	219.35418701171875	29.322834014892578	39.60781478881836
353.1851501464844	220.6526336669922	28.20075798034668	38.553558349609375
354.8236083984375	221.89129638671875	27.08629035949707	37.50114059448242
356.3161315917969	223.04833984375	26.037521362304688	36.47693634033203
357.6339416503906	224.107177734375	25.098983764648438	35.505470275878906
358.7648620605469	225.05992126464844	24.296552658081055	34.60629653930664
359.7142028808594	225.90713500976562	23.638059616088867	33.79154586791992
360.5000305175781	226.6563262939453	23.117475509643555	33.06529235839844
361.1466979980469	227.31939697265625	22.720144271850586	32.424739837646484
361.6797790527344	227.91046142578125	22.427499771118164	31.862255096435547
362.1227111816406	228.44378662109375	22.22065544128418	31.36749839782715
362.4955139160156	228.93235778808594	22.08232307434082	30.92923927307129
362.8145446777344	229.38729858398438	21.99778175354004	30.53666114807129
363.09271240234375	229.817626953125	21.954957962036133	30.180089950561523
363.3399658203125	230.2303466796875	21.944215774536133	29.851318359375
363.5638122558594	230.63050842285156	21.95798683166504	29.543806076049805
363.7696228027344	231.0214080810547	21.990278244018555	29.25263214111328
363.9613037109375	231.40469360351562	22.036325454711914	28.974416732788086
364.1412658691406	231.78028869628906	22.092195510864258	28.707294464111328
364.3108215332031	232.1466827392578	22.154569625854492	28.450719833374023
364.4703369140625	232.50099182128906	22.220500946044922	28.20533561706543
364.6196594238281	232.83941650390625	22.287376403808594	27.972681045532227
364.7580871582031	233.15753173828125	22.352895736694336	27.754831314086914
364.8848571777344	233.45101928710938	22.41505241394043	27.554040908813477
364.99920654296875	233.71621704101562	22.472299575805664	27.37229347229004
365.1006774902344	233.95071411132812	22.523534774780273	27.2109432220459
365.1891174316406	234.153564453125	22.56818199157715	27.070512771606445
365.2648620605469	234.3253631591797	22.606128692626953	26.95063018798828
365.3286437988281	234.46804809570312	22.63762664794922	26.85017967224121
365.3814392089844	234.58438110351562	22.66326141357422	26.76740837097168
365.42449951171875	234.677734375	22.683732986450195	26.700246810913086
365.4590759277344	234.7516326904297	22.69980812072754	26.646474838256836
365.4865417480469	234.8094482421875	22.712247848510742	26.60394287109375
365.5080871582031	234.85421752929688	22.721784591674805	26.57062339782715
365.5248718261719	234.8886260986328	22.729007720947266	26.544748306274414
365.5378112792969	234.91485595703125	22.734437942504883	26.524822235107422
365.5477600097656	234.93475341796875	22.738483428955078	26.509553909301758
365.5552978515625	234.94976806640625	22.741479873657227	26.4979305267334
365.56103515625	234.96107482910156	22.74370002746582	26.489103317260742
365.56536865234375	234.96957397460938	22.745328903198242	26.482431411743164
365.5686340332031	234.97592163085938	22.746519088745117	26.47740364074707
365.5711364746094	234.9806671142578	22.747390747070312	26.4736385345459
365.5729675292969	234.98419189453125	22.748022079467773	26.47080421447754
365.5743408203125	234.98684692382812	22.748491287231445	26.468687057495117
365.57537841796875	234.98880004882812	22.748825073242188	26.467103958129883
365.5761413574219	234.9902801513672	22.749067306518555	26.465917587280273
365.5766906738281	234.99134826660156	22.749250411987305	26.465044021606445
365.5771789550781	234.99215698242188	22.749387741088867	26.464384078979492
365.5774841308594	234.9927520751953	22.749479293823242	26.463891983032227
365.5777282714844	234.99317932128906	22.749544143676758	26.463525772094727
365.5779113769531	234.9935302734375	22.74957847595215	26.463247299194336
365.5780334472656	234.99375915527344	22.74962043762207	26.463048934936523
365.5781555175781	234.9939422607422	22.7496395111084	26.462900161743164
365.5782165527344	234.99404907226562	22.74964714050293	26.46278953552246
365.5782775878906	234.99417114257812	22.74967384338379	26.462705612182617
365.5782775878906	234.99424743652344	22.74967384338379	26.46265411376953
365.5783386230469	234.99429321289062	22.74970054626465	26.462602615356445
365.578369140625	234.9943389892578	22.749704360961914	26.462570190429688
365.578369140625	234.99436950683594	22.749713897705078	26.46254539489746
365.5783996582031	234.994384765625	22.74971580505371	26.4625301361084
365.5783996582031	234.994384765625	22.74970817565918	26.462522506713867
365.0340881347656	226.70166015625	22.55091094970703	26.231281280517578
374.41778564453125	226.70724487304688	22.371501922607422	26.022592544555664
385.70965576171875	224.1162109375	22.09609603881836	25.702239990234375
390.2191467285156	224.52645874023438	21.929798126220703	25.508798599243164
396.9400939941406	225.8352813720703	21.988040924072266	25.57654571533203
417.35052490234375	222.85299682617188	22.054285049438477	25.653600692749023
409.9020690917969	219.28341674804688	19.55690574645996	24.66828727722168
408.30499267578125	221.57345581054688	16.821535110473633	26.41002082824707
402.250244140625	219.8673553466797	15.316841125488281	26.825281143188477
397.8923645019531	198.90989685058594	15.304041862487793	26.8028621673584
386.2119140625	196.61241149902344	15.375201225280762	26.927486419677734
392.38116455078125	199.513916015625	13.214994430541992	28.202043533325195
393.4708557128906	196.9873504638672	13.311973571777344	28.24639892578125
397.4222412109375	198.76019287109375	10.69951057434082	28.299510955810547
400.0027160644531	198.04544067382812	9.661752700805664	28.52210807800293
403.2767333984375	198.53033447265625	8.328210830688477	28.98061180114746
405.70013427734375	198.14796447753906	7.60746955871582	29.527395248413086
407.52508544921875	198.05856323242188	7.099466323852539	30.10108184814453
408.8865661621094	197.84690856933594	6.817922592163086	30.75678062438965
409.8037414550781	197.57034301757812	6.657341003417969	31.408510208129883
410.4524841308594	197.2415771484375	6.552793502807617	32.07093811035156
410.869140625	196.8125762939453	6.460430145263672	32.725059509277344
411.1300048828125	196.30194091796875	6.346721649169922	33.382957458496094
411.2599792480469	195.68023681640625	6.190362930297852	34.051883697509766
411.2884521484375	194.94223022460938	5.972291946411133	34.748085021972656
411.2342529296875	194.06814575195312	5.676063537597656	35.489627838134766
411.1161193847656	193.04107666015625	5.283380508422852	36.29712677001953
410.9562072753906	191.8414306640625	4.772850036621094	37.19252014160156
410.78515625	190.450439453125	4.117856979370117	38.197330474853516
410.6484069824219	188.85302734375	3.2856712341308594	39.32976531982422
410.6107482910156	187.0426025390625	2.2386646270751953	40.59881591796875
415.01434326171875	194.926025390625	10.0	40.456851959228516
410.3865661621094	190.6462860107422	8.07868766784668	39.51941680908203
411.5088806152344	191.2686767578125	6.3923492431640625	40.351524353027344
411.5169372558594	189.11407470703125	5.398900985717773	40.937355041503906
411.7311096191406	187.71755981445312	3.9819602966308594	41.82411193847656
411.9496154785156	185.74075317382812	2.56207275390625	42.879703521728516
412.36737060546875	183.73629760742188	0.8469638824462891	44.137290954589844
413.0310363769531	181.54478454589844	-1.061288833618164	45.46710968017578
413.9761962890625	179.28268432617188	-3.1894054412841797	46.70811080932617
415.2992858886719	177.07937622070312	-5.528238296508789	47.73439025878906
417.1080627441406	175.05343627929688	-8.067411422729492	48.47311782836914
419.60394287109375	173.40745544433594	-10.81403923034668	48.97883605957031
422.9287414550781	172.30459594726562	-13.746673583984375	49.36497497558594
427.076904296875	171.75350952148438	-16.82811164855957	49.69664764404297
431.4995422363281	171.6393585205078	-19.840898513793945	49.645355224609375
434.5180358886719	172.46994018554688	-22.122365951538086	48.03694152832031
408.8281555175781	187.47959899902344	10.0	47.68434524536133
420.9068298339844	193.42007446289062	10.093491554260254	48.066810607910156
439.7265625	196.2669677734375	10.118509292602539	48.09617614746094
428.7960510253906	188.69143676757812	7.268024444580078	46.127662658691406
427.80975341796875	195.36666870117188	10.0	46.379066467285156
430.04962158203125	196.06561279296875	10.024538040161133	46.21565628051758
439.536376953125	197.90089416503906	10.265357971191406	47.10454177856445
445.590087890625	195.9469757080078	10.302848815917969	47.276580810546875
458.890380859375	199.36074829101562	10.307223320007324	47.296653747558594
465.99041748046875	199.4893798828125	10.326852798461914	47.386722564697266
469.96209716796875	201.3677978515625	10.290847778320312	47.22150421142578
489.079345703125	203.0447998046875	10.224957466125488	46.8607177734375
501.60137939453125	213.7910919189453	10.155479431152344	46.52466583251953
497.6686096191406	206.0874481201172	10.058302879333496	45.79841232299805
507.0	114.0	5.0	10.0
500.94677734375	120.6522445678711	10.0	10.160414695739746
500.09503173828125	123.90962219238281	10.118934631347656	10.229042053222656
500.33087158203125	121.99507141113281	10.138128280639648	10.209739685058594
499.87091064453125	123.01893615722656	10.11135482788086	10.168649673461914
489.8902893066406	121.37779235839844	4.047746658325195	12.534062385559082
482.941650390625	119.36271667480469	10.0	12.517729759216309
122.0	184.0	8.0	6.0
240.81985473632812	157.7062225341797	-32.93284606933594	-9.67883586883545
236.71360778808594	149.72816467285156	-19.919618606567383	-2.5298755168914795
223.1352996826172	139.53451538085938	10.0	10.0
49.0	235.0	7.0	6.0
128.03089904785156	213.88986206054688	14.45384407043457	4.1028337478637695
103.19100189208984	189.57086181640625	26.044546127319336	22.848834991455078
92.65425872802734	196.09100341796875	16.077430725097656	18.783987045288086
91.32841491699219	202.6615447998047	16.167709350585938	18.88946533203125
90.91497039794922	200.99769592285156	14.181344985961914	19.86459732055664
93.17437744140625	201.8177947998047	14.331316947937012	20.07467269897461
86.26227569580078	201.1079559326172	10.952078819274902	20.13344955444336
88.16796875	199.1098175048828	11.00485610961914	20.23046875
92.42350769042969	200.0288543701172	10.994709014892578	20.211816787719727
81.32742309570312	198.9251708984375	7.623185157775879	20.404512405395508
84.1170883178711	189.3560791015625	10.0	20.242347717285156
88.41323852539062	172.0817413330078	10.03459644317627	20.028308868408203
97.88551330566406	172.45736694335938	10.077839851379395	19.882793426513672
98.8184814453125	173.10989379882812	10.013725280761719	19.52696990966797
104.31976318359375	172.42245483398438	10.041119575500488	19.42267417907715
103.95123291015625	172.0645294189453	10.021880149841309	19.335037231445312
104.29719543457031	171.75169372558594	10.101288795471191	19.3070068359375
107.50505065917969	173.18038940429688	10.161669731140137	19.320377349853516
113.2799072265625	173.2703094482422	10.183077812194824	19.254703521728516
112.29398345947266	172.50962829589844	9.512139320373535	20.437339782714844
110.4878921508789	172.8295440673828	8.497164726257324	21.37190818786621
107.41556549072266	172.64891052246094	7.574000358581543	22.388999938964844
103.47259521484375	172.75518798828125	6.507164001464844	23.212373733520508
98.677490234375	172.93780517578125	5.673492431640625	23.861923217773438
93.6384506225586	173.27499389648438	5.333181381225586	24.2718563079834
89.04629516601562	173.712646484375	5.466768264770508	24.44755744934082
85.3202133178711	174.2616729736328	5.83656120300293	24.464557647705078
82.38655090332031	174.7529754638672	6.251455307006836	24.403799057006836
79.59245300292969	174.84121704101562	6.498783111572266	24.3228759765625
76.06340789794922	174.57705688476562	6.379184722900391	24.089262008666992
72.38939666748047	174.3017578125	6.103471755981445	23.92024040222168
68.25836944580078	173.81378173828125	5.603797912597656	23.973798751831055
63.13068389892578	172.94561767578125	4.4737091064453125	24.409452438354492
57.32129669189453	171.669189453125	3.006063461303711	25.302404403686523
53.46993637084961	170.69244384765625	3.18817138671875	26.007001876831055
50.71517562866211	169.83541870117188	3.613677978515625	26.42438507080078
48.990028381347656	168.85665893554688	4.018392562866211	26.656747817993164
47.817222595214844	167.8087158203125	4.406362533569336	26.917268753051758
46.89628219604492	166.77426147460938	4.74522590637207	27.140779495239258
46.07160949707031	165.7589111328125	5.110052108764648	27.412099838256836
45.27480697631836	164.78219604492188	5.49852180480957	27.725444793701172
44.479793548583984	163.83706665039062	5.916072845458984	28.084213256835938
43.67280960083008	162.91683959960938	6.3645477294921875	28.489227294921875
42.84243392944336	162.01132202148438	6.847150802612305	28.942108154296875
41.97929000854492	161.11117553710938	7.363241195678711	29.43935775756836
41.07487869262695	160.20578002929688	7.911064147949219	29.976404190063477
40.125667572021484	159.2867431640625	8.480314254760742	30.53801155090332
39.11833953857422	158.33335876464844	9.085895538330078	31.139196395874023
38.001731872558594	157.30335998535156	9.794876098632812	31.860095977783203
36.73765182495117	156.172607421875	10.607091903686523	32.700191497802734
35.2635612487793	154.87454223632812	11.566637992858887	33.71393585205078
33.4827766418457	153.31398010253906	12.746927261352539	34.986934661865234
31.26372528076172	151.36410522460938	14.254676818847656	36.634033203125
29.321582794189453	149.3025360107422	15.736123085021973	38.17385482788086
29.317428588867188	147.64688110351562	16.41333770751953	38.71761703491211
28.68294906616211	145.44679260253906	17.250442504882812	40.07238006591797
27.91550064086914	143.57920837402344	17.748241424560547	40.92747497558594
26.88186264038086	141.51019287109375	18.506057739257812	42.11024475097656
25.80298614501953	139.63279724121094	19.086320877075195	43.044219970703125
24.66681671142578	137.7551727294922	19.681915283203125	44.00201416015625
23.438899993896484	136.07177734375	20.095495223999023	44.7201042175293
22.124622344970703	134.4524688720703	20.498226165771484	45.363739013671875
20.784481048583984	132.96759033203125	20.74587631225586	45.8104248046875
19.55617904663086	131.53897094726562	20.871112823486328	46.1331787109375
341.0	198.0	5.0	5.0
241.22592163085938	155.39654541015625	30.984296798706055	25.81742286682129
242.56423950195312	179.750244140625	27.335886001586914	23.263458251953125
238.99957275390625	175.57276916503906	29.688825607299805	24.2291259765625
239.8029022216797	177.55699157714844	29.22643280029297	24.60793113708496
239.5215606689453	177.09625244140625	29.6412410736084	25.247343063354492
229.9860382080078	182.39341735839844	29.735881805419922	25.327957153320312
226.73184204101562	183.06398010253906	30.084341049194336	25.6247615814209
225.96070861816406	183.44622802734375	29.925046920776367	26.06583595275879
229.7554168701172	179.0244903564453	29.304092407226562	25.52496337890625
228.8012237548828	182.7887725830078	29.49053955078125	25.687362670898438
225.75296020507812	181.91844177246094	29.184707641601562	25.42097282409668
228.28280639648438	183.01425170898438	28.859577178955078	25.137771606445312
235.7179412841797	181.3499755859375	29.321029663085938	25.539714813232422
236.7314910888672	180.4432373046875	28.555734634399414	26.56027603149414
237.81845092773438	180.6024627685547	28.4111385345459	26.968826293945312
238.2298583984375	181.182861328125	27.898107528686523	26.48183822631836
238.6585693359375	181.21957397460938	27.57106590270996	26.96880531311035
247.2377471923828	172.8566131591797	27.0943546295166	26.502506256103516
237.0730438232422	180.16114807128906	26.90645408630371	26.318710327148438
246.6378936767578	166.05027770996094	27.257583618164062	26.66217041015625
250.44479370117188	172.9989776611328	27.038623809814453	26.447994232177734
257.74432373046875	176.85794067382812	26.665603637695312	26.0831241607666
258.375732421875	175.6731414794922	26.909963607788086	26.76350212097168
264.09759521484375	171.815673828125	27.241104125976562	27.09284019470215
265.256591796875	172.28482055664062	27.29226303100586	27.143722534179688
265.03472900390625	172.09512329101562	27.345123291015625	27.1962947845459
0.0	119.0	23.0	22.0
0.0	117.0	22.0	22.0
0.0	119.0	22.0	22.0
-0.3304712176322937	116.46620178222656	22.483062744140625	22.483062744140625
-0.13942451775074005	109.4082260131836	22.574554443359375	22.574554443359375
-0.6090116500854492	107.05607604980469	22.768901824951172	22.768901824951172
289.0	34.0	9.0	9.0
285.9806823730469	32.96828079223633	10.0	10.0
265.9200439453125	30.142467498779297	16.859210968017578	20.414243698120117
0.0	115.0	19.0	24.0
0.8329569101333618	114.59474182128906	19.085010528564453	24.107379913330078
0.8382822275161743	117.72541809082031	18.9493408203125	23.93600845336914
0.6172370910644531	116.65765380859375	18.859148025512695	23.822078704833984
1.8911008834838867	118.99603271484375	30.226526260375977	35.316436767578125
1.6678301095962524	113.23583984375	30.22637939453125	35.31626510620117
1.9045686721801758	111.3550796508789	30.275787353515625	35.373992919921875
2.2721147537231445	110.57364654541016	28.34626579284668	38.05276870727539
0.8736856579780579	107.9017562866211	28.269241333007812	37.949371337890625
1.6593983173370361	101.0776596069336	28.074777603149414	37.688316345214844
1.5966005325317383	105.1481704711914	24.962488174438477	37.75090789794922
0.03257865831255913	99.07337188720703	24.821399688720703	37.53754425048828
-0.40738964080810547	103.57096099853516	21.7534236907959	37.393211364746094
0.8138816952705383	103.47526550292969	21.751359939575195	37.38966751098633
1.4968526363372803	97.97010803222656	21.74887466430664	37.38539123535156
1.1788523197174072	100.47089385986328	21.21927261352539	36.47502899169922
1.8787673711776733	96.16856384277344	21.4898681640625	36.94016647338867
1.289323091506958	95.85990905761719	21.280546188354492	36.580345153808594
1.1196962594985962	97.52945709228516	21.189550399780273	36.423927307128906
0.624092698097229	96.6078109741211	21.38644790649414	36.762386322021484
0.04675769805908203	99.98042297363281	16.792903900146484	35.343894958496094
1.1007449626922607	98.5956802368164	16.914960861206055	35.600791931152344
1.3082908391952515	98.78070068359375	16.728179931640625	35.20767593383789
1.2958053350448608	97.43891906738281	16.867919921875	35.50178909301758
0.06943607330322266	100.99219512939453	11.66726016998291	34.129417419433594
0.754731297492981	98.18891906738281	11.495604515075684	33.62728500366211
0.07955265045166016	102.28240966796875	6.806005477905273	32.238712310791016
2.260784149169922	95.79705810546875	10.0	31.8879451751709
0.4648676812648773	96.08676147460938	10.108114242553711	32.13291549682617
7.752755165100098	89.45487213134766	10.103535652160645	31.83469581604004
6.761918544769287	90.51880645751953	10.057910919189453	31.53360939025879
4.796714782714844	86.7056884765625	10.226397514343262	32.061851501464844
