263.0	40.0	150.0	198.0
262.0	41.0	151.0	198.0
261.0	42.0	152.0	196.0
260.0	41.0	151.0	196.0
260.0	44.0	152.0	191.0
258.0	44.0	155.0	192.0
256.0	43.0	157.0	193.0
255.0	43.0	159.0	190.0
253.0	43.0	160.0	190.0
252.0	42.0	158.0	193.0
249.0	43.0	156.0	193.0
247.0	46.0	150.0	149.0
245.0	47.0	145.0	145.0
245.0	48.0	141.0	141.0
243.0	49.0	138.0	138.0
241.0	50.0	137.0	136.0
240.0	50.0	147.0	134.0
242.0	50.0	146.0	134.0
240.0	48.0	148.0	133.0
236.0	50.0	151.0	131.0
236.0	47.0	152.0	131.0
231.0	49.0	158.0	128.0
234.0	48.0	156.0	129.0
234.0	44.0	157.0	133.0
233.0	42.0	163.0	134.0
235.0	41.0	163.0	134.0
239.0	38.0	165.0	136.0
241.0	37.0	168.0	137.0
243.0	39.0	170.0	136.0
246.0	37.0	170.0	138.0
248.0	38.0	170.0	138.0
247.0	39.0	172.0	138.0
250.0	38.0	171.0	139.0
256.0	34.0	166.0	144.0
260.0	36.0	162.0	141.0
260.0	36.0	163.0	141.0
257.0	38.0	169.0	138.0
262.0	38.0	165.0	137.0
263.0	39.0	166.0	136.0
264.0	41.0	166.0	134.0
266.0	42.0	166.0	134.0
268.0	44.0	165.0	133.0
271.0	45.0	165.0	134.0
273.0	44.0	165.0	136.0
275.0	46.0	164.0	135.0
277.0	51.0	165.0	132.0
277.0	51.0	166.0	132.0
277.0	52.0	165.0	133.0
279.0	51.0	164.0	135.0
280.0	52.0	161.0	134.0
279.0	53.0	162.0	132.0
278.0	54.0	162.0	130.0
280.0	56.0	159.0	127.0
280.0	56.0	158.0	127.0
282.0	56.0	156.0	126.0
282.0	57.0	154.0	124.0
283.0	56.0	154.0	124.0
281.0	55.0	154.0	125.0
280.0	54.0	156.0	125.0
279.0	55.0	156.0	124.0
278.0	53.0	157.0	124.0
277.0	53.0	156.0	123.0
274.0	54.0	157.0	122.0
271.0	55.0	155.0	121.0
272.0	56.0	150.0	118.0
268.0	55.0	148.0	119.0
265.0	56.0	148.0	118.0
265.0	56.0	143.0	118.0
263.0	57.0	141.0	116.0
264.0	57.0	134.0	116.0
262.0	57.0	133.0	116.0
261.0	58.0	131.0	116.0
258.0	58.0	131.0	116.0
259.0	57.0	126.0	117.0
259.0	58.0	121.0	117.0
258.0	59.0	120.0	117.0
261.0	60.0	112.0	116.0
257.0	60.0	113.0	116.0
256.0	59.0	112.0	117.0
259.0	60.0	104.0	116.0
255.0	61.0	106.0	116.0
241.0	60.0	118.0	117.0
257.0	61.0	100.0	116.0
254.0	61.0	100.0	116.0
251.0	61.0	100.0	116.0
257.0	61.0	92.0	115.0
254.0	61.0	94.0	116.0
240.0	60.0	104.0	117.0
227.0	60.0	116.0	117.0
230.0	60.0	109.0	117.0
237.0	60.0	102.0	117.0
221.0	56.0	116.0	122.0
233.0	60.0	104.0	117.0
219.0	58.0	119.0	120.0
219.0	59.0	118.0	119.0
215.0	59.0	119.0	119.0
216.0	62.0	117.0	116.0
218.0	61.0	115.0	117.0
211.0	61.0	122.0	119.0
223.0	60.0	107.0	116.0
218.0	61.0	110.0	117.0
216.0	61.0	111.0	114.0
219.0	61.0	107.0	116.0
217.0	61.0	109.0	116.0
217.0	62.0	109.0	114.0
217.0	59.0	109.0	117.0
216.0	60.0	110.0	116.0
219.0	61.0	106.0	115.0
221.0	61.0	105.0	114.0
221.0	63.0	104.0	115.0
218.0	62.0	107.0	121.0
215.0	61.0	110.0	120.0
214.0	61.0	108.0	117.0
217.0	62.0	106.0	116.0
215.0	62.0	107.0	118.0
223.0	62.0	99.0	121.0
216.0	62.0	106.0	118.0
217.0	65.0	103.0	115.0
219.0	62.0	101.0	118.0
214.0	61.0	106.0	119.0
217.93603515625	60.0118522644043	104.45280456542969	117.2630615234375
211.0	59.0	110.0	120.0
212.85855102539062	58.37089920043945	109.25540924072266	119.1877212524414
210.9730987548828	60.05634689331055	111.57893371582031	121.72245788574219
218.0	65.0	95.0	115.0
220.5820770263672	65.8893051147461	94.4281005859375	114.30770111083984
219.77261352539062	64.95872497558594	96.22311401367188	116.4806137084961
225.0	66.0	82.0	121.0
219.0	62.0	88.0	125.0
219.0	60.0	89.0	129.0
220.0	56.0	92.0	134.0
220.0	53.0	90.0	138.0
218.0	54.0	92.0	140.0
215.0	51.0	95.0	143.0
215.0	48.0	97.0	151.0
216.0	47.0	94.0	159.0
213.0	56.0	98.0	140.0
214.519775390625	49.26658248901367	97.0582046508789	138.65457153320312
214.92300415039062	48.90778732299805	96.82069396972656	138.31527709960938
214.8707275390625	47.114158630371094	96.54728698730469	137.92469787597656
215.00772094726562	47.80534362792969	94.61128234863281	135.15896606445312
217.6160430908203	43.9152946472168	94.03108978271484	134.33013916015625
219.2471160888672	41.42430877685547	92.54009246826172	132.2001495361328
216.0128936767578	45.41730499267578	92.03706359863281	131.48153686523438
218.32144165039062	42.3209342956543	91.59779357910156	130.85400390625
220.653076171875	42.47700881958008	91.44285583496094	130.63267517089844
221.8268585205078	43.210975646972656	90.24759674072266	128.92515563964844
247.0	4.0	73.0	159.0
246.0	2.0	76.0	157.0
253.0	2.0	74.0	152.0
253.0	1.0	76.0	148.0
217.0	3.0	118.0	151.0
210.0	0.0	124.0	144.0
241.0	3.0	97.0	129.0
239.0	0.0	102.0	125.0
219.0	5.0	124.0	119.0
229.0	1.0	119.0	110.0
220.0	0.0	132.0	108.0
226.34207153320312	1.953068494796753	131.0054473876953	107.18626403808594
214.0	0.0	142.0	103.0
215.0	0.0	144.0	102.0
215.0	0.0	146.0	101.0
218.0	0.0	146.0	100.0
221.0	0.0	145.0	99.0
223.0	0.0	145.0	100.0
220.0	0.0	151.0	98.0
227.0	0.0	145.0	99.0
225.0	0.0	151.0	99.0
225.0	0.0	152.0	98.0
226.0	0.0	153.0	99.0
225.0	0.0	155.0	99.0
225.0	0.0	155.0	100.0
222.0	0.0	158.0	99.0
225.0	0.0	154.0	100.0
227.0	0.0	151.0	101.0
231.0	0.0	148.0	101.0
229.0	0.0	151.0	101.0
237.0	0.0	145.0	101.0
231.0	0.0	151.0	102.0
229.0	0.0	153.0	101.0
230.0	0.0	151.0	102.0
231.0	0.0	153.0	102.0
229.0	0.0	157.0	103.0
231.0	0.0	155.0	103.0
232.0	0.0	155.0	103.0
233.0	0.0	153.0	104.0
232.0	0.0	155.0	103.0
233.0	0.0	155.0	104.0
232.0	0.0	155.0	105.0
235.0	0.0	152.0	105.0
235.0	0.0	153.0	105.0
234.0	0.0	155.0	106.0
236.0	0.0	155.0	107.0
236.0	0.0	155.0	108.0
237.0	0.0	153.0	108.0
234.0	0.0	157.0	108.0
236.0	0.0	155.0	109.0
236.0	0.0	155.0	109.0
236.0	0.0	155.0	110.0
237.0	0.0	154.0	109.0
238.0	0.0	154.0	104.0
238.0	0.0	157.0	97.0
244.0	0.0	161.0	82.0
247.0	0.0	154.0	70.0
252.0	0.0	153.0	64.0
252.0	0.0	159.0	61.0
258.0	0.0	154.0	64.0
259.0	0.0	154.0	73.0
262.0	1.0	143.0	80.0
264.0	0.0	147.0	92.0
266.0	0.0	146.0	98.0
265.0	4.0	141.0	98.0
265.0	32.0	134.0	65.0
274.64190673828125	33.8540153503418	131.81732177734375	63.94123458862305
272.39300537109375	37.87418746948242	130.6907501220703	63.3947639465332
262.0	43.0	148.0	66.0
263.0	46.0	149.0	62.0
263.0	44.0	149.0	59.0
273.66717529296875	41.016845703125	150.5322265625	59.606719970703125
274.27093505859375	43.68553924560547	148.53518676757812	58.815940856933594
263.0	42.0	148.0	67.0
262.0	42.0	147.0	67.0
261.0	42.0	152.0	66.0
272.5672912597656	45.7615966796875	149.5660858154297	64.94317626953125
261.0	44.0	148.0	64.0
262.0	43.0	146.0	65.0
261.0	44.0	146.0	63.0
257.0	45.0	150.0	62.0
258.0	45.0	149.0	63.0
257.0	45.0	150.0	63.0
255.0	45.0	151.0	63.0
256.0	45.0	149.0	65.0
256.0	45.0	148.0	66.0
254.0	43.0	149.0	68.0
270.20263671875	45.27927780151367	148.5111083984375	67.7768783569336
255.0	42.0	147.0	69.0
255.0	41.0	147.0	68.0
255.0	41.0	147.0	67.0
253.0	41.0	148.0	67.0
253.0	40.0	148.0	66.0
252.0	39.0	149.0	66.0
261.7552185058594	40.153690338134766	149.15895080566406	66.07040405273438
253.0	36.0	145.0	70.0
250.0	37.0	149.0	68.0
249.0	36.0	148.0	64.0
248.0	34.0	147.0	64.0
244.0	35.0	148.0	62.0
243.0	34.0	149.0	65.0
245.0	33.0	147.0	67.0
241.0	32.0	149.0	71.0
240.0	34.0	150.0	66.0
239.0	34.0	152.0	70.0
237.0	32.0	153.0	74.0
237.0	33.0	150.0	72.0
237.0	35.0	152.0	67.0
235.0	35.0	153.0	67.0
235.0	35.0	150.0	67.0
236.0	36.0	150.0	67.0
237.0	36.0	145.0	67.0
237.0	37.0	148.0	67.0
238.0	37.0	147.0	68.0
239.0	35.0	145.0	72.0
240.0	37.0	143.0	72.0
242.0	39.0	146.0	72.0
242.0	38.0	134.0	72.0
241.03421020507812	45.05806350708008	133.10165405273438	71.51731872558594
252.9978790283203	46.4873161315918	132.36819458007812	71.12322235107422
245.0	36.0	129.0	72.0
245.0	35.0	139.0	71.0
246.0	34.0	136.0	70.0
249.61068725585938	35.529296875	137.67526245117188	70.86227416992188
246.0	31.0	139.0	69.0
251.5811309814453	33.3424186706543	138.45297241210938	68.72846221923828
251.39706420898438	29.8719539642334	140.8172149658203	69.9020767211914
239.0	27.0	150.0	67.0
235.0	19.0	157.0	75.0
237.0	25.0	154.0	69.0
244.17562866210938	28.178735733032227	153.60964965820312	68.8250961303711
237.0	14.0	156.0	79.0
243.13345336914062	24.21917724609375	156.05609130859375	79.02839660644531
239.89254760742188	22.35694122314453	158.08364868164062	80.05516815185547
237.0	24.0	150.0	69.0
237.41336059570312	26.212045669555664	149.94375610351562	68.97412872314453
243.86703491210938	26.07663345336914	149.51974487304688	68.7790756225586
240.7748565673828	25.155839920043945	150.0287322998047	69.0132064819336
236.078125	21.25911521911621	150.5404510498047	69.24859619140625
241.0	25.0	141.0	61.0
237.5622100830078	26.011926651000977	139.19674682617188	60.219871520996094
235.3172607421875	24.762924194335938	142.2470703125	61.539512634277344
227.7965087890625	23.838891983032227	141.6473388671875	61.280052185058594
227.9461669921875	22.60500144958496	138.09164428710938	59.74177932739258
228.591796875	25.391483306884766	138.36082458496094	59.85823440551758
229.19424438476562	26.384784698486328	135.0034637451172	58.40576171875
215.71865844726562	25.99104881286621	134.0116424560547	57.97667694091797
219.4897918701172	26.763290405273438	133.09716796875	57.58104705810547
213.0955810546875	29.223047256469727	130.0563507080078	56.2655143737793
209.5843048095703	30.21341896057129	128.1385955810547	55.43584442138672
204.96109008789062	28.76853370666504	126.628662109375	54.782615661621094
202.1044158935547	24.254657745361328	126.34903717041016	54.661643981933594
203.5133514404297	23.858074188232422	125.00779724121094	54.081390380859375
197.28549194335938	21.97089385986328	126.49775695800781	54.725982666015625
190.75897216796875	21.90901756286621	124.6081771850586	53.90850067138672
175.72341918945312	18.746994018554688	123.31452941894531	53.348838806152344
174.79124450683594	20.77621841430664	121.7497787475586	52.6718864440918
173.6663055419922	25.404422760009766	119.41426849365234	51.6614875793457
172.229248046875	29.255630493164062	118.2787857055664	51.170249938964844
177.13938903808594	32.08769989013672	118.7678451538086	51.38182830810547
170.992431640625	38.57343673706055	119.9517822265625	51.89402389526367
165.53646850585938	40.079200744628906	121.80104064941406	52.694053649902344
169.91363525390625	42.14128875732422	123.0411605834961	53.230560302734375
169.1446533203125	43.697242736816406	121.2217788696289	52.443458557128906
161.54092407226562	46.89727783203125	122.95223236083984	53.19208908081055
164.8285369873047	47.360252380371094	123.3756332397461	53.375267028808594
160.83468627929688	48.872222900390625	124.02885437011719	53.657867431640625
166.04876708984375	53.61484909057617	123.0956802368164	53.254150390625
171.98403930664062	57.78702926635742	122.9256820678711	53.18060302734375
176.2645721435547	59.63390350341797	125.1905288696289	54.160430908203125
170.3504638671875	59.82703399658203	125.96452331542969	54.495277404785156
157.0	50.0	111.0	114.0
155.0	49.0	116.0	114.0
155.0	50.0	114.0	113.0
157.72523498535156	40.38727569580078	113.89090728759766	112.89186096191406
158.0	48.0	112.0	110.0
160.8291473388672	40.71192169189453	109.98167419433594	108.0177230834961
158.1981964111328	40.9937744140625	112.6988296508789	110.68635559082031
160.0	49.0	107.0	113.0
152.58633422851562	35.81407928466797	108.90083312988281	115.0074234008789
155.0	49.0	108.0	114.0
153.0	49.0	109.0	114.0
152.0	49.0	111.0	115.0
149.0	50.0	118.0	114.0
153.0	48.0	115.0	114.0
150.0	50.0	116.0	113.0
152.0	49.0	114.0	113.0
150.0	49.0	118.0	116.0
151.0	49.0	114.0	116.0
157.0	49.0	108.0	113.0
154.0	49.0	109.0	114.0
154.0	49.0	112.0	113.0
153.0	49.0	113.0	112.0
153.0	49.0	113.0	114.0
158.0	49.0	107.0	113.0
156.0	49.0	109.0	113.0
154.0	50.0	112.0	112.0
153.0	49.0	115.0	113.0
155.0	49.0	111.0	113.0
154.0	49.0	111.0	114.0
157.0	49.0	106.0	113.0
153.0	49.0	112.0	114.0
151.0	48.0	117.0	114.0
