233.0	205.0	28.0	27.0
231.0	203.0	31.0	31.0
233.0	203.0	29.0	29.0
233.0	203.0	29.0	29.0
232.0	202.0	30.0	30.0
233.0	203.0	29.0	29.0
233.0	203.0	30.0	30.0
233.0	202.0	27.0	28.0
238.0	205.0	27.0	28.0
237.0	205.0	28.0	28.0
236.0	203.0	29.0	29.0
256.0	193.0	25.0	25.0
242.0	192.0	33.0	32.0
238.9916229248047	187.3113555908203	33.36741256713867	32.35628128051758
234.8148956298828	181.38816833496094	33.072303771972656	32.07011795043945
235.67459106445312	181.02659606933594	33.29787826538086	32.288856506347656
235.85147094726562	180.1001434326172	33.853431701660156	32.827571868896484
234.5052947998047	181.04513549804688	33.90525817871094	32.87782669067383
228.6114044189453	178.02601623535156	33.503273010253906	32.48802185058594
229.0	201.0	26.0	25.0
226.0	203.0	28.0	27.0
226.0	203.0	28.0	28.0
225.0	202.0	29.0	29.0
225.0	203.0	29.0	29.0
224.0	202.0	30.0	30.0
224.0	202.0	30.0	30.0
224.0	202.0	30.0	30.0
225.0	203.0	29.0	29.0
224.0949249267578	203.2147216796875	28.98720359802246	28.98720359802246
226.0	202.0	26.0	27.0
226.0	208.0	25.0	24.0
228.0	203.0	28.0	29.0
234.0	206.0	28.0	28.0
235.0	206.0	38.0	34.0
248.0	201.0	34.0	34.0
253.6220245361328	197.66629028320312	33.647056579589844	33.647056579589844
255.8468780517578	200.05569458007812	33.100303649902344	33.100303649902344
254.0	198.0	34.0	34.0
258.19921875	192.82345581054688	33.75963592529297	33.75963592529297
255.9262237548828	186.30142211914062	33.60435104370117	33.60435104370117
256.96856689453125	188.5191650390625	34.09159851074219	34.09159851074219
256.494384765625	190.24432373046875	34.7380256652832	34.7380256652832
256.32843017578125	191.06689453125	34.47020721435547	34.47020721435547
256.8827819824219	191.07022094726562	34.22876739501953	34.22876739501953
256.11724853515625	191.04579162597656	34.51665115356445	34.51665115356445
256.255859375	191.50985717773438	34.47594451904297	34.47594451904297
255.80294799804688	191.6203155517578	34.89308547973633	34.89308547973633
256.468505859375	192.12257385253906	35.23517608642578	35.23517608642578
256.6418762207031	191.24871826171875	35.151611328125	35.151611328125
256.9236755371094	191.72659301757812	34.90626907348633	34.90626907348633
256.62469482421875	191.00985717773438	34.95683670043945	34.95683670043945
256.32110595703125	191.09048461914062	34.53247833251953	34.53247833251953
255.74734497070312	193.40512084960938	34.844444274902344	34.844444274902344
256.43817138671875	192.67312622070312	34.992488861083984	34.992488861083984
257.9864807128906	188.52261352539062	35.3250732421875	35.3250732421875
256.728759765625	191.33786010742188	34.879730224609375	34.879730224609375
257.6271667480469	190.7653045654297	34.90403747558594	34.90403747558594
254.67861938476562	193.82505798339844	35.25354766845703	35.25354766845703
251.7198944091797	196.82232666015625	35.88904571533203	35.88904571533203
251.6719970703125	196.60760498046875	36.23591232299805	36.23591232299805
254.03390502929688	192.64031982421875	36.8073616027832	36.8073616027832
263.0	196.0	28.0	29.0
263.0	197.0	27.0	28.0
262.61431884765625	198.61891174316406	27.523914337158203	28.543319702148438
236.0	193.0	30.0	31.0
211.0	187.0	32.0	31.0
217.0	191.0	32.0	33.0
221.0	195.0	31.0	33.0
222.0	196.0	31.0	33.0
222.0	198.0	32.0	33.0
223.0	201.0	32.0	31.0
222.0	199.0	32.0	33.0
224.0	199.0	31.0	31.0
226.0	197.0	32.0	33.0
225.0	197.0	32.0	32.0
226.0	195.0	33.0	32.0
227.0	193.0	34.0	34.0
231.0	191.0	34.0	36.0
231.0	190.0	36.0	38.0
234.0	190.0	34.0	36.0
234.0	190.0	34.0	36.0
235.0	192.0	33.0	35.0
231.0	195.0	31.0	32.0
228.0	194.0	29.0	30.0
227.0	191.0	31.0	31.0
226.0	191.0	32.0	31.0
228.0	191.0	32.0	33.0
229.0	191.0	32.0	33.0
230.0	192.0	31.0	32.0
232.0	191.0	31.0	32.0
236.0	191.0	31.0	32.0
238.0	189.0	32.0	33.0
243.0	187.0	32.0	33.0
244.0	186.0	32.0	32.0
246.0	186.0	32.0	32.0
247.0	186.0	32.0	33.0
233.0	215.0	30.0	30.0
232.0	214.0	30.0	31.0
259.0	225.0	31.0	31.0
259.0	224.0	30.0	30.0
259.94696044921875	223.54541015625	30.035715103149414	30.035715103149414
235.0	213.0	29.0	30.0
235.0	211.0	29.0	30.0
234.0	211.0	30.0	31.0
235.0	211.0	28.0	29.0
235.0	211.0	28.0	29.0
235.21414184570312	208.8077850341797	28.23044204711914	29.238672256469727
233.0	208.0	30.0	30.0
232.0	207.0	31.0	30.0
228.0	205.0	31.0	31.0
225.0	203.0	32.0	32.0
224.0	203.0	31.0	31.0
223.0	203.0	32.0	31.0
223.0	202.0	31.0	31.0
223.0	200.0	31.0	31.0
223.0	201.0	29.0	30.0
222.0	201.0	30.0	31.0
222.0	201.0	30.0	31.0
222.0	201.0	30.0	30.0
222.0	201.0	30.0	30.0
222.0	201.0	30.0	30.0
223.0	200.0	30.0	31.0
224.0	200.0	30.0	30.0
225.0	199.0	30.0	31.0
227.0	200.0	30.0	31.0
227.0	198.0	32.0	32.0
229.0	197.0	32.0	33.0
229.0	196.0	32.0	33.0
230.0	195.0	31.0	33.0
229.0	196.0	30.0	32.0
256.0	167.0	29.0	31.0
230.0	196.0	31.0	32.0
229.0	196.0	31.0	32.0
229.257568359375	197.42312622070312	30.501354217529297	31.48526954650879
229.03857421875	196.23599243164062	31.274816513061523	32.28368377685547
229.9131317138672	196.34475708007812	30.978302001953125	31.977603912353516
228.53347778320312	196.627197265625	31.32839012145996	32.33898162841797
230.0	196.0	32.0	32.0
259.0	216.0	33.0	34.0
230.0	195.0	32.0	33.0
232.0	196.0	29.0	32.0
230.0	196.0	32.0	32.0
231.0	195.0	30.0	34.0
230.3802032470703	196.70950317382812	30.46868324279785	34.53116989135742
228.2332305908203	194.5339813232422	29.90877914428711	33.89661407470703
230.0	196.0	31.0	32.0
230.0	196.0	31.0	32.0
230.0	198.0	28.0	30.0
230.0	196.0	30.0	33.0
230.0	196.0	32.0	32.0
231.0	197.0	29.0	31.0
229.5493621826172	196.48597717285156	29.525609970092773	31.56185531616211
231.0	198.0	28.0	30.0
231.0	197.0	29.0	31.0
230.0	196.0	31.0	32.0
230.0	197.0	30.0	31.0
230.0	196.0	31.0	32.0
230.0	196.0	31.0	32.0
230.0	196.0	31.0	33.0
230.0	196.0	31.0	32.0
230.0	195.0	31.0	34.0
230.16317749023438	194.2764129638672	30.80487060546875	33.785987854003906
230.0	196.0	31.0	32.0
230.0	197.0	31.0	31.0
230.0	197.0	31.0	31.0
231.0	195.0	30.0	33.0
230.0	196.0	32.0	32.0
230.0	195.0	31.0	33.0
228.05038452148438	194.5307159423828	30.8759765625	32.86797332763672
230.0	196.0	31.0	32.0
230.0	197.0	31.0	31.0
230.0	198.0	30.0	30.0
230.0	196.0	32.0	33.0
230.0	196.0	32.0	33.0
229.9998779296875	195.36767578125	32.48640060424805	33.50160217285156
230.0	196.0	32.0	33.0
230.0	198.0	31.0	31.0
230.0	198.0	31.0	31.0
230.0	197.0	31.0	32.0
230.0	197.0	31.0	31.0
230.0	197.0	31.0	31.0
230.0	198.0	31.0	30.0
230.0	198.0	32.0	31.0
231.0	198.0	30.0	31.0
230.00003051757812	196.89822387695312	30.276687622070312	31.28590965270996
231.0	197.0	29.0	31.0
231.0	198.0	30.0	31.0
230.0	198.0	31.0	31.0
230.0	197.0	31.0	32.0
230.1220703125	196.52932739257812	31.608835220336914	32.628475189208984
230.2635040283203	196.2744598388672	32.007423400878906	33.03992462158203
230.0	198.0	32.0	31.0
230.0	198.0	31.0	30.0
230.0	198.0	32.0	31.0
230.0	198.0	31.0	31.0
229.7400360107422	195.4510040283203	31.186725616455078	31.186725616455078
229.60995483398438	195.82650756835938	31.921253204345703	31.921253204345703
230.0	197.0	32.0	32.0
231.0	197.0	30.0	32.0
230.0	197.0	31.0	32.0
230.36251831054688	197.43508911132812	31.408239364624023	32.421409606933594
231.0	198.0	30.0	31.0
231.0	198.0	30.0	31.0
230.0	196.0	31.0	32.0
230.0	197.0	31.0	31.0
230.0	197.0	32.0	31.0
230.0	197.0	31.0	31.0
229.8214569091797	196.3369598388672	30.97616195678711	30.97616195678711
230.0	198.0	31.0	30.0
230.0	198.0	31.0	30.0
231.0	198.0	30.0	30.0
231.0	199.0	30.0	29.0
231.0	197.0	30.0	32.0
230.9132537841797	196.0828857421875	29.527828216552734	31.496349334716797
231.07546997070312	195.79786682128906	29.341785430908203	31.297903060913086
231.17935180664062	195.80784606933594	29.3453311920166	31.301685333251953
232.0	197.0	30.0	31.0
231.0	197.0	29.0	30.0
232.0	196.0	30.0	32.0
230.9753875732422	196.2755889892578	30.081716537475586	32.08716583251953
230.4114990234375	196.00637817382812	29.943506240844727	31.939739227294922
232.0	196.0	30.0	32.0
232.0	196.0	30.0	32.0
231.0	196.0	30.0	32.0
231.0	197.0	30.0	31.0
232.0	198.0	29.0	30.0
232.0	197.0	29.0	31.0
232.0	197.0	29.0	31.0
231.0	196.0	31.0	32.0
231.0	197.0	30.0	31.0
231.0	197.0	30.0	31.0
230.0	197.0	31.0	31.0
232.0	197.0	29.0	31.0
231.0	196.0	30.0	32.0
230.0	196.0	31.0	32.0
231.0	197.0	30.0	31.0
232.0	197.0	29.0	31.0
231.0	196.0	30.0	32.0
231.0	197.0	30.0	31.0
231.0	196.0	30.0	32.0
230.16403198242188	196.12228393554688	30.002399444580078	32.00255584716797
232.0	197.0	29.0	32.0
230.0	196.0	31.0	33.0
231.0	196.0	29.0	32.0
230.03897094726562	195.5586395263672	29.241138458251953	32.266082763671875
231.0	196.0	29.0	32.0
231.0	165.0	30.0	31.0
231.3047637939453	170.75656127929688	29.65264892578125	30.641071319580078
230.0	204.0	29.0	29.0
229.0	180.0	30.0	28.0
230.0	182.0	29.0	29.0
233.0	183.0	29.0	29.0
234.0	183.0	28.0	29.0
234.0	184.0	28.0	28.0
234.0	184.0	28.0	28.0
234.0	184.0	28.0	28.0
234.0	184.0	28.0	28.0
234.0	184.0	28.0	28.0
234.0	184.0	28.0	28.0
234.0	184.0	28.0	28.0
234.0	183.0	28.0	29.0
234.0	184.0	28.0	28.0
234.0	183.0	28.0	29.0
234.0	184.0	28.0	28.0
234.0	184.0	28.0	28.0
234.0	183.0	28.0	29.0
234.0	183.0	28.0	29.0
234.0	184.0	28.0	28.0
234.0	184.0	28.0	28.0
234.0	184.0	28.0	28.0
234.0	184.0	28.0	28.0
234.0	183.0	28.0	29.0
234.0	184.0	28.0	28.0
234.0	184.0	28.0	28.0
234.0	183.0	28.0	29.0
