141.0	47.0	55.0	55.0
139.0	49.0	55.0	54.0
137.0	51.0	56.0	55.0
137.0	53.0	55.0	55.0
135.0	55.0	56.0	54.0
133.0	55.0	56.0	55.0
131.0	56.0	56.0	54.0
131.0	57.0	56.0	54.0
131.0	58.0	56.0	55.0
128.0	58.0	57.0	55.0
126.0	59.0	57.0	54.0
126.0	58.0	57.0	55.0
126.0	59.0	56.0	54.0
125.0	59.0	57.0	54.0
124.0	59.0	58.0	55.0
123.0	61.0	58.0	54.0
123.0	63.0	57.0	55.0
124.0	65.0	57.0	55.0
122.0	67.0	57.0	54.0
122.0	69.0	58.0	55.0
120.0	73.0	57.0	55.0
120.0	74.0	58.0	55.0
122.0	76.0	56.0	55.0
121.0	78.0	55.0	55.0
119.0	79.0	57.0	56.0
120.0	79.0	56.0	56.0
118.0	79.0	57.0	56.0
118.0	80.0	56.0	55.0
116.0	80.0	57.0	56.0
115.0	82.0	58.0	56.0
115.0	83.0	58.0	55.0
114.0	86.0	58.0	54.0
116.0	88.0	57.0	54.0
116.0	89.0	56.0	54.0
113.0	89.0	57.0	57.0
112.0	90.0	58.0	56.0
112.0	92.0	57.0	56.0
111.0	95.0	57.0	55.0
111.0	96.0	57.0	56.0
108.0	99.0	60.0	57.0
109.0	101.0	60.0	57.0
114.0	104.0	57.0	56.0
115.0	106.0	58.0	56.0
116.0	107.0	58.0	55.0
119.0	105.0	57.0	56.0
121.0	104.0	56.0	54.0
121.0	100.0	57.0	55.0
122.0	97.0	57.0	54.0
124.0	91.0	56.0	55.0
122.0	88.0	57.0	56.0
123.0	84.0	58.0	55.0
126.0	82.0	56.0	54.0
128.0	79.0	55.0	54.0
129.0	76.0	56.0	54.0
130.0	76.0	57.0	53.0
133.0	75.0	56.0	54.0
134.0	75.0	56.0	54.0
135.0	74.0	57.0	56.0
135.0	75.0	58.0	56.0
137.0	77.0	56.0	55.0
138.0	78.0	56.0	55.0
140.0	80.0	55.0	55.0
139.0	81.0	56.0	55.0
142.0	84.0	54.0	54.0
140.0	85.0	55.0	55.0
141.0	87.0	55.0	54.0
139.0	90.0	56.0	56.0
140.0	93.0	56.0	54.0
139.0	95.0	56.0	55.0
140.0	98.0	56.0	54.0
141.0	100.0	56.0	55.0
141.0	100.0	56.0	56.0
142.0	101.0	56.0	55.0
140.0	100.0	58.0	56.0
142.0	100.0	56.0	55.0
139.0	98.0	59.0	55.0
140.0	97.0	57.0	54.0
139.0	95.0	57.0	55.0
139.0	93.0	57.0	54.0
140.0	91.0	56.0	55.0
139.0	89.0	57.0	55.0
139.0	87.0	58.0	54.0
140.0	85.0	57.0	54.0
139.0	83.0	59.0	55.0
146.0	82.0	54.0	54.0
146.0	80.0	56.0	56.0
147.0	77.0	56.0	55.0
149.0	75.0	54.0	55.0
149.0	71.0	54.0	54.0
148.0	68.0	56.0	55.0
148.0	64.0	58.0	56.0
147.0	62.0	58.0	56.0
148.0	62.0	58.0	55.0
150.0	62.0	56.0	53.0
152.0	62.0	56.0	55.0
153.0	63.0	57.0	54.0
155.0	64.0	58.0	56.0
159.0	63.0	55.0	56.0
159.0	63.0	56.0	54.0
159.0	61.0	56.0	55.0
160.0	60.0	56.0	55.0
160.0	59.0	57.0	56.0
159.0	59.0	57.0	56.0
158.0	57.0	57.0	56.0
158.0	57.0	57.0	55.0
155.0	56.0	59.0	56.0
156.0	56.0	58.0	55.0
157.0	54.0	57.0	56.0
156.0	52.0	58.0	56.0
156.0	50.0	57.0	54.0
158.0	49.0	55.0	55.0
152.0	45.0	59.0	55.0
151.0	44.0	59.0	55.0
152.0	44.0	57.0	53.0
151.0	43.0	59.0	55.0
150.0	43.0	60.0	54.0
150.0	44.0	58.0	52.0
151.0	44.0	57.0	54.0
150.0	43.0	58.0	54.0
149.0	43.0	58.0	54.0
149.0	43.0	58.0	54.0
151.0	42.0	57.0	55.0
150.0	41.0	59.0	56.0
152.0	40.0	57.0	54.0
153.0	38.0	57.0	54.0
154.0	37.0	57.0	53.0
154.0	34.0	58.0	54.0
157.0	31.0	57.0	54.0
161.0	29.0	56.0	54.0
162.0	27.0	56.0	55.0
163.0	26.0	57.0	53.0
163.0	25.0	57.0	54.0
165.0	24.0	56.0	53.0
165.0	24.0	56.0	53.0
165.0	23.0	56.0	53.0
165.0	23.0	57.0	54.0
166.0	24.0	56.0	54.0
165.0	23.0	56.0	54.0
164.0	23.0	57.0	55.0
164.0	23.0	58.0	54.0
165.0	22.0	57.0	55.0
164.0	22.0	58.0	54.0
163.0	21.0	58.0	55.0
163.0	20.0	57.0	55.0
162.0	19.0	57.0	55.0
161.0	19.0	58.0	54.0
161.0	18.0	59.0	54.0
162.0	16.0	58.0	55.0
161.0	15.0	59.0	55.0
161.0	14.0	59.0	54.0
161.0	15.0	59.0	55.0
162.0	17.0	57.0	54.0
162.0	21.0	58.0	54.0
163.0	23.0	58.0	55.0
165.0	31.0	57.0	53.0
165.0	37.0	58.0	54.0
165.0	46.0	58.0	54.0
167.0	56.0	58.0	56.0
170.0	62.0	57.0	56.0
169.0	73.0	58.0	54.0
171.0	79.0	57.0	55.0
171.0	88.0	58.0	55.0
171.0	95.0	59.0	55.0
172.0	101.0	58.0	55.0
173.0	106.0	57.0	55.0
172.0	111.0	57.0	56.0
171.0	114.0	58.0	55.0
173.0	117.0	57.0	56.0
172.0	119.0	58.0	55.0
172.0	120.0	59.0	56.0
174.0	120.0	57.0	55.0
176.0	117.0	57.0	56.0
179.0	115.0	56.0	56.0
179.0	111.0	57.0	55.0
182.0	105.0	56.0	56.0
181.0	100.0	58.0	57.0
180.0	94.0	57.0	55.0
180.0	88.0	57.0	57.0
181.0	83.0	57.0	55.0
182.0	77.0	58.0	56.0
183.0	74.0	57.0	56.0
183.0	69.0	57.0	55.0
183.0	65.0	59.0	56.0
182.0	61.0	59.0	55.0
182.0	59.0	60.0	56.0
185.0	57.0	58.0	56.0
187.0	55.0	57.0	55.0
186.0	50.0	59.0	57.0
187.0	47.0	59.0	55.0
188.0	44.0	59.0	55.0
188.0	41.0	60.0	55.0
187.0	37.0	59.0	54.0
187.0	33.0	60.0	55.0
187.0	30.0	60.0	55.0
185.0	24.0	60.0	55.0
185.0	22.0	60.0	55.0
185.0	19.0	58.0	54.0
185.0	17.0	57.0	54.0
182.0	16.0	59.0	54.0
180.0	14.0	59.0	55.0
176.0	13.0	60.0	54.0
174.0	11.0	60.0	56.0
172.0	10.0	59.0	53.0
171.0	9.0	58.0	54.0
168.0	9.0	58.0	53.0
163.0	7.0	60.0	54.0
161.0	8.0	60.0	54.0
160.0	8.0	60.0	54.0
160.0	8.0	57.0	53.0
158.0	8.0	56.0	53.0
155.0	8.0	57.0	53.0
150.0	8.0	58.0	53.0
147.0	7.0	58.0	52.0
145.0	6.0	57.0	52.0
139.0	5.0	60.0	53.0
137.0	5.0	59.0	54.0
135.0	6.0	60.0	54.0
134.0	7.0	59.0	54.0
132.0	10.0	58.0	53.0
130.0	14.0	58.0	56.0
129.0	19.0	58.0	54.0
128.0	25.0	59.0	53.0
127.0	32.0	61.0	55.0
129.0	40.0	59.0	56.0
131.0	46.0	59.0	55.0
134.0	56.0	58.0	55.0
135.0	63.0	59.0	57.0
136.0	69.0	59.0	56.0
138.0	75.0	60.0	56.0
139.0	82.0	60.0	56.0
143.0	87.0	58.0	55.0
144.0	94.0	60.0	56.0
145.0	98.0	61.0	57.0
149.0	105.0	60.0	57.0
150.0	108.0	62.0	57.0
154.0	110.0	60.0	58.0
155.0	112.0	60.0	56.0
156.0	112.0	61.0	57.0
157.0	112.0	60.0	57.0
159.0	112.0	60.0	58.0
161.0	115.0	61.0	58.0
162.0	116.0	62.0	59.0
168.0	120.0	60.0	57.0
169.0	121.0	62.0	58.0
173.0	121.0	61.0	58.0
178.0	120.0	61.0	57.0
181.0	113.0	61.0	59.0
182.0	109.0	62.0	59.0
187.0	102.0	61.0	60.0
189.0	98.0	62.0	58.0
190.0	88.0	64.0	60.0
194.0	81.0	63.0	59.0
198.0	72.0	63.0	58.0
203.0	65.0	62.0	59.0
206.0	56.0	61.0	58.0
208.0	46.0	61.0	58.0
208.0	38.0	61.0	56.0
210.0	32.0	61.0	57.0
210.0	24.0	60.0	56.0
210.0	19.0	61.0	57.0
208.0	12.0	61.0	56.0
207.0	7.0	61.0	56.0
204.0	2.0	62.0	56.0
199.0	0.0	65.0	56.0
196.0	0.0	66.0	54.0
191.0	0.0	65.0	51.0
187.0	0.0	64.0	51.0
183.0	0.0	64.0	51.0
178.0	0.0	64.0	52.0
172.0	0.0	65.0	53.0
168.0	0.0	63.0	53.0
162.0	0.0	62.0	54.0
156.0	0.0	65.0	54.0
151.0	0.0	64.0	55.0
146.0	0.0	66.0	57.0
142.0	2.0	62.0	56.0
138.0	2.0	64.0	58.0
131.0	4.0	63.0	57.0
129.0	6.0	63.0	57.0
125.0	7.0	63.0	57.0
120.0	9.0	62.0	58.0
119.0	11.0	61.0	56.0
117.0	13.0	60.0	57.0
112.0	16.0	61.0	56.0
109.0	19.0	61.0	56.0
108.0	21.0	60.0	55.0
104.0	22.0	61.0	56.0
103.0	22.0	60.0	57.0
100.0	22.0	61.0	57.0
96.0	24.0	61.0	57.0
95.0	26.0	62.0	56.0
94.0	28.0	60.0	55.0
93.0	31.0	60.0	55.0
92.0	33.0	60.0	55.0
92.0	36.0	59.0	55.0
91.0	37.0	59.0	55.0
88.0	40.0	60.0	56.0
90.0	43.0	59.0	55.0
88.0	45.0	61.0	55.0
90.0	47.0	60.0	57.0
92.0	49.0	58.0	56.0
91.0	51.0	60.0	58.0
94.0	55.0	59.0	56.0
96.0	57.0	58.0	55.0
97.0	59.0	59.0	56.0
96.0	60.0	61.0	57.0
101.0	61.0	59.0	57.0
104.0	63.0	59.0	57.0
105.0	64.0	62.0	59.0
109.0	68.0	60.0	56.0
109.0	69.0	61.0	57.0
111.0	71.0	61.0	56.0
113.0	72.0	62.0	57.0
118.0	74.0	59.0	57.0
120.0	76.0	59.0	58.0
122.0	80.0	59.0	57.0
122.0	82.0	61.0	57.0
125.0	84.0	61.0	56.0
129.0	86.0	60.0	57.0
132.0	89.0	60.0	58.0
134.0	93.0	59.0	57.0
135.0	96.0	61.0	57.0
138.0	99.0	60.0	55.0
141.0	100.0	59.0	57.0
145.0	102.0	58.0	56.0
146.0	102.0	59.0	57.0
149.0	104.0	58.0	57.0
149.0	105.0	60.0	58.0
152.0	106.0	60.0	57.0
153.0	107.0	61.0	57.0
157.0	108.0	59.0	57.0
157.0	110.0	61.0	58.0
159.0	111.0	60.0	58.0
161.0	113.0	59.0	58.0
162.0	115.0	59.0	57.0
164.0	117.0	61.0	59.0
165.0	119.0	61.0	58.0
169.0	122.0	62.0	58.0
171.0	123.0	60.0	58.0
174.0	126.0	61.0	58.0
176.0	126.0	61.0	59.0
178.0	127.0	60.0	58.0
180.0	127.0	60.0	57.0
182.0	125.0	60.0	58.0
182.0	123.0	61.0	59.0
184.0	120.0	60.0	58.0
184.0	114.0	60.0	58.0
183.0	109.0	62.0	58.0
187.0	102.0	59.0	58.0
186.0	96.0	61.0	57.0
185.0	87.0	61.0	57.0
186.0	80.0	61.0	57.0
185.0	71.0	63.0	58.0
186.0	63.0	61.0	58.0
186.0	56.0	62.0	58.0
185.0	48.0	62.0	59.0
186.0	42.0	63.0	59.0
186.0	36.0	63.0	59.0
186.0	32.0	64.0	57.0
186.0	29.0	65.0	58.0
188.0	23.0	64.0	61.0
188.0	21.0	64.0	59.0
190.0	20.0	64.0	60.0
189.0	21.0	67.0	61.0
189.0	20.0	68.0	61.0
190.0	19.0	66.0	62.0
190.0	19.0	66.0	61.0
188.0	18.0	66.0	61.0
186.0	18.0	67.0	61.0
185.0	18.0	67.0	61.0
185.0	17.0	66.0	62.0
184.0	17.0	67.0	62.0
182.0	18.0	69.0	62.0
179.0	19.0	70.0	63.0
177.0	19.0	71.0	64.0
176.0	19.0	70.0	64.0
175.0	18.0	70.0	66.0
174.0	18.0	70.0	66.0
172.0	17.0	69.0	67.0
167.0	17.0	73.0	66.0
166.0	16.0	73.0	66.0
165.0	15.0	74.0	66.0
164.0	14.0	74.0	69.0
164.0	14.0	75.0	69.0
166.0	13.0	74.0	69.0
166.0	13.0	75.0	70.0
165.0	14.0	77.0	69.0
166.0	14.0	77.0	69.0
167.0	14.0	77.0	70.0
169.0	13.0	77.0	72.0
170.0	13.0	77.0	72.0
171.0	13.0	77.0	72.0
172.0	13.0	77.0	73.0
173.0	15.0	79.0	71.0
174.0	16.0	79.0	71.0
175.0	17.0	78.0	74.0
175.0	18.0	79.0	77.0
177.0	20.0	79.0	72.0
178.0	22.0	79.0	73.0
179.0	24.0	80.0	72.0
184.0	26.0	78.0	73.0
187.0	28.0	77.0	73.0
190.0	31.0	76.0	72.0
191.0	33.0	75.0	73.0
192.0	35.0	76.0	71.0
191.0	37.0	76.0	70.0
192.0	39.0	75.0	70.0
194.0	44.0	75.0	70.0
193.0	45.0	75.0	74.0
191.0	48.0	75.0	72.0
192.0	51.0	72.0	70.0
191.0	54.0	73.0	68.0
190.0	58.0	71.0	67.0
188.0	61.0	72.0	67.0
188.0	64.0	71.0	67.0
187.0	67.0	70.0	66.0
186.0	69.0	69.0	65.0
186.0	70.0	68.0	64.0
185.0	70.0	69.0	63.0
184.0	70.0	67.0	62.0
186.0	71.0	65.0	62.0
184.0	70.0	60.0	59.0
185.0	70.0	62.0	60.0
185.0	71.0	61.0	58.0
184.0	71.0	61.0	58.0
183.0	71.0	62.0	58.0
183.0	72.0	60.0	56.0
181.0	72.0	60.0	57.0
179.0	72.0	61.0	57.0
179.0	72.0	61.0	56.0
178.0	72.0	60.0	56.0
177.0	73.0	60.0	56.0
175.0	74.0	60.0	55.0
174.0	75.0	59.0	55.0
174.0	74.0	59.0	58.0
173.0	75.0	59.0	56.0
173.0	75.0	59.0	56.0
174.0	74.0	58.0	58.0
174.0	74.0	59.0	57.0
174.0	73.0	59.0	58.0
175.0	73.0	61.0	56.0
178.0	73.0	60.0	56.0
184.0	73.0	58.0	56.0
185.0	72.0	60.0	57.0
192.0	72.0	59.0	57.0
197.0	73.0	58.0	55.0
201.0	73.0	60.0	56.0
208.0	74.0	59.0	56.0
212.0	75.0	59.0	56.0
215.0	75.0	60.0	57.0
221.0	75.0	58.0	57.0
225.0	76.0	56.0	56.0
227.0	76.0	57.0	56.0
231.0	75.0	57.0	57.0
236.0	74.0	58.0	58.0
236.0	74.0	61.0	58.0
240.0	74.0	59.0	55.0
245.0	73.0	59.0	59.0
246.0	72.0	60.0	59.0
248.0	72.0	60.0	59.0
251.0	72.0	60.0	58.0
254.0	71.0	61.0	59.0
254.0	70.0	61.0	58.0
256.0	70.0	60.0	58.0
254.0	68.0	62.0	60.0
253.0	68.0	62.0	60.0
250.0	69.0	63.0	60.0
249.0	70.0	62.0	59.0
243.0	71.0	64.0	60.0
241.0	71.0	62.0	62.0
235.0	71.0	63.0	61.0
229.0	69.0	62.0	61.0
217.0	64.0	64.0	61.0
211.0	61.0	62.0	60.0
204.0	58.0	63.0	59.0
194.0	53.0	61.0	60.0
184.0	50.0	63.0	59.0
177.0	47.0	63.0	60.0
169.0	45.0	63.0	60.0
163.0	44.0	64.0	58.0
159.0	43.0	62.0	59.0
146.0	42.0	58.0	55.0
137.0	44.0	60.0	56.0
126.0	54.0	59.0	56.0
113.0	59.0	59.0	55.0
98.0	58.0	58.0	54.0
85.0	56.0	57.0	53.0
71.0	53.0	58.0	55.0
60.0	55.0	58.0	53.0
52.0	59.0	58.0	54.0
52.0	65.0	56.0	53.0
52.0	66.0	57.0	54.0
55.0	61.0	58.0	54.0
59.0	54.0	59.0	54.0
67.0	46.0	59.0	53.0
64.0	46.0	60.0	55.0
59.0	57.0	61.0	56.0
57.0	70.0	59.0	56.0
49.0	70.0	60.0	56.0
55.0	64.0	60.0	57.0
62.0	58.0	60.0	57.0
75.0	52.0	60.0	58.0
84.0	46.0	62.0	59.0
95.0	48.0	62.0	59.0
93.0	46.0	63.0	61.0
91.0	44.0	62.0	61.0
91.0	49.0	62.0	61.0
94.0	52.0	61.0	59.0
88.0	45.0	65.0	61.0
88.0	43.0	65.0	61.0
93.0	44.0	61.0	59.0
90.0	44.0	62.0	59.0
