216.0	117.0	16.0	52.0
215.0	120.0	15.0	48.0
215.0	121.0	14.0	48.0
212.94125366210938	118.0588150024414	14.105905532836914	48.363101959228516
211.43258666992188	116.60162353515625	14.076678276062012	48.26288986206055
210.67984008789062	114.93046569824219	14.045686721801758	48.15663146972656
209.04409790039062	115.78041076660156	14.073567390441895	48.25221633911133
208.2267608642578	116.3802719116211	14.0250825881958	48.08597946166992
207.2323760986328	119.1148910522461	13.817113876342773	47.372947692871094
205.1062774658203	121.05958557128906	13.859606742858887	47.51864242553711
204.64535522460938	119.90147399902344	13.695898056030273	46.95735549926758
201.78038024902344	118.55055236816406	13.73009204864502	47.0745964050293
200.28952026367188	115.91267395019531	13.667131423950195	46.858726501464844
199.36582946777344	116.67509460449219	13.56312370300293	46.50213623046875
198.59786987304688	117.4819107055664	13.71513557434082	47.023319244384766
196.0	119.0	16.0	47.0
195.0	121.0	15.0	48.0
193.6648406982422	119.81097412109375	14.996045112609863	47.987342834472656
193.4330596923828	119.21403503417969	15.040328979492188	48.129051208496094
192.0	114.0	16.0	54.0
189.71022033691406	113.92552185058594	15.985197067260742	53.950042724609375
188.96853637695312	112.93400573730469	15.93705940246582	53.78757858276367
187.20347595214844	113.19102478027344	15.983380317687988	53.94391632080078
186.0	117.0	17.0	49.0
185.49365234375	119.85101318359375	16.471343994140625	47.47623062133789
183.96890258789062	120.80506896972656	16.300445556640625	46.983638763427734
183.006591796875	119.92891693115234	16.239521026611328	46.80803298950195
183.7621612548828	122.02574157714844	16.639446258544922	47.96076202392578
183.87338256835938	123.55284118652344	16.69376564025879	48.11732864379883
175.24217224121094	116.8267593383789	16.319042205810547	47.03725051879883
174.21005249023438	115.81522369384766	16.247852325439453	46.832054138183594
173.42018127441406	118.01033020019531	16.18991470336914	46.665061950683594
174.0	117.0	13.0	50.0
174.5181884765625	116.0611801147461	12.939970016479492	49.76911544799805
173.523681640625	116.15754699707031	12.789583206176758	49.190704345703125
172.38497924804688	116.63700866699219	12.79200553894043	49.20001983642578
165.0	115.0	19.0	47.0
166.25001525878906	117.2808837890625	19.177188873291016	47.43830490112305
163.0	116.0	21.0	52.0
162.0	116.0	19.0	53.0
159.56033325195312	115.72608947753906	18.987751007080078	52.9658317565918
162.0	116.0	16.0	52.0
162.0	118.0	15.0	49.0
158.3897705078125	115.35343170166016	15.183494567871094	49.59941482543945
170.0	117.0	17.0	41.0
156.7025604248047	121.5672378540039	17.26154136657715	41.630775451660156
155.99905395507812	120.6317367553711	17.649845123291016	42.5672721862793
156.03125	123.59521484375	17.21693229675293	41.523189544677734
156.58399963378906	121.46641540527344	17.12429428100586	41.299766540527344
156.07562255859375	123.513427734375	16.95491600036621	40.89126968383789
152.63661193847656	121.42613220214844	17.065872192382812	41.15886688232422
153.13882446289062	120.83772277832031	16.976327896118164	40.94290542602539
145.22506713867188	120.66230773925781	17.114511489868164	41.27616500854492
146.0	118.0	18.0	48.0
143.11610412597656	120.0327377319336	17.910762786865234	47.76203918457031
144.0	126.0	13.0	42.0
142.61817932128906	121.52130126953125	13.065943717956543	42.213050842285156
141.15577697753906	120.90689849853516	13.101608276367188	42.32827377319336
138.84912109375	119.86808776855469	13.26646614074707	42.86089324951172
138.0	119.0	17.0	49.0
137.0	120.0	15.0	46.0
136.23536682128906	118.74479675292969	15.015884399414062	46.048709869384766
134.7292938232422	120.75103759765625	14.99767017364502	45.99285125732422
134.72854614257812	120.9396743774414	14.940574645996094	45.81775665283203
133.2036895751953	118.35429382324219	15.327990531921387	47.00582504272461
131.4539794921875	119.411376953125	15.36974048614502	47.133853912353516
129.3692626953125	117.76747131347656	15.465097427368164	47.42628479003906
129.65618896484375	119.17203521728516	15.470937728881836	47.44419860839844
128.0	122.0	16.0	47.0
125.9881591796875	119.9102783203125	16.089733123779297	47.26359939575195
125.1291275024414	123.83197021484375	15.812553405761719	46.44938278198242
123.25164794921875	122.20988464355469	15.656506538391113	45.990997314453125
124.0	122.0	14.0	48.0
121.0	121.0	15.0	47.0
119.1004409790039	117.639404296875	15.193133354187012	47.60515213012695
118.453369140625	119.7235107421875	15.377873420715332	48.18400955200195
119.0	124.0	13.0	43.0
116.5476303100586	120.46722412109375	13.20789623260498	43.687660217285156
115.74751281738281	118.11402893066406	13.357495307922363	44.18248748779297
114.6796646118164	118.4228286743164	13.44169807434082	44.46100616455078
112.13331604003906	117.29859924316406	13.701205253601074	45.319374084472656
111.99981689453125	119.846435546875	13.620353698730469	45.05194091796875
111.0	126.0	15.0	42.0
107.54911804199219	125.864990234375	15.013198852539062	42.03695297241211
106.7737045288086	124.6885986328125	15.074861526489258	42.2096061706543
104.96940612792969	123.11983489990234	15.428194999694824	43.198936462402344
104.9099349975586	121.5973129272461	15.452160835266113	43.26604080200195
106.0	125.0	12.0	42.0
105.3896484375	121.240234375	12.237693786621094	42.831932067871094
102.72599029541016	121.13200378417969	12.351755142211914	43.231143951416016
103.0	130.0	11.0	35.0
101.0	124.0	13.0	41.0
100.27362060546875	121.6757583618164	13.27336597442627	41.86215591430664
100.0	127.0	12.0	38.0
99.0	124.0	13.0	42.0
97.0	124.0	15.0	42.0
96.0	124.0	15.0	42.0
94.43595886230469	123.24919128417969	14.849868774414062	41.579627990722656
93.00244903564453	124.69920349121094	14.675013542175293	41.09003448486328
91.99652862548828	122.65657806396484	14.718780517578125	41.21257781982422
90.91764068603516	122.34600830078125	14.915643692016602	41.763790130615234
91.2343978881836	127.1580581665039	14.561007499694824	40.77080535888672
90.24581146240234	123.5413589477539	14.546587944030762	40.730430603027344
80.0	122.0	12.0	26.0
79.18041229248047	121.52107238769531	12.123066902160645	26.266643524169922
80.08647155761719	121.9630126953125	12.343719482421875	26.744726181030273
82.5718002319336	125.4124526977539	12.11396312713623	26.24692153930664
79.42710876464844	123.30525970458984	12.147378921508789	26.319320678710938
80.0	121.0	14.0	36.0
77.78949737548828	120.021240234375	13.870828628540039	35.667842864990234
78.0	121.0	15.0	41.0
76.47079467773438	120.20540618896484	15.374382019042969	42.023311614990234
77.0	119.0	15.0	44.0
73.92351531982422	120.51619720458984	15.292925834655762	44.85924530029297
73.90045166015625	120.14871978759766	15.426122665405273	45.249961853027344
73.5256576538086	119.79620361328125	15.451672554016113	45.32490921020508
72.11202239990234	120.43656158447266	15.400014877319336	45.17338180541992
72.41567993164062	118.2506332397461	15.5993013381958	45.75795364379883
71.07077026367188	119.84318542480469	15.34460735321045	45.0108528137207
74.0	121.0	14.0	40.0
70.95549011230469	119.99654388427734	13.903162002563477	39.72332000732422
72.44618225097656	119.24565124511719	13.908366203308105	39.73818588256836
72.76520538330078	120.2868423461914	14.01707935333252	40.048789978027344
73.42599487304688	118.4458999633789	14.105558395385742	40.30158996582031
74.03837585449219	119.00091552734375	13.801801681518555	39.433712005615234
76.0	123.0	13.0	38.0
74.03813171386719	123.2509536743164	13.197500228881836	38.577308654785156
74.76195526123047	122.0091552734375	13.299398422241211	38.87516784667969
73.86595153808594	121.56099700927734	13.191534042358398	38.55987548828125
76.0	117.0	13.0	44.0
77.78819274902344	117.4345474243164	12.881668090820312	43.59949493408203
77.0	118.0	13.0	41.0
77.42000579833984	119.57474517822266	12.860776901245117	40.560909271240234
78.25762939453125	119.98333740234375	12.886499404907227	40.642032623291016
78.3767318725586	120.41755676269531	12.872291564941406	40.59722137451172
78.0	119.0	15.0	42.0
77.2034912109375	117.09840393066406	15.154706954956055	42.43317794799805
76.52836608886719	118.25349426269531	15.104047775268555	42.29133224487305
75.5947036743164	117.47940826416016	15.227627754211426	42.637359619140625
74.97900390625	120.91673278808594	15.31428337097168	42.8799934387207
75.08670806884766	119.1920394897461	15.52672004699707	43.474815368652344
73.67109680175781	120.5967025756836	15.509233474731445	43.42584991455078
72.8882827758789	121.02239990234375	15.3986177444458	43.116127014160156
72.3408203125	120.5162124633789	15.355752944946289	42.9961051940918
70.70210266113281	120.47833251953125	15.330357551574707	42.92499542236328
72.0	118.0	14.0	45.0
70.4414291381836	118.20088958740234	13.730474472045898	44.13367462158203
69.95864868164062	118.60809326171875	13.687538146972656	43.995670318603516
69.12944030761719	119.23405456542969	13.8933687210083	44.65726852416992
70.0	120.0	13.0	41.0
70.0093002319336	120.16868591308594	12.986310958862305	40.95682907104492
69.76898956298828	120.8386001586914	13.028776168823242	41.09075927734375
71.0	115.0	12.0	45.0
70.68559265136719	117.21937561035156	11.936352729797363	44.76131820678711
70.93490600585938	116.38069152832031	12.142168998718262	45.53313064575195
71.37991333007812	118.0880126953125	12.163132667541504	45.61174392700195
71.01458740234375	118.79217529296875	11.773552894592285	44.150821685791016
68.0	120.0	15.0	44.0
68.44686126708984	118.33833312988281	15.29047966003418	44.85207748413086
67.9250717163086	117.20381927490234	15.370145797729492	45.08576583862305
68.23944091796875	117.9962387084961	15.709010124206543	46.079769134521484
68.84960174560547	116.95662689208984	15.923402786254883	46.708656311035156
67.58091735839844	116.58976745605469	16.308568954467773	47.83848190307617
68.35728454589844	116.81832122802734	16.21973991394043	47.57791519165039
69.0	116.0	15.0	47.0
70.0	121.0	15.0	41.0
70.03131866455078	122.05594635009766	14.855520248413086	40.6050910949707
70.37598419189453	121.74858093261719	14.791810989379883	40.43095016479492
128.0	120.0	14.0	38.0
285.0	117.0	15.0	48.0
284.52056884765625	118.32666015625	15.217107772827148	48.69474792480469
284.2702941894531	118.6109390258789	15.279780387878418	48.895301818847656
283.6169738769531	118.13645935058594	15.3667631149292	49.173641204833984
282.9964599609375	116.17668151855469	15.178022384643555	48.569671630859375
283.6619567871094	116.08851623535156	15.04173755645752	48.13356018066406
282.16387939453125	115.8401107788086	15.165066719055176	48.52821350097656
282.2869873046875	115.37005615234375	15.342206954956055	49.09506607055664
64.0	120.0	16.0	40.0
64.0	120.0	17.0	39.0
61.99995040893555	115.27354431152344	17.25634765625	39.58808898925781
61.6114501953125	116.3891830444336	17.177284240722656	39.406715393066406
60.74237823486328	117.9044189453125	17.336688995361328	39.77240753173828
58.311302185058594	119.98881530761719	17.38937759399414	39.89327621459961
58.0	120.0	15.0	40.0
277.0	122.0	16.0	40.0
276.23614501953125	123.3497543334961	16.242595672607422	40.60648727416992
277.0096130371094	124.85603332519531	15.772237777709961	39.43059539794922
276.22930908203125	125.0321044921875	15.556941032409668	38.892356872558594
275.65179443359375	124.66011047363281	15.67261028289795	39.1815299987793
278.0	120.0	14.0	44.0
276.76531982421875	119.49837493896484	14.124369621276855	44.39087677001953
277.0	117.0	14.0	45.0
278.0	117.0	14.0	46.0
276.79071044921875	116.35111236572266	14.071601867675781	46.23526382446289
277.0	117.0	15.0	46.0
278.0	119.0	14.0	44.0
279.0	121.0	14.0	42.0
279.0	120.0	14.0	41.0
279.0	119.0	14.0	42.0
279.58221435546875	119.1278076171875	13.935853958129883	41.80756378173828
279.726806640625	119.00086975097656	14.064152717590332	42.19245910644531
279.52142333984375	120.3218765258789	14.160005569458008	42.48001480102539
280.0899963378906	121.16917419433594	14.1141939163208	42.34257888793945
280.0	121.0	14.0	42.0
280.0	121.0	15.0	43.0
280.0	121.0	15.0	43.0
278.69354248046875	121.19290924072266	15.044876098632812	43.12864303588867
279.0	121.0	14.0	43.0
278.0	119.0	15.0	44.0
278.0	118.0	15.0	44.0
278.0	117.0	14.0	46.0
276.91851806640625	116.62052917480469	13.823013305664062	45.41847610473633
278.0	119.0	14.0	43.0
276.94464111328125	120.1912612915039	13.870776176452637	42.60309982299805
277.2514343261719	119.70924377441406	13.717580795288086	42.132572174072266
278.0	117.0	12.0	45.0
278.63427734375	118.1538314819336	11.989664077758789	44.96124267578125
278.4125061035156	116.71285247802734	12.12896728515625	45.4836311340332
277.25360107421875	116.0279769897461	12.217877388000488	45.817047119140625
98.0	118.0	16.0	38.0
98.0	116.0	16.0	39.0
97.0	116.0	18.0	39.0
98.42329406738281	114.45597839355469	18.23507308959961	39.50933074951172
97.74881744384766	113.5968246459961	18.600378036499023	40.30082321166992
95.8060531616211	112.27290344238281	18.917724609375	40.988407135009766
96.4635238647461	114.19151306152344	18.721424102783203	40.56308364868164
95.8033676147461	112.69038391113281	18.868350982666016	40.88142013549805
268.0	121.0	20.0	42.0
269.0	121.0	19.0	41.0
270.0	121.0	19.0	41.0
271.0	121.0	19.0	42.0
272.0	122.0	20.0	40.0
274.0	122.0	18.0	40.0
273.80682373046875	119.92124938964844	17.859615325927734	39.68803787231445
274.4828186035156	119.27386474609375	17.976680755615234	39.94818115234375
277.0474853515625	123.96258544921875	18.035533905029297	40.07896423339844
277.8167419433594	125.1765365600586	17.85147476196289	39.669944763183594
279.2367248535156	125.7065658569336	17.87998390197754	39.733299255371094
280.2071838378906	125.7747573852539	17.917556762695312	39.81679153442383
280.3026428222656	126.2709732055664	17.89821434020996	39.773807525634766
282.1788024902344	125.44561767578125	17.539257049560547	38.97612380981445
283.4374084472656	126.17327880859375	17.572010040283203	39.04890823364258
284.87322998046875	124.24815368652344	17.706499099731445	39.34777069091797
286.5037536621094	124.78315734863281	18.077754974365234	40.172786712646484
289.64947509765625	123.328857421875	17.75943374633789	39.46541213989258
290.0354309082031	125.34788513183594	17.56737518310547	39.03861618041992
289.7275390625	126.07817077636719	17.57640838623047	39.058692932128906
291.7095642089844	126.0183334350586	17.57813835144043	39.062538146972656
294.1750183105469	125.91069030761719	17.639965057373047	39.199928283691406
302.3169860839844	127.37934875488281	17.49092674255371	38.868736267089844
302.93829345703125	126.1818618774414	17.800989151000977	39.55775833129883
304.2878112792969	125.6769027709961	17.733274459838867	39.407283782958984
304.9413757324219	126.48067474365234	17.874549865722656	39.721229553222656
305.8135986328125	126.70918273925781	17.61507225036621	39.14461135864258
306.7141418457031	126.7016372680664	17.606639862060547	39.12587356567383
307.8601989746094	126.2762222290039	17.68082046508789	39.29071807861328
310.73431396484375	126.8913803100586	17.684961318969727	39.29991912841797
312.35614013671875	126.4583969116211	17.785762786865234	39.523929595947266
314.267822265625	126.65228271484375	17.534631729125977	38.965858459472656
316.01727294921875	127.0709228515625	17.59763526916504	39.105865478515625
318.52484130859375	126.76289367675781	17.84175682067871	39.64835739135742
319.98663330078125	126.15547180175781	17.864595413208008	39.69911193847656
321.526123046875	126.332763671875	18.33782196044922	40.75072479248047
322.5274353027344	125.27046203613281	18.331787109375	40.73731231689453
323.8863830566406	124.0211181640625	18.371156692504883	40.82480239868164
325.4654846191406	123.34423828125	18.469846725463867	41.04411697387695
350.0	121.0	14.0	33.0
346.9447021484375	118.3713150024414	14.097238540649414	33.22920608520508
348.1847229003906	117.0706787109375	14.240765571594238	33.56752014160156
345.7388916015625	116.1119155883789	13.581720352172852	34.866729736328125
289.0	122.0	17.0	41.0
289.0	124.0	16.0	39.0
219.0	125.0	14.0	38.0
218.7061004638672	127.05147552490234	13.80333423614502	37.46619415283203
217.97323608398438	125.42498779296875	13.761062622070312	37.35145950317383
219.4501190185547	123.23393249511719	14.060470581054688	38.16413497924805
124.0	120.0	13.0	36.0
124.43986511230469	118.80741119384766	12.886587142944336	35.685935974121094
124.0	118.0	15.0	37.0
125.0	118.0	15.0	38.0
126.0	119.0	14.0	37.0
41.0	122.0	14.0	39.0
41.55360412597656	120.31529235839844	14.207006454467773	39.57666015625
44.0	124.0	14.0	36.0
42.26336669921875	125.55611419677734	13.864831924438477	35.65242385864258
44.31589889526367	123.5574722290039	13.897268295288086	35.73583221435547
44.065895080566406	124.22270202636719	13.9157075881958	35.78324890136719
46.08808135986328	124.3340072631836	13.893122673034668	35.72517395019531
45.220760345458984	123.6196060180664	13.969388961791992	35.921287536621094
44.87717056274414	125.17021179199219	13.911867141723633	35.773372650146484
47.0	122.0	14.0	39.0
46.0	122.0	14.0	39.0
47.0	121.0	14.0	41.0
46.38037872314453	120.7947998046875	14.144582748413086	41.423423767089844
46.32441329956055	119.7840576171875	14.013862609863281	41.04059982299805
45.913414001464844	120.7702407836914	13.968241691589355	40.90699768066406
45.985496520996094	120.59757995605469	13.7828369140625	40.3640251159668
46.188262939453125	120.24971771240234	13.389857292175293	39.213157653808594
46.0	122.0	15.0	39.0
46.0	122.0	14.0	39.0
46.0	122.0	14.0	40.0
46.72930145263672	123.5143814086914	13.884603500366211	39.67029571533203
46.0	122.0	14.0	40.0
46.320899963378906	121.97042083740234	14.248479843139648	40.70994186401367
