319.0	147.0	10.0	37.0
319.0	147.0	10.0	32.0
320.0	147.0	10.0	32.0
318.8008728027344	148.20150756835938	10.090890884399414	31.695281982421875
318.8186340332031	147.9273223876953	10.151002883911133	31.67217445373535
319.9375305175781	149.732421875	10.06957721710205	31.209278106689453
320.0	150.0	9.0	32.0
320.73333740234375	150.2508544921875	10.0	31.707103729248047
320.1867980957031	149.31283569335938	10.07027530670166	31.344715118408203
320.47393798828125	149.931396484375	10.107091903686523	31.20453453063965
320.38922119140625	147.60195922851562	10.086431503295898	30.91164207458496
320.6040954589844	148.37350463867188	10.127824783325195	30.756195068359375
320.6084899902344	147.8900146484375	10.143232345581055	30.8029842376709
320.96380615234375	147.52206420898438	10.19161605834961	30.743549346923828
321.96356201171875	148.79998779296875	10.247285842895508	30.82711410522461
322.0257873535156	149.39651489257812	10.243008613586426	30.814245223999023
321.9427795410156	149.13607788085938	10.250946044921875	30.772624969482422
322.55364990234375	149.9394989013672	10.344514846801758	31.053512573242188
322.140869140625	148.4483642578125	10.515320777893066	31.566259384155273
322.99920654296875	149.39901733398438	10.547335624694824	31.662364959716797
322.53533935546875	148.52249145507812	10.422266006469727	31.286914825439453
322.69610595703125	148.4488067626953	10.342329025268555	31.046947479248047
323.67291259765625	149.0051727294922	10.292169570922852	30.892276763916016
323.7277526855469	150.61097717285156	10.256162643432617	30.730712890625
323.85015869140625	150.93936157226562	10.33752155303955	30.9744873046875
319.99517822265625	145.00355529785156	10.199262619018555	30.515106201171875
319.599853515625	144.69216918945312	10.304136276245117	30.82887840270996
357.0	155.0	12.0	30.0
359.39288330078125	152.81690979003906	12.001375198364258	30.00343894958496
360.500732421875	156.99415588378906	12.287113189697266	29.604822158813477
361.0	151.0	10.0	33.0
360.9573974609375	150.32754516601562	10.039444923400879	32.83897018432617
362.62640380859375	149.33035278320312	10.09190559387207	32.89837646484375
363.58197021484375	151.2234649658203	10.20326042175293	32.82994079589844
363.0	154.0	12.0	30.0
366.0757141113281	154.1185302734375	11.907774925231934	29.769439697265625
359.62249755859375	152.65753173828125	11.904377937316895	29.76094627380371
364.0	154.0	15.0	31.0
366.0	154.0	13.0	31.0
366.0	154.0	13.0	30.0
367.1580505371094	153.19375610351562	13.216888427734375	30.500513076782227
368.3061218261719	153.78823852539062	13.208486557006836	30.481124877929688
371.0	153.0	12.0	32.0
372.72259521484375	152.2935791015625	12.096735954284668	32.25796127319336
375.2889404296875	151.3777618408203	11.934870719909668	31.82632064819336
377.03826904296875	150.84376525878906	11.904435157775879	31.74515724182129
379.302734375	151.92559814453125	12.00599479675293	32.0159797668457
380.2296142578125	151.8253936767578	12.038853645324707	32.103599548339844
384.8831481933594	153.38011169433594	11.790356636047363	31.440942764282227
387.9566955566406	152.69346618652344	11.860685348510742	31.62848472595215
391.8226623535156	152.7783660888672	11.8591947555542	31.62451171875
389.0	154.0	12.0	31.0
391.0	154.0	12.0	32.0
398.2718200683594	153.89907836914062	12.216114044189453	32.5763053894043
399.31365966796875	153.2714385986328	12.165685653686523	32.441829681396484
398.78521728515625	153.66473388671875	12.050346374511719	32.13425827026367
398.51800537109375	152.26577758789062	12.150789260864258	32.40210723876953
399.41619873046875	151.24221801757812	12.165412902832031	32.44110107421875
401.0	152.0	11.0	33.0
402.44305419921875	150.942626953125	11.167730331420898	33.50319290161133
403.80181884765625	151.86138916015625	11.135887145996094	33.40766143798828
405.64923095703125	153.07064819335938	11.189752578735352	33.56925582885742
406.26922607421875	150.3608856201172	11.408583641052246	34.22574996948242
406.97979736328125	150.9054412841797	11.524188041687012	34.57256317138672
407.80499267578125	151.54856872558594	11.38401985168457	34.152061462402344
405.0	154.0	14.0	31.0
406.4364318847656	152.62338256835938	14.17773151397705	31.3935489654541
406.74591064453125	153.3022003173828	14.173868179321289	31.384994506835938
406.5823974609375	152.79135131835938	13.809208869934082	30.577533721923828
407.0	154.0	13.0	31.0
405.1769104003906	153.33566284179688	13.020054817199707	31.047821044921875
406.0	153.0	11.0	33.0
404.34075927734375	151.28097534179688	11.159955978393555	33.4798698425293
403.6954345703125	152.0477294921875	11.04765510559082	33.142967224121094
402.99359130859375	151.45460510253906	11.123400688171387	33.370201110839844
403.4543762207031	152.00588989257812	11.141432762145996	33.42430114746094
398.0	152.0	13.0	34.0
401.37017822265625	152.58993530273438	13.074740409851074	34.19547653198242
401.04595947265625	153.60916137695312	13.014543533325195	34.03803634643555
400.78485107421875	152.9065704345703	12.877906799316406	33.68068313598633
399.7752380371094	152.9718017578125	12.936938285827637	33.83507537841797
398.14337158203125	153.36666870117188	13.001317024230957	34.00344467163086
396.86236572265625	152.38723754882812	13.00255012512207	34.00667190551758
397.0	154.0	11.0	33.0
394.734375	151.60202026367188	10.956398010253906	32.86919403076172
393.68670654296875	150.4073486328125	10.955817222595215	32.867454528808594
393.64654541015625	150.7645263671875	11.001235961914062	33.00371170043945
392.56341552734375	150.20541381835938	10.917398452758789	32.752197265625
391.1704406738281	149.57521057128906	10.96347427368164	32.89042282104492
390.20123291015625	149.06088256835938	10.989606857299805	32.96882247924805
388.0	155.0	13.0	37.0
386.6326599121094	156.26226806640625	13.007156372070312	37.02036666870117
385.158203125	155.73907470703125	13.130961418151855	37.37273025512695
385.2681579589844	155.68014526367188	13.255763053894043	37.727935791015625
384.9955749511719	155.80712890625	13.325078010559082	37.92521667480469
384.2187805175781	156.40667724609375	13.424249649047852	38.20746994018555
385.70098876953125	157.8599395751953	13.355979919433594	38.01316452026367
384.69964599609375	156.36891174316406	13.305242538452148	37.86875915527344
383.4898681640625	155.20169067382812	13.099032402038574	37.281856536865234
380.57293701171875	150.58090209960938	13.040567398071289	37.115455627441406
379.6231384277344	150.02713012695312	12.83283805847168	36.524227142333984
380.21990966796875	150.11572265625	12.76069450378418	36.31889724731445
380.39453125	151.5772705078125	12.981500625610352	36.94733810424805
382.6151428222656	152.01055908203125	12.913459777832031	36.75368118286133
384.617919921875	151.8262481689453	12.939504623413086	36.82780838012695
385.1791687011719	151.86386108398438	12.683462142944336	36.09907150268555
385.1392517089844	152.11705017089844	12.654226303100586	36.01586151123047
385.51287841796875	152.66476440429688	12.689638137817383	36.11664581298828
386.5096130371094	152.32241821289062	12.61632251739502	35.90797805786133
387.9396667480469	151.90867614746094	12.674745559692383	36.074256896972656
389.4234924316406	152.14549255371094	12.622838973999023	35.92652130126953
390.2785339355469	151.7491912841797	12.765477180480957	36.332489013671875
391.7467041015625	152.3195037841797	12.873316764831543	36.6394157409668
394.42694091796875	151.5838623046875	12.799181938171387	36.42841720581055
396.3850402832031	151.52871704101562	12.8218994140625	36.493080139160156
397.8165588378906	151.9229278564453	12.392532348632812	35.271034240722656
400.0	154.0	10.0	34.0
402.3131408691406	151.53530883789062	10.255252838134766	34.78450012207031
399.0	155.0	14.0	32.0
402.03631591796875	153.49200439453125	14.079490661621094	32.18169403076172
403.1468200683594	154.09820556640625	13.886571884155273	31.740737915039062
404.53076171875	154.15916442871094	13.828718185424805	31.60849952697754
404.29119873046875	153.52517700195312	14.027448654174805	32.062744140625
404.060302734375	152.72299194335938	14.067770004272461	32.154903411865234
403.8707275390625	153.71414184570312	14.014132499694824	32.03230285644531
404.0	155.0	12.0	33.0
404.0	155.0	11.0	33.0
402.0872497558594	153.19894409179688	10.955300331115723	32.86589813232422
401.51544189453125	152.89779663085938	10.971717834472656	32.91515350341797
400.2056884765625	154.06610107421875	11.019978523254395	33.0599365234375
399.4085388183594	153.9229278564453	11.187304496765137	33.561912536621094
398.15545654296875	153.39675903320312	11.37122631072998	34.11368179321289
398.0138854980469	153.8732452392578	11.48412799835205	34.45238494873047
397.2746276855469	154.6549072265625	11.473814010620117	34.42144012451172
396.0164489746094	153.96157836914062	11.427690505981445	34.28307342529297
394.86480712890625	154.5557403564453	11.550016403198242	34.65005111694336
393.7527770996094	153.7150421142578	11.601911544799805	34.80573272705078
392.11798095703125	153.27590942382812	11.507020950317383	34.521060943603516
391.59844970703125	153.5629425048828	11.745160102844238	35.23548126220703
390.48431396484375	151.9763641357422	11.61428165435791	34.84284591674805
389.75103759765625	151.55654907226562	11.587907791137695	34.76372528076172
389.45391845703125	151.4598846435547	11.627439498901367	34.882320404052734
388.7967224121094	151.0160369873047	11.529081344604492	34.58724594116211
388.9825134277344	152.1193389892578	11.395366668701172	34.18610382080078
387.666748046875	151.8662109375	11.29358959197998	33.880775451660156
380.0	160.0	14.0	45.0
379.0	159.0	15.0	46.0
379.0	160.0	15.0	45.0
379.569091796875	159.08804321289062	15.011212348937988	45.03363800048828
380.5397033691406	157.01132202148438	14.928271293640137	44.784812927246094
380.44757080078125	159.10586547851562	15.054939270019531	45.164817810058594
379.5179748535156	155.65676879882812	15.148534774780273	45.44560241699219
377.877685546875	149.7593231201172	15.265069961547852	45.795204162597656
378.82470703125	154.99429321289062	15.289629936218262	45.86888885498047
379.15899658203125	156.52964782714844	15.495991706848145	46.48796844482422
379.001953125	153.33767700195312	15.574923515319824	46.72476577758789
379.25927734375	155.342041015625	15.877827644348145	47.633480072021484
379.9447326660156	154.39520263671875	15.537910461425781	46.61372756958008
428.0	158.0	11.0	34.0
430.3299865722656	157.69754028320312	10.90104866027832	33.69414520263672
430.0	157.0	12.0	34.0
432.99822998046875	156.77476501464844	11.925728797912598	33.7895622253418
434.34466552734375	156.51162719726562	12.118650436401367	34.33617401123047
435.0	157.0	12.0	35.0
437.0	157.0	13.0	35.0
439.97802734375	156.53274536132812	13.041421890258789	35.11151885986328
441.89617919921875	155.7729034423828	12.937986373901367	34.833038330078125
444.5382385253906	156.81082153320312	12.681669235229492	34.14295196533203
445.94720458984375	157.99209594726562	12.53882884979248	33.758384704589844
288.0	157.0	12.0	34.0
292.5154113769531	174.10313415527344	-0.0423736572265625	33.622901916503906
291.0	156.0	12.0	34.0
292.6551818847656	156.9911346435547	12.028550148010254	34.08089065551758
292.981201171875	156.87442016601562	11.828580856323242	34.944400787353516
117.0	153.0	12.0	28.0
119.2793197631836	151.12185668945312	11.91912841796875	27.81130027770996
113.92138671875	152.06857299804688	8.79638957977295	25.147520065307617
124.0	152.0	10.0	28.0
127.0	152.0	9.0	26.0
128.65097045898438	152.2235565185547	10.0	26.240154266357422
131.0	151.0	9.0	27.0
132.0	153.0	8.0	25.0
132.65432739257812	152.8226776123047	10.0	25.367807388305664
132.0	153.0	12.0	25.0
132.0	154.0	14.0	25.0
133.0	154.0	14.0	25.0
134.5216522216797	154.41415405273438	14.0457763671875	25.081745147705078
134.78890991210938	154.27871704101562	13.92737865447998	24.87032127380371
136.0	153.0	11.0	26.0
138.97579956054688	152.5526580810547	11.047096252441406	26.111318588256836
138.71041870117188	150.2533416748047	11.208539962768555	26.492910385131836
141.22531127929688	152.3167724609375	11.273574829101562	26.64662742614746
142.93313598632812	151.44871520996094	11.319831848144531	26.755962371826172
144.8634490966797	151.5182342529297	11.515825271606445	27.219219207763672
146.32443237304688	152.9364776611328	11.71442699432373	27.688644409179688
150.0	152.0	14.0	27.0
152.255126953125	152.10507202148438	14.180798530578613	27.348682403564453
154.1151580810547	152.15292358398438	13.856953620910645	26.72412109375
155.45632934570312	152.6654052734375	14.069986343383789	27.13496971130371
157.8871612548828	150.61366271972656	13.986343383789062	26.973657608032227
161.6878662109375	150.0924072265625	13.735725402832031	26.490325927734375
163.88955688476562	153.21780395507812	13.627850532531738	26.28228187561035
167.35028076171875	152.2382049560547	13.810195922851562	26.633947372436523
170.4120330810547	151.5747833251953	13.827024459838867	26.66640281677246
171.2328338623047	151.39834594726562	13.817425727844238	26.647891998291016
172.67257690429688	152.1909637451172	13.666583061218262	26.356983184814453
175.0	153.0	15.0	27.0
177.20457458496094	152.26170349121094	15.219271659851074	27.39468765258789
179.1946563720703	152.63937377929688	15.334068298339844	27.601322174072266
181.51220703125	152.63389587402344	15.342686653137207	27.616832733154297
183.88168334960938	152.2736053466797	15.590005874633789	28.0620059967041
187.0	154.0	11.0	25.0
189.0	152.0	10.0	26.0
192.0	151.0	8.0	27.0
193.3404541015625	150.0033721923828	10.0	27.1158504486084
194.97549438476562	150.3846435546875	10.12160873413086	27.20880126953125
196.53018188476562	151.84925842285156	10.014220237731934	26.6227970123291
198.0	152.0	12.0	27.0
199.0	152.0	13.0	26.0
201.0	151.0	13.0	28.0
203.34713745117188	152.5096893310547	12.957796096801758	27.90909767150879
205.4789581298828	152.26559448242188	13.015362739562988	28.0330867767334
207.04043579101562	151.827392578125	13.161361694335938	28.347545623779297
209.0	152.0	11.0	26.0
211.88510131835938	151.4595184326172	10.922796249389648	25.817516326904297
213.2091827392578	150.60694885253906	10.923627853393555	25.819482803344727
215.2165985107422	153.1007080078125	11.089030265808105	26.210433959960938
217.433349609375	152.48626708984375	11.072473526000977	26.17129898071289
219.62460327148438	152.45713806152344	11.011869430541992	26.02805519104004
220.0	153.0	15.0	27.0
221.0	153.0	16.0	27.0
223.3383331298828	152.39617919921875	15.8949613571167	26.822750091552734
225.6553192138672	152.48719787597656	15.84248161315918	26.734188079833984
228.13735961914062	152.49072265625	15.361332893371582	25.922250747680664
230.77066040039062	152.63087463378906	15.152410507202148	25.56969451904297
232.2582550048828	151.8323211669922	15.118494033813477	25.512460708618164
237.0	153.0	8.0	25.0
238.6764678955078	151.24398803710938	10.0	24.88154411315918
240.65103149414062	151.31240844726562	10.145305633544922	25.243087768554688
243.0	152.0	10.0	27.0
244.0	153.0	13.0	26.0
245.66049194335938	153.22970581054688	12.958929061889648	25.917858123779297
247.5368194580078	153.00503540039062	13.129648208618164	26.259296417236328
249.0	154.0	15.0	26.0
251.75439453125	152.9408416748047	15.206609725952148	26.35811996459961
255.0	153.0	10.0	25.0
258.11962890625	152.5275421142578	10.121124267578125	25.186176300048828
259.55230712890625	151.137451171875	10.288749694824219	25.49779510498047
262.2976989746094	150.9881134033203	10.239416122436523	25.375534057617188
264.6604919433594	151.18936157226562	10.155285835266113	25.030826568603516
267.0	151.0	10.0	27.0
269.0	152.0	11.0	27.0
271.29180908203125	152.25753784179688	11.115499496459961	27.283498764038086
273.37445068359375	151.86952209472656	11.27149772644043	27.666406631469727
274.65789794921875	152.47640991210938	11.191070556640625	27.468994140625
276.2165222167969	153.126953125	11.232586860656738	27.570898056030273
278.156005859375	153.2716522216797	11.250886917114258	27.615814208984375
278.92291259765625	152.64523315429688	11.242742538452148	27.5958251953125
280.1248779296875	152.86209106445312	11.085261344909668	27.209280014038086
281.4154357910156	152.45559692382812	11.12439250946045	27.305328369140625
282.981689453125	151.63815307617188	11.017985343933105	27.044147491455078
284.0281982421875	152.08001708984375	11.101303100585938	27.2486572265625
285.97894287109375	150.6031036376953	11.095264434814453	27.233835220336914
286.7066345214844	151.97933959960938	11.128015518188477	27.314224243164062
288.095458984375	151.64572143554688	11.40183162689209	27.986318588256836
289.1024475097656	150.8541259765625	11.457722663879395	28.123504638671875
290.0	153.0	12.0	26.0
291.03741455078125	151.9715118408203	12.354952812194824	26.769062042236328
293.05169677734375	152.85470581054688	12.478057861328125	27.035791397094727
293.66796875	152.72987365722656	12.38080883026123	26.825088500976562
294.7269287109375	151.9806671142578	12.263662338256836	26.571269989013672
295.8916931152344	152.256591796875	12.196098327636719	26.424880981445312
332.0	155.0	13.0	38.0
331.4417724609375	157.3516387939453	13.01928997039795	38.0563850402832
331.8146667480469	156.77220153808594	12.977668762207031	37.934722900390625
331.5708923339844	157.4477081298828	12.925132751464844	37.781150817871094
299.0	153.0	16.0	26.0
299.6614990234375	151.95748901367188	16.24431800842285	26.397014617919922
300.9620361328125	152.33135986328125	16.599918365478516	26.974863052368164
301.97589111328125	151.81787109375	16.436847686767578	26.70987319946289
304.0	152.0	13.0	28.0
306.5250549316406	151.54811096191406	12.866415023803711	27.7122802734375
307.8258361816406	151.7115020751953	12.69175910949707	27.336095809936523
309.6476135253906	149.50985717773438	12.837786674499512	27.650619506835938
312.04803466796875	150.1238250732422	12.704228401184082	27.36295509338379
313.2215270996094	149.86941528320312	12.724623680114746	27.406885147094727
313.6419677734375	150.22740173339844	12.86189079284668	27.70253562927246
316.2767639160156	151.72193908691406	12.650525093078613	27.24728775024414
317.0	152.0	14.0	27.0
319.206298828125	151.76504516601562	14.071622848510742	27.13812828063965
321.0	152.0	13.0	27.0
323.52923583984375	151.18626403808594	12.959634780883789	26.916162490844727
324.82708740234375	151.36740112304688	13.099713325500488	27.207096099853516
326.290283203125	149.42491149902344	13.39538288116455	27.821178436279297
328.0205383300781	149.83755493164062	13.220489501953125	27.457937240600586
329.9085388183594	150.7707977294922	13.230447769165039	27.478618621826172
334.0	152.0	9.0	25.0
334.98468017578125	152.1212158203125	10.0	24.960079193115234
335.74407958984375	152.33224487304688	10.322477340698242	25.764984130859375
336.23663330078125	151.93414306640625	10.551213264465332	26.335906982421875
337.2134704589844	152.07888793945312	10.613962173461914	26.492528915405273
339.16241455078125	151.96090698242188	10.836283683776855	27.04744529724121
339.5948181152344	152.6437225341797	10.655280113220215	26.595661163330078
340.1097717285156	150.88436889648438	10.819376945495605	27.0052490234375
340.9640808105469	150.7415313720703	10.85500431060791	27.09417724609375
136.0	153.0	8.0	24.0
157.2378387451172	175.4196319580078	-0.5331516265869141	4.728687286376953
150.04835510253906	176.20736694335938	3.1194095611572266	4.093203544616699
156.56564331054688	180.08148193359375	4.271965026855469	2.9708645343780518
166.78009033203125	182.873779296875	9.889167785644531	5.934586524963379
175.32778930664062	186.51129150390625	13.30854320526123	8.541659355163574
169.69271850585938	188.9721221923828	10.442190170288086	8.328328132629395
161.71763610839844	193.45986938476562	9.67085075378418	8.245911598205566
156.2061767578125	196.50674438476562	9.564586639404297	8.802674293518066
151.87969970703125	197.86558532714844	9.527239799499512	10.270611763000488
148.588623046875	198.73129272460938	9.304560661315918	11.884160041809082
146.1942596435547	199.34744262695312	8.954963684082031	13.402249336242676
144.3889617919922	199.71221923828125	8.60781478881836	14.863137245178223
142.82870483398438	199.78619384765625	8.368273735046387	16.340293884277344
141.24563598632812	199.51907348632812	8.285846710205078	17.909263610839844
136.0	154.0	8.0	22.0
144.4830322265625	163.4884033203125	5.388924598693848	23.746946334838867
136.0	152.0	8.0	23.0
135.751220703125	155.00711059570312	6.065011024475098	23.40313148498535
136.52406311035156	152.8768768310547	10.0	23.126211166381836
137.38290405273438	152.0394287109375	10.230979919433594	23.464712142944336
137.2158660888672	152.39999389648438	10.198448181152344	23.351551055908203
136.88279724121094	150.33840942382812	10.320189476013184	23.630306243896484
137.2644805908203	151.04283142089844	10.315607070922852	23.61981201171875
138.12478637695312	153.77536010742188	10.308258056640625	23.522563934326172
366.0	153.0	8.0	28.0
366.238037109375	152.1797637939453	10.0	28.464847564697266
366.9334716796875	150.7567138671875	10.158912658691406	28.830852508544922
364.0	154.0	17.0	27.0
366.5643310546875	153.22764587402344	17.145057678222656	27.230388641357422
366.916015625	153.93150329589844	17.244617462158203	27.388513565063477
368.29266357421875	152.27175903320312	17.113361358642578	27.1800479888916
368.37933349609375	152.0579376220703	17.14614486694336	27.23211669921875
371.03375244140625	152.00559997558594	17.265705108642578	27.422006607055664
371.48944091796875	152.45382690429688	17.091529846191406	27.145376205444336
372.1041564941406	152.14151000976562	16.988094329833984	26.981098175048828
373.2789001464844	150.50314331054688	17.043060302734375	27.06839942932129
373.7041015625	151.802001953125	17.03718376159668	27.059066772460938
374.52203369140625	151.74000549316406	17.173309326171875	27.275264739990234
375.3233642578125	151.9793701171875	17.245149612426758	27.38936424255371
375.965087890625	150.93939208984375	17.373886108398438	27.593826293945312
377.2899169921875	150.62075805664062	17.236730575561523	27.375995635986328
378.0	152.0	15.0	28.0
380.6979675292969	151.44937133789062	14.624116897583008	27.298351287841797
382.048583984375	152.49478149414062	14.463709831237793	26.99892807006836
382.2333984375	150.9017791748047	14.639409065246582	27.3268985748291
383.3710632324219	152.20388793945312	14.759836196899414	27.55169677734375
383.71832275390625	151.6737060546875	14.678921699523926	27.40065574645996
383.50030517578125	150.08584594726562	14.494494438171387	27.0563907623291
384.01385498046875	151.78500366210938	14.390848159790039	26.8629150390625
383.00921630859375	151.75393676757812	14.272626876831055	26.642236709594727
381.70831298828125	152.46353149414062	14.284675598144531	26.66472816467285
380.0	152.0	14.0	27.0
378.08050537109375	150.81195068359375	14.147207260131836	27.283899307250977
374.3796691894531	150.3282928466797	14.114913940429688	27.22161865234375
373.2464599609375	152.2610626220703	14.222371101379395	27.42885971069336
370.5107421875	149.2012176513672	14.376813888549805	27.726715087890625
367.1993408203125	147.11337280273438	14.218914985656738	27.422195434570312
365.6409606933594	146.92333984375	14.055761337280273	27.1075439453125
362.94403076171875	146.7628631591797	13.8761568069458	26.76116371154785
361.4938049316406	148.36782836914062	13.927728652954102	26.860620498657227
360.16888427734375	152.20022583007812	13.879780769348145	26.768152236938477
359.0442199707031	152.37796020507812	13.755681991577148	26.528818130493164
356.5963134765625	151.6129913330078	13.974418640136719	26.950664520263672
355.92742919921875	150.5237274169922	14.237123489379883	27.457305908203125
355.0	152.0	12.0	28.0
355.1168518066406	149.06622314453125	11.979394912719727	27.951919555664062
355.7767639160156	150.48684692382812	11.925313949584961	27.825729370117188
355.4861755371094	151.6505584716797	12.023838996887207	28.055618286132812
354.50701904296875	150.4634246826172	12.210243225097656	28.49056053161621
354.6147155761719	150.46995544433594	12.16062068939209	28.37477684020996
355.0	149.0	9.0	29.0
355.189208984375	150.8138885498047	10.0	28.60186767578125
354.0	152.0	12.0	27.0
354.0	152.0	13.0	27.0
353.0	152.0	15.0	27.0
353.0	152.0	15.0	28.0
353.0	152.0	14.0	28.0
354.1274108886719	151.60134887695312	13.950655937194824	27.90131187438965
354.1199951171875	152.2421875	14.076288223266602	28.152576446533203
356.0	150.0	8.0	27.0
355.92828369140625	151.681884765625	10.0	26.978275299072266
355.5073547363281	151.15455627441406	10.02428913116455	26.678905487060547
354.5243225097656	151.81297302246094	10.331561088562012	27.496685028076172
354.4967041015625	150.96792602539062	10.46153736114502	27.842609405517578
354.1036071777344	151.6073760986328	10.55561637878418	28.09299659729004
352.0	152.0	14.0	26.0
352.544677734375	151.79627990722656	13.8605318069458	25.740985870361328
351.7593078613281	151.23941040039062	14.000951766967773	26.00176429748535
351.318603515625	151.7955780029297	14.079571723937988	26.14777183532715
350.0	152.0	12.0	27.0
349.9966125488281	152.16860961914062	11.950013160705566	26.887531280517578
348.7108459472656	151.4366455078125	12.046953201293945	27.105642318725586
346.25860595703125	150.72055053710938	12.062971115112305	27.141681671142578
343.59625244140625	151.464599609375	12.059391021728516	27.13362693786621
341.4952697753906	152.1865692138672	12.282644271850586	27.63594627380371
340.43035888671875	149.859619140625	12.259387016296387	27.5836181640625
338.5296325683594	151.62403869628906	12.259411811828613	27.58367347717285
338.0	150.0	10.0	27.0
335.0	151.0	15.0	28.0
333.9408264160156	150.42495727539062	15.12306022644043	28.22971534729004
332.6597900390625	150.84457397460938	15.0637788772583	28.119054794311523
331.0	150.0	13.0	30.0
329.9490661621094	150.0853729248047	12.93968391418457	29.860809326171875
330.0	152.0	9.0	25.0
327.74334716796875	152.7897491455078	10.0	25.2943172454834
326.1903991699219	151.6710205078125	10.207622528076172	25.819482803344727
326.0	150.0	9.0	27.0
323.8118591308594	148.97769165039062	10.0	26.870956420898438
323.45440673828125	149.38548278808594	10.127302169799805	26.717554092407227
322.31915283203125	150.46896362304688	10.190959930419922	26.8854923248291
320.9541320800781	149.78990173339844	10.365480422973633	27.345911026000977
320.039794921875	150.03317260742188	10.30467414855957	27.117895126342773
319.2666931152344	149.95542907714844	10.397171020507812	27.361312866210938
317.404052734375	149.53887939453125	10.198301315307617	26.786422729492188
315.6834716796875	149.7545623779297	10.100507736206055	26.432872772216797
314.4212951660156	149.41476440429688	10.15715217590332	26.561450958251953
314.54296875	145.2602081298828	10.104458808898926	26.24658203125
312.68548583984375	144.35433959960938	10.252386093139648	26.541332244873047
312.2752990722656	144.3223114013672	10.397974967956543	26.824909210205078
310.25238037109375	144.396484375	10.430315017700195	26.908340454101562
311.1750793457031	145.32009887695312	10.445892333984375	26.948528289794922
309.36053466796875	147.31338500976562	10.51098918914795	27.116466522216797
307.2118225097656	150.16763305664062	10.556782722473145	27.234603881835938
304.6745910644531	152.75828552246094	10.63932991027832	27.447561264038086
304.4262390136719	152.16183471679688	10.14581298828125	27.988996505737305
304.46649169921875	151.8470916748047	9.531002044677734	28.53911018371582
299.75555419921875	157.29904174804688	10.0	28.698949813842773
299.41021728515625	156.6837615966797	10.07628345489502	28.683349609375
293.8365478515625	160.2858428955078	10.124566078186035	28.547073364257812
290.5389709472656	164.0219268798828	10.097238540649414	28.147781372070312
288.45257568359375	163.57156372070312	10.189656257629395	28.2001953125
286.96026611328125	164.51058959960938	10.164984703063965	28.117090225219727
285.3470458984375	162.86338806152344	10.216931343078613	28.180139541625977
283.62109375	154.3230438232422	10.193487167358398	27.966760635375977
281.336181640625	152.0846710205078	10.147710800170898	27.841167449951172
280.9629211425781	155.62110900878906	10.270243644714355	28.177349090576172
281.99664306640625	162.92062377929688	10.159940719604492	27.718109130859375
281.63897705078125	161.28189086914062	10.695962905883789	27.466176986694336
286.269775390625	158.35324096679688	10.485158920288086	26.924854278564453
457.0	151.0	13.0	38.0
455.13897705078125	151.3033905029297	13.148874282836914	38.4351692199707
454.72686767578125	151.61843872070312	13.331477165222168	38.96893310546875
454.0	152.0	12.0	37.0
453.324462890625	152.0933380126953	11.955817222595215	36.863773345947266
451.0	152.0	13.0	38.0
449.98211669921875	151.75332641601562	12.849687576293945	37.56062698364258
449.3519592285156	151.4025421142578	12.65777587890625	36.999656677246094
304.0	149.0	9.0	27.0
304.20489501953125	150.10433959960938	10.0	27.285274505615234
303.48468017578125	149.2380828857422	10.0830717086792	27.478857040405273
304.58233642578125	149.23277282714844	10.131366729736328	27.427570343017578
304.2619934082031	149.30929565429688	10.19529914855957	27.525264739990234
304.0	148.0	11.0	28.0
304.0	149.0	10.0	28.0
443.0	153.0	14.0	37.0
302.0	150.0	12.0	27.0
302.0	150.0	10.0	27.0
300.9539489746094	149.48196411132812	10.09266185760498	27.20095443725586
297.57183837890625	149.97547912597656	10.295904159545898	27.651809692382812
293.7510070800781	148.65284729003906	10.445231437683105	28.0528621673584
290.0	147.0	10.0	30.0
288.0	147.0	10.0	30.0
284.8341979980469	146.09951782226562	10.150809288024902	30.32211685180664
284.4110412597656	146.8992919921875	10.239816665649414	30.34342384338379
282.0	149.0	11.0	28.0
280.8954772949219	149.5496826171875	10.946894645690918	27.864822387695312
277.0	149.0	15.0	29.0
276.15948486328125	148.37246704101562	14.927342414855957	28.859527587890625
274.7831726074219	148.32447814941406	15.074666023254395	29.14435386657715
273.3416748046875	148.08425903320312	15.002859115600586	29.00552749633789
273.0	148.0	11.0	29.0
273.0	148.0	9.0	28.0
270.8506774902344	147.59725952148438	10.0	27.994003295898438
271.0	148.0	10.0	29.0
268.25994873046875	147.18283081054688	10.122880935668945	29.24371910095215
266.2857971191406	146.73040771484375	10.36686897277832	29.948572158813477
264.6983947753906	147.76219177246094	10.367036819458008	29.949054718017578
262.44586181640625	148.13943481445312	10.46966552734375	30.245532989501953
260.2967834472656	147.7127227783203	10.529403686523438	30.418109893798828
258.3935852050781	147.24935913085938	10.505605697631836	30.3493595123291
255.44198608398438	146.578857421875	10.576818466186523	30.555084228515625
255.5240936279297	144.478271484375	9.799657821655273	30.73050880432129
248.2600555419922	145.81918334960938	10.07070255279541	31.34671401977539
244.70742797851562	145.1659698486328	10.12687873840332	31.37529945373535
240.0746612548828	144.3026580810547	10.17793083190918	31.533472061157227
232.8619384765625	144.36538696289062	10.217889785766602	31.630971908569336
226.5754852294922	144.6104736328125	10.186071395874023	31.439966201782227
221.31942749023438	145.0681915283203	10.127893447875977	31.121112823486328
216.0503692626953	146.52084350585938	10.161764144897461	31.02874755859375
211.81027221679688	145.72323608398438	10.137727737426758	30.62040138244629
206.9728240966797	145.87600708007812	10.242843627929688	30.87409019470215
202.73130798339844	145.5315704345703	10.174939155578613	30.58089256286621
199.16485595703125	145.71139526367188	10.201766967773438	30.646961212158203
195.64669799804688	145.86111450195312	10.309866905212402	30.97170066833496
195.35690307617188	141.72445678710938	10.512968063354492	31.581829071044922
193.51864624023438	145.65988159179688	10.516263961791992	31.59173011779785
191.68089294433594	144.66549682617188	10.375048637390137	31.16750717163086
189.4305877685547	146.9064483642578	10.32463264465332	31.016048431396484
188.39340209960938	144.8414306640625	10.47649097442627	31.472244262695312
186.69570922851562	144.67501831054688	10.624682426452637	31.91742515563965
186.03628540039062	145.36248779296875	10.425780296325684	31.31990623474121
185.87049865722656	144.65603637695312	10.525089263916016	31.618236541748047
186.008056640625	142.55538940429688	9.969667434692383	31.574697494506836
184.51023864746094	144.53424072265625	10.057476997375488	31.404281616210938
184.64358520507812	142.8903350830078	10.17222785949707	31.60343360900879
184.46392822265625	143.7567138671875	10.22744369506836	31.773250579833984
183.8830108642578	143.9009552001953	10.3263521194458	31.91659164428711
183.31988525390625	143.8526153564453	10.358205795288086	32.01504898071289
183.247314453125	141.06234741210938	10.485321044921875	32.407936096191406
182.9089813232422	140.26998901367188	10.432158470153809	32.23497772216797
182.878173828125	139.5337371826172	10.499776840209961	32.44392013549805
182.81248474121094	139.2972869873047	10.465073585510254	32.33668899536133
182.58010864257812	140.73464965820312	10.425482749938965	32.214359283447266
183.403076171875	141.5894775390625	10.574026107788086	32.6733512878418
183.87637329101562	143.43887329101562	10.64551830291748	32.89426040649414
184.05093383789062	144.89927673339844	10.571199417114258	32.66461944580078
183.93887329101562	142.455322265625	10.185575485229492	32.702369689941406
184.44430541992188	140.78448486328125	9.811586380004883	32.63681411743164
186.414794921875	145.41635131835938	10.0	32.181007385253906
187.3821563720703	144.46446228027344	10.078951835632324	32.252288818359375
187.63278198242188	142.47042846679688	9.589111328125	32.142967224121094
188.1901397705078	145.1473846435547	10.008392333984375	32.19411087036133
189.0	148.0	11.0	28.0
189.1270294189453	147.46926879882812	11.038152694702148	28.097116470336914
190.42469787597656	147.314453125	11.143423080444336	28.36507797241211
190.46139526367188	146.35577392578125	11.220708847045898	28.56180763244629
191.2021484375	146.66201782226562	11.393732070922852	29.002233505249023
190.96627807617188	146.92579650878906	11.42860221862793	29.09099769592285
191.62612915039062	147.02871704101562	11.266608238220215	28.67864990234375
193.0	149.0	9.0	27.0
195.0	148.0	7.0	27.0
194.0	149.0	9.0	26.0
194.26019287109375	148.63290405273438	10.0	26.471477508544922
195.0	149.0	11.0	27.0
195.0	149.0	12.0	27.0
197.0	148.0	10.0	27.0
197.0	147.0	11.0	28.0
197.0	149.0	12.0	27.0
199.0	149.0	10.0	27.0
200.0	149.0	10.0	26.0
201.0	148.0	9.0	27.0
201.06246948242188	148.3709716796875	10.0	27.097030639648438
201.14932250976562	147.70071411132812	10.112165451049805	27.360239028930664
201.8568115234375	148.07870483398438	10.204429626464844	27.526905059814453
202.62265014648438	147.77178955078125	10.286619186401367	27.59674644470215
204.18792724609375	147.88510131835938	10.302179336547852	27.626134872436523
203.7099609375	147.64334106445312	10.248394012451172	27.462886810302734
205.0	149.0	10.0	26.0
205.98501586914062	149.0868377685547	10.185426712036133	26.3901309967041
205.84689331054688	149.03985595703125	10.415600776672363	26.831256866455078
206.8578643798828	149.00173950195312	10.528116226196289	27.121105194091797
207.1315460205078	148.91629028320312	10.510957717895508	27.076904296875
207.6178741455078	148.5428924560547	10.682202339172363	27.51803970336914
207.40664672851562	148.53121948242188	10.725284576416016	27.629024505615234
209.0	149.0	8.0	27.0
207.4304656982422	147.84848022460938	10.0	27.62579917907715
209.0	148.0	9.0	28.0
207.974609375	147.718994140625	10.0	28.30636978149414
209.0	148.0	9.0	28.0
208.9039306640625	147.94276428222656	10.0	28.505558013916016
209.1055145263672	148.07655334472656	10.04401969909668	28.19491195678711
208.0	147.0	11.0	28.0
208.0	149.0	12.0	26.0
209.3361358642578	149.50856018066406	12.127412796020508	26.276058197021484
209.6363525390625	147.54629516601562	12.286276817321777	26.620264053344727
211.0	148.0	10.0	27.0
212.00625610351562	148.27197265625	10.085894584655762	26.850704193115234
212.29220581054688	148.52566528320312	10.196199417114258	26.830577850341797
