126.0	236.0	22.0	29.0
127.0	233.0	21.0	28.0
128.0	232.0	22.0	30.0
129.0	231.0	20.0	29.0
129.0	231.0	21.0	30.0
131.0	231.0	21.0	30.0
130.0	229.0	22.0	31.0
129.82330322265625	227.4931182861328	21.817068099975586	30.742233276367188
132.0	227.0	21.0	30.0
132.0	225.0	22.0	31.0
131.0	225.0	24.0	31.0
133.0	226.0	22.0	29.0
133.0	223.0	22.0	30.0
133.0	223.0	22.0	30.0
134.0	222.0	22.0	30.0
132.0	220.0	24.0	31.0
135.0	217.0	22.0	29.0
136.0	217.0	23.0	31.0
136.0	218.0	23.0	31.0
138.0	215.0	21.0	30.0
138.0	215.0	22.0	32.0
139.0	214.0	21.0	30.0
138.0	213.0	23.0	33.0
140.0	213.0	21.0	30.0
140.0	213.0	22.0	30.0
140.0	210.0	24.0	32.0
142.0	211.0	22.0	31.0
142.0	209.0	21.0	31.0
142.0	207.0	20.0	30.0
143.0624542236328	205.79745483398438	20.519412994384766	30.77911949157715
141.0	205.0	22.0	33.0
140.0	204.0	22.0	33.0
137.0	204.0	22.0	30.0
133.0	204.0	23.0	32.0
131.0	201.0	23.0	32.0
126.0	202.0	22.0	31.0
123.0	200.0	23.0	31.0
119.3122787475586	198.8374481201172	22.923675537109375	30.897125244140625
117.0	198.0	23.0	30.0
114.0	196.0	21.0	31.0
109.0	197.0	22.0	32.0
105.0	195.0	23.0	32.0
101.35765075683594	193.42123413085938	22.5747013092041	31.408283233642578
98.0	193.0	22.0	31.0
97.0	192.0	22.0	32.0
94.0	191.0	23.0	32.0
95.0	189.0	22.0	33.0
94.0	188.0	22.0	33.0
91.0	188.0	23.0	32.0
91.0	186.0	22.0	34.0
88.0	187.0	24.0	34.0
89.0	186.0	20.0	31.0
88.0	185.0	23.0	32.0
87.0	182.0	23.0	31.0
90.0	181.0	20.0	29.0
90.46858215332031	180.27732849121094	20.313974380493164	29.455265045166016
89.0	185.0	23.0	29.0
88.0	179.0	25.0	35.0
90.0	177.0	23.0	33.0
89.0	176.0	25.0	33.0
91.0	177.0	22.0	33.0
89.0	175.0	25.0	34.0
90.0	177.0	24.0	32.0
91.0	175.0	24.0	33.0
91.0	175.0	22.0	31.0
89.0	173.0	25.0	33.0
91.0	174.0	23.0	32.0
91.0	171.0	23.0	31.0
89.0	171.0	23.0	31.0
90.0	171.0	23.0	31.0
89.19111633300781	169.85009765625	23.30872344970703	31.416107177734375
89.64509582519531	168.02139282226562	23.478212356567383	31.644546508789062
93.0	180.0	20.0	23.0
90.0	173.0	24.0	30.0
91.0	166.0	24.0	33.0
91.0	168.0	22.0	31.0
91.0	164.0	23.0	32.0
91.0	167.0	21.0	31.0
91.0	163.0	23.0	35.0
92.0	162.0	24.0	34.0
91.0	163.0	28.0	36.0
88.98453521728516	159.56509399414062	27.694955825805664	35.60780334472656
90.088134765625	160.78660583496094	27.182682037353516	34.94916534423828
90.75758361816406	158.84681701660156	26.760173797607422	34.40593719482422
91.69293212890625	154.9956817626953	26.24883460998535	33.748497009277344
90.19349670410156	152.6581573486328	25.789142608642578	33.15746307373047
62.0	159.0	20.0	33.0
95.0	164.0	20.0	25.0
94.3204116821289	159.3286590576172	20.00112533569336	25.001407623291016
94.0	153.0	22.0	36.0
93.0	153.0	22.0	34.0
93.0	152.0	23.0	36.0
92.15298461914062	150.72671508789062	23.00994300842285	36.015560150146484
92.94727325439453	149.7027130126953	23.174631118774414	36.27333068847656
93.72578430175781	147.62744140625	23.152441024780273	36.23859786987305
95.0	154.0	21.0	29.0
95.0	150.0	23.0	33.0
95.0	146.0	26.0	35.0
96.0	147.0	22.0	32.0
95.0	145.0	26.0	37.0
96.0	144.0	24.0	36.0
96.0	144.0	24.0	36.0
97.0	143.0	23.0	36.0
96.0	143.0	24.0	36.0
96.0	142.0	26.0	34.0
96.0	140.0	26.0	35.0
96.0	139.0	25.0	36.0
96.0	140.0	25.0	36.0
96.96296691894531	139.22402954101562	24.93206787109375	35.902183532714844
96.6869125366211	138.009521484375	25.11710548400879	36.16864013671875
97.09589385986328	135.12933349609375	24.607006072998047	35.43409729003906
97.2828369140625	133.98898315429688	24.193145751953125	34.838138580322266
97.72248840332031	134.87960815429688	24.171533584594727	34.80701446533203
102.0	148.0	19.0	23.0
101.0	142.0	20.0	27.0
99.0	138.0	23.0	33.0
100.0	135.0	22.0	31.0
99.70954895019531	136.75051879882812	22.186763763427734	31.263172149658203
100.0	133.0	22.0	34.0
100.0	132.0	23.0	33.0
100.0	130.0	23.0	33.0
100.0372085571289	130.8651885986328	22.987491607666016	32.982059478759766
100.15613555908203	129.5801544189453	23.3343563079834	33.479736328125
100.34830474853516	129.3397216796875	23.2979793548584	33.42754364013672
101.0993881225586	130.02943420410156	23.339435577392578	33.487022399902344
101.49607849121094	129.3551483154297	23.419748306274414	33.60225296020508
100.65690612792969	130.06756591796875	23.51637077331543	33.740882873535156
99.67967224121094	129.2792205810547	23.94744873046875	34.35938262939453
99.14306640625	125.12730407714844	24.22774887084961	34.76155090332031
100.72870635986328	122.1257553100586	24.214488983154297	34.742523193359375
72.0	134.0	21.0	25.0
70.90898895263672	134.54869079589844	20.995662689208984	24.99483871459961
103.0	137.0	19.0	25.0
103.0	131.0	20.0	27.0
102.0	126.0	22.0	32.0
102.08946228027344	123.47795104980469	21.842004776000977	31.770191192626953
102.0	121.0	24.0	32.0
102.20350646972656	121.1243896484375	24.15771484375	32.21028518676758
102.7269287109375	126.60246276855469	23.592517852783203	31.456689834594727
103.2801284790039	123.23588562011719	23.681575775146484	31.5754337310791
104.0	119.0	23.0	35.0
103.72344970703125	119.27668762207031	23.362449645996094	35.551551818847656
105.0	116.0	24.0	37.0
105.0	118.0	23.0	37.0
104.0	113.0	27.0	38.0
106.0	116.0	23.0	33.0
107.32867431640625	117.98844909667969	23.145889282226562	33.209320068359375
106.0	113.0	26.0	37.0
107.0	112.0	24.0	37.0
108.0	112.0	25.0	37.0
108.0	111.0	23.0	32.0
108.0	111.0	23.0	37.0
108.0	112.0	23.0	35.0
109.3428955078125	109.82984924316406	22.900772094726562	34.8489990234375
109.07078552246094	109.89705657958984	23.24965476989746	35.379905700683594
109.8704605102539	108.22127532958984	23.46532440185547	35.708099365234375
109.66447448730469	108.3559341430664	23.362945556640625	35.55230712890625
109.17044830322266	108.61092376708984	23.01578140258789	35.024009704589844
108.82010650634766	110.18089294433594	23.163562774658203	35.24889373779297
108.87559509277344	106.34620666503906	22.784257888793945	34.67169189453125
109.29505920410156	109.01082611083984	22.64859962463379	34.46525955200195
109.0	116.0	21.0	26.0
108.0	108.0	23.0	32.0
108.02427673339844	106.38978576660156	23.517871856689453	32.72051239013672
108.03153991699219	106.5904312133789	23.45108413696289	32.627593994140625
108.8763427734375	104.56098937988281	23.48369789123535	32.67296600341797
110.31787109375	103.57926177978516	23.34420394897461	32.47888946533203
110.0621109008789	103.5086898803711	23.46664047241211	32.64923858642578
112.17625427246094	103.02116394042969	23.644535064697266	32.89674758911133
109.71940612792969	102.44361877441406	23.505645751953125	32.703514099121094
110.90899658203125	100.8040542602539	23.09917449951172	32.13798904418945
111.2712173461914	99.72454833984375	23.2382869720459	32.33154296875
113.79366302490234	108.0290298461914	23.360973358154297	32.50223922729492
110.8440170288086	101.56129455566406	23.178369522094727	32.2481803894043
110.61334228515625	95.25415802001953	23.575193405151367	32.80028533935547
111.34349060058594	97.85298919677734	23.62994384765625	32.87645721435547
109.1922836303711	97.65421295166016	23.350008010864258	32.48698043823242
110.32783508300781	98.72700500488281	23.589258193969727	32.819847106933594
111.0	92.0	22.0	36.0
111.0	96.0	22.0	33.0
112.0	89.0	22.0	36.0
112.0	91.0	23.0	35.0
112.07627868652344	93.39585876464844	22.941640853881836	34.91119384765625
111.7520751953125	91.78929138183594	22.90468978881836	34.85496139526367
111.15802001953125	90.52287292480469	23.088218688964844	35.13424301147461
112.26165771484375	90.51123809814453	23.061004638671875	35.09282684326172
111.54783630371094	88.5112075805664	23.45852279663086	35.69774627685547
112.17131042480469	89.2715835571289	23.43834686279297	35.66704559326172
111.0	86.0	24.0	36.0
111.87388610839844	88.60514831542969	24.046445846557617	36.069671630859375
111.7438735961914	89.2481689453125	23.819976806640625	35.7299690246582
112.1077880859375	88.28492736816406	23.617687225341797	35.426536560058594
113.0	84.0	22.0	36.0
113.1607894897461	85.773193359375	22.208126068115234	36.34056854248047
113.78746032714844	84.46174621582031	21.892499923706055	35.82408905029297
114.0	80.0	24.0	38.0
114.0252914428711	81.10585021972656	24.092327117919922	38.14618682861328
114.5613021850586	82.42388153076172	23.717206954956055	37.552249908447266
114.62098693847656	82.61563873291016	23.531688690185547	37.258514404296875
115.0	81.0	23.0	40.0
116.1830062866211	79.88798522949219	23.152578353881836	40.265350341796875
116.0	80.0	23.0	39.0
115.4937744140625	81.431640625	23.098323822021484	39.166725158691406
114.14813232421875	79.21434020996094	23.086315155029297	39.1463623046875
115.12642669677734	79.94676208496094	22.853931427001953	38.752323150634766
114.0	81.0	24.0	36.0
113.31233215332031	82.06962585449219	24.18204116821289	36.27306365966797
113.0	80.0	21.0	38.0
113.0	80.0	22.0	37.0
111.97489166259766	80.59809112548828	22.078960418701172	37.1328010559082
111.60774230957031	81.46693420410156	22.18335723876953	37.308372497558594
111.45867919921875	80.99189758300781	22.07284927368164	37.122520446777344
112.1117935180664	82.05671691894531	21.759334564208984	36.595245361328125
111.63410949707031	81.3852310180664	21.74045753479004	36.56349563598633
112.0588150024414	81.08106994628906	21.848388671875	36.74501419067383
112.5450210571289	80.93206787109375	21.822452545166016	36.701393127441406
113.0	79.0	22.0	39.0
114.13607025146484	80.09390258789062	21.755111694335938	38.565879821777344
113.823974609375	79.93770599365234	21.701793670654297	38.47136306762695
114.33985900878906	79.4898910522461	21.9503173828125	38.91192626953125
115.69877624511719	77.587890625	22.010269165039062	39.0181999206543
115.1019287109375	77.32552337646484	22.181446075439453	39.321651458740234
116.26496887207031	79.12145233154297	22.49608612060547	39.87942123413086
116.6962661743164	80.0549087524414	22.38296890258789	39.67888641357422
116.40412902832031	78.22925567626953	22.413311004638672	39.73267364501953
115.75840759277344	79.53105163574219	22.676786422729492	40.199745178222656
117.0	78.0	21.0	41.0
116.0107192993164	78.68663024902344	21.100101470947266	41.1954345703125
116.02191162109375	79.43982696533203	20.808237075805664	40.62560272216797
116.0	79.0	22.0	40.0
117.0538330078125	80.0294189453125	22.046234130859375	40.08406066894531
117.71099853515625	78.19584655761719	22.065448760986328	40.118995666503906
117.5746078491211	77.47639465332031	21.900360107421875	39.8188362121582
117.45538330078125	78.6917724609375	22.4521427154541	40.82207489013672
117.6815414428711	78.46054077148438	22.684425354003906	41.244407653808594
117.77154541015625	77.85250091552734	22.661588668823242	41.202884674072266
118.04666900634766	76.79004669189453	22.538089752197266	40.97834014892578
119.1445541381836	76.53697204589844	22.74932098388672	41.362396240234375
118.8965835571289	77.5242691040039	22.510290145874023	40.927791595458984
119.7657699584961	77.6309814453125	22.489559173583984	40.890098571777344
118.7403793334961	78.72061920166016	22.3994083404541	40.7261848449707
119.47689056396484	79.12053680419922	21.951282501220703	39.911407470703125
121.60542297363281	77.4406509399414	21.648365020751953	39.36064910888672
118.907958984375	79.61131286621094	21.508907318115234	39.107093811035156
118.1818618774414	78.19218444824219	21.615642547607422	39.30115509033203
117.4854736328125	78.90254974365234	21.80263328552246	39.641136169433594
116.77165222167969	79.31710052490234	21.975955963134766	39.956268310546875
116.0	82.0	22.0	37.0
115.75132751464844	81.8883285522461	21.984567642211914	36.97404479980469
115.41361236572266	80.7735366821289	21.874523162841797	36.788970947265625
114.57911682128906	80.55916595458984	21.97525405883789	36.95838165283203
115.0	81.0	22.0	37.0
114.19209289550781	80.66619873046875	22.155048370361328	37.260765075683594
113.69425201416016	81.75602722167969	22.440364837646484	37.7406120300293
113.1374740600586	81.55967712402344	21.94969940185547	36.915401458740234
113.18814849853516	81.8561782836914	21.80673599243164	36.674964904785156
112.29454040527344	81.66802978515625	22.195125579833984	37.328163146972656
112.93901062011719	81.34226989746094	22.317928314208984	37.534690856933594
112.24238586425781	82.1927719116211	21.980731964111328	36.96758270263672
112.53477478027344	82.82758331298828	21.756099700927734	36.58979034423828
113.0	82.0	21.0	36.0
112.5149917602539	82.82563018798828	21.455530166625977	36.780906677246094
112.72517395019531	83.14115905761719	21.84367561340332	37.44629669189453
112.8292236328125	82.06211853027344	22.01387596130371	37.73807144165039
111.75926208496094	79.55502319335938	21.88101577758789	37.51030731201172
116.91227722167969	80.24835968017578	21.66812515258789	37.145355224609375
115.06257629394531	83.4675521850586	21.662755966186523	37.136146545410156
112.91727447509766	85.2536392211914	21.43166732788086	36.739994049072266
111.19328308105469	80.9509506225586	21.226390838623047	36.38808822631836
110.797607421875	86.16372680664062	21.15872573852539	36.27208709716797
115.17889404296875	78.26551818847656	21.0653018951416	36.11193084716797
65.0	232.0	15.0	23.0
60.62638473510742	231.4973907470703	14.91657543182373	22.872081756591797
66.0	233.0	16.0	21.0
66.0	235.0	15.0	19.0
64.72456359863281	232.8914337158203	15.202011108398438	19.25588035583496
65.52452087402344	234.7333984375	15.109972953796387	19.139299392700195
67.0	235.0	15.0	19.0
67.0	235.0	15.0	19.0
64.8355484008789	234.17538452148438	15.11474895477295	19.14535140991211
68.0	237.0	14.0	12.0
67.60574340820312	236.441650390625	13.987627029418945	11.989394187927246
75.75015258789062	228.31890869140625	10.988545417785645	9.235930442810059
75.73605346679688	218.83056640625	10.339837074279785	12.43803882598877
73.17236328125	211.95169067382812	7.453525543212891	15.942658424377441
69.9945297241211	214.36962890625	10.0	15.861659049987793
79.0	204.0	9.0	10.0
91.0	204.0	10.0	10.0
92.41384887695312	205.65951538085938	10.13079833984375	10.13079833984375
88.37031555175781	208.4420166015625	10.24713134765625	10.24713134765625
85.7982406616211	207.633544921875	10.122246742248535	10.122246742248535
85.65016174316406	206.409423828125	10.042158126831055	10.042158126831055
83.24195861816406	206.19003295898438	10.122997283935547	10.122997283935547
84.88276672363281	206.7181396484375	10.037744522094727	10.037744522094727
88.57942962646484	206.92001342773438	10.073859214782715	10.073859214782715
89.74980926513672	204.08522033691406	10.074857711791992	10.074857711791992
88.1103515625	203.3267059326172	10.218480110168457	10.218480110168457
94.08843994140625	199.74118041992188	10.158998489379883	10.158998489379883
88.09423065185547	200.0367431640625	10.128686904907227	10.128686904907227
89.11299896240234	194.3749237060547	10.271574020385742	10.271574020385742
83.83576965332031	196.4989776611328	10.227459907531738	10.227459907531738
78.03234100341797	200.0483856201172	10.193303108215332	10.193303108215332
72.2207260131836	203.5235137939453	10.138490676879883	10.138490676879883
73.03011322021484	200.5845947265625	10.2853364944458	10.2853364944458
77.68757629394531	198.43075561523438	10.282798767089844	10.282798767089844
77.47750091552734	201.49240112304688	10.235687255859375	10.235687255859375
78.96318054199219	201.70582580566406	10.271716117858887	10.271716117858887
78.84745788574219	201.3756866455078	10.365488052368164	10.365488052368164
80.43462371826172	201.53952026367188	10.22106647491455	10.22106647491455
79.65019226074219	200.8056182861328	10.337686538696289	10.337686538696289
82.82594299316406	200.42974853515625	10.338698387145996	10.338698387145996
77.05159759521484	200.73745727539062	10.521801948547363	10.521801948547363
81.49199676513672	200.5779571533203	10.716268539428711	10.716268539428711
80.15320587158203	200.58883666992188	10.697247505187988	10.697247505187988
80.4033203125	200.72323608398438	10.857975959777832	10.857975959777832
79.39096069335938	200.74623107910156	10.815600395202637	10.815600395202637
83.42431640625	201.5708770751953	11.070063591003418	11.070063591003418
83.66200256347656	200.0148162841797	11.078569412231445	11.078569412231445
83.1036605834961	200.44175720214844	11.016265869140625	11.016265869140625
84.47282409667969	200.21652221679688	10.80417537689209	10.80417537689209
84.26515197753906	200.59744262695312	10.609532356262207	10.609532356262207
85.23918151855469	200.757568359375	10.665864944458008	10.665864944458008
86.29978942871094	199.691162109375	10.559558868408203	10.559558868408203
87.38133239746094	199.87484741210938	10.444913864135742	10.444913864135742
85.75435638427734	199.94610595703125	10.591557502746582	10.591557502746582
88.64776611328125	199.9704132080078	10.591678619384766	10.591678619384766
86.76008605957031	200.6887969970703	10.763238906860352	10.763238906860352
87.93789672851562	199.39315795898438	10.828544616699219	10.828544616699219
90.76261138916016	200.34890747070312	10.910528182983398	10.910528182983398
90.36949157714844	199.74655151367188	10.830304145812988	10.830304145812988
90.49494934082031	199.17251586914062	10.809564590454102	10.809564590454102
80.39736938476562	196.81600952148438	7.729522705078125	13.197539329528809
67.3730697631836	195.65147399902344	2.7486438751220703	16.075387954711914
60.54000473022461	192.47384643554688	0.13068580627441406	19.335901260375977
56.171566009521484	187.357421875	-2.2860679626464844	22.869346618652344
323.0	230.0	17.0	22.0
251.438720703125	186.41970825195312	29.384445190429688	29.980226516723633
357.0	78.0	23.0	38.0
357.7723693847656	81.4554672241211	22.60455894470215	37.34666442871094
357.0	79.0	25.0	38.0
357.2392272949219	79.82453918457031	24.968708038330078	37.95243453979492
358.0	78.0	25.0	38.0
358.0	80.0	23.0	37.0
359.0	81.0	22.0	37.0
359.27490234375	81.0395278930664	22.010353088378906	37.017417907714844
358.0	80.0	25.0	38.0
357.0	79.0	26.0	39.0
358.0	80.0	23.0	39.0
358.6156311035156	78.7005615234375	23.00200843811035	39.0034065246582
358.0	80.0	23.0	37.0
357.0	79.0	25.0	40.0
356.1540222167969	79.08478546142578	25.317264556884766	40.50762176513672
355.3495788574219	79.23871612548828	25.372989654541016	40.596778869628906
356.0	78.0	25.0	38.0
355.7023010253906	80.86911010742188	24.934688568115234	37.90073013305664
357.0	77.0	24.0	41.0
357.0	78.0	23.0	37.0
356.79364013671875	80.77715301513672	22.875492095947266	36.79970169067383
356.77667236328125	79.08060455322266	22.665019989013672	36.46112060546875
356.9770202636719	80.00051879882812	22.84889030456543	36.75691223144531
356.23333740234375	79.00176239013672	23.162002563476562	37.26061248779297
356.91790771484375	78.9207763671875	23.39179229736328	37.630271911621094
357.519287109375	77.97096252441406	23.30313491821289	37.487648010253906
357.0	77.0	25.0	38.0
357.0	78.0	25.0	38.0
358.0	78.0	24.0	38.0
358.01239013671875	79.59852600097656	23.99979019165039	37.999671936035156
359.64508056640625	80.11641693115234	24.349323272705078	38.5531005859375
360.0	80.0	24.0	38.0
360.51995849609375	82.22171020507812	23.41457748413086	37.07307815551758
363.0	79.0	26.0	39.0
377.0	80.0	24.0	39.0
397.0	80.0	24.0	38.0
416.0	77.0	26.0	38.0
435.0	74.0	25.0	40.0
452.0	74.0	23.0	40.0
455.4988708496094	77.2260971069336	22.785625457763672	39.627174377441406
456.8096618652344	77.53532409667969	22.722707748413086	39.51775360107422
458.43280029296875	77.55375671386719	22.616003036499023	39.332176208496094
458.34796142578125	76.73402404785156	22.75905990600586	39.58097457885742
458.67364501953125	76.8135757446289	22.517587661743164	39.1610221862793
459.0	75.0	25.0	41.0
461.0	76.0	22.0	40.0
460.23138427734375	75.25621032714844	22.32434844970703	40.589725494384766
461.2339782714844	74.8553466796875	22.354122161865234	40.643856048583984
461.09283447265625	75.0089111328125	22.055994033813477	40.101802825927734
462.3487854003906	75.57334899902344	21.793498992919922	39.62453842163086
462.571044921875	75.49011993408203	21.97066307067871	39.9466552734375
462.98272705078125	73.92878723144531	22.222265243530273	40.40411376953125
462.726806640625	75.17781066894531	22.095657348632812	40.173912048339844
465.0	75.0	27.0	39.0
465.0	75.0	24.0	38.0
464.3072814941406	76.9067153930664	23.979934692382812	37.968231201171875
465.0	73.0	24.0	41.0
466.8189392089844	73.0843276977539	23.668888092041016	40.434349060058594
466.22576904296875	73.8991928100586	23.713342666625977	40.51028823852539
466.0	75.0	25.0	39.0
466.77630615234375	75.03227233886719	25.587810516357422	39.91698455810547
468.0	74.0	23.0	37.0
467.0	73.0	24.0	38.0
467.0	74.0	25.0	39.0
467.9022521972656	72.9206314086914	24.749156951904297	38.60868453979492
469.7265625	74.64228820800781	24.52945327758789	38.26594924926758
468.7288513183594	74.08602905273438	24.936817169189453	38.90143966674805
469.69000244140625	76.89784240722656	24.97675323486328	38.963741302490234
468.30828857421875	78.82989501953125	24.4894962310791	38.20362091064453
471.0	76.0	23.0	39.0
470.31951904296875	75.43842315673828	22.800399780273438	38.66154479980469
470.0911560058594	76.57122802734375	22.46127700805664	38.086509704589844
470.55572509765625	76.58100891113281	22.602718353271484	38.32634735107422
472.0	76.0	22.0	40.0
472.3125	74.65144348144531	22.24831771850586	40.45148849487305
470.62054443359375	75.03841400146484	22.30807113647461	40.56013107299805
472.4303283691406	76.14656066894531	22.099491119384766	40.1808967590332
472.62261962890625	75.83465576171875	22.05385971069336	40.09793472290039
472.68255615234375	73.84680938720703	21.906963348388672	39.830848693847656
474.0	72.0	22.0	37.0
473.0	71.0	27.0	39.0
472.18548583984375	72.38066101074219	26.86435317993164	38.8040657043457
473.60394287109375	74.36531829833984	26.47360610961914	38.23965835571289
474.0	72.0	25.0	40.0
473.2471618652344	73.2903060913086	25.038375854492188	40.0614013671875
474.3660583496094	71.85271453857422	25.138879776000977	40.222206115722656
477.0	72.0	23.0	41.0
475.89105224609375	72.74726867675781	23.139507293701172	41.24868392944336
475.7828674316406	73.17463684082031	22.869617462158203	40.76757049560547
476.0	71.0	26.0	40.0
477.0	70.0	25.0	40.0
477.0	71.0	26.0	41.0
478.0	73.0	26.0	40.0
479.0	73.0	24.0	39.0
477.589599609375	73.39921569824219	24.29123306274414	39.47325134277344
478.0	73.0	25.0	39.0
478.18389892578125	73.74241638183594	25.18545913696289	39.2893180847168
479.0	75.0	24.0	36.0
478.1866149902344	75.19096374511719	23.882665634155273	35.823997497558594
476.0	74.0	28.0	39.0
478.0	73.0	24.0	39.0
478.0	74.0	25.0	40.0
475.53521728515625	73.14542388916016	24.821842193603516	39.71494674682617
475.166015625	74.75846099853516	24.82101058959961	39.71361541748047
475.0	73.0	24.0	38.0
474.6004333496094	73.80229949951172	24.084732055664062	38.134159088134766
472.0	74.0	23.0	40.0
472.0	73.0	25.0	41.0
471.0	75.0	24.0	35.0
468.36456298828125	76.28047943115234	24.156478881835938	35.22819900512695
468.0	74.0	23.0	38.0
468.0	74.0	22.0	39.0
467.28021240234375	73.13359832763672	21.761474609375	38.57715606689453
467.03546142578125	73.40181732177734	21.70288848876953	38.473297119140625
465.0	73.0	25.0	41.0
466.0	72.0	23.0	37.0
467.0	75.0	26.0	38.0
469.0	73.0	22.0	40.0
470.0	73.0	23.0	39.0
469.22772216796875	71.386962890625	22.994945526123047	38.99142837524414
467.0	72.0	29.0	41.0
471.0	71.0	25.0	39.0
469.9866638183594	73.3611068725586	24.787979125976562	38.66925048828125
