269.0	95.0	45.0	39.0
269.0	95.0	44.0	39.0
269.0	95.0	44.0	39.0
268.0	95.0	45.0	39.0
268.0	96.0	44.0	39.0
267.0	97.0	45.0	40.0
269.0	99.0	43.0	40.0
269.0	102.0	43.0	39.0
270.0	104.0	42.0	39.0
268.0	108.0	45.0	40.0
268.0	110.0	44.0	40.0
268.0	113.0	44.0	39.0
267.0	114.0	44.0	39.0
265.0	115.0	44.0	39.0
264.0	115.0	44.0	38.0
262.0	113.0	45.0	40.0
260.0	112.0	44.0	40.0
258.0	111.0	44.0	40.0
253.0	110.0	46.0	41.0
252.0	110.0	45.0	41.0
252.0	110.0	43.0	40.0
250.0	111.0	44.0	41.0
251.0	115.0	42.0	39.0
250.0	116.0	42.0	39.0
250.0	120.0	41.0	39.0
246.0	122.0	43.0	39.0
244.0	126.0	44.0	39.0
246.0	129.0	41.0	40.0
245.0	133.0	42.0	39.0
242.0	135.0	45.0	41.0
245.0	140.0	42.0	40.0
247.0	143.0	41.0	39.0
249.0	146.0	39.0	39.0
248.0	149.0	43.0	40.0
248.0	149.0	43.0	41.0
249.0	149.0	43.0	42.0
247.0	150.0	46.0	42.0
250.0	152.0	43.0	40.0
251.0	152.0	43.0	40.0
252.0	151.0	44.0	41.0
253.0	151.0	43.0	41.0
252.0	152.0	44.0	40.0
255.0	152.0	42.0	40.0
255.0	152.0	42.0	40.0
254.0	153.0	43.0	39.0
256.0	154.0	41.0	38.0
256.0	154.0	42.0	40.0
257.0	155.0	41.0	40.0
255.0	155.0	43.0	40.0
256.0	157.0	42.0	39.0
256.0	158.0	42.0	39.0
254.0	159.0	43.0	39.0
258.0	161.0	39.0	37.0
256.0	162.0	41.0	37.0
256.0	163.0	41.0	37.0
256.0	163.0	42.0	39.0
257.0	164.0	42.0	40.0
262.0	168.0	40.0	38.0
261.0	169.0	41.0	39.0
262.0	172.0	40.0	37.0
262.0	173.0	40.0	37.0
261.0	173.0	40.0	38.0
257.0	172.0	41.0	38.0
257.0	171.0	41.0	38.0
255.0	170.0	41.0	37.0
256.0	170.0	41.0	37.0
258.0	169.0	40.0	37.0
258.0	168.0	40.0	37.0
257.0	166.0	41.0	38.0
257.0	166.0	41.0	36.0
257.0	162.0	41.0	37.0
258.0	161.0	40.0	37.0
258.0	157.0	40.0	37.0
258.0	156.0	40.0	36.0
258.0	153.0	39.0	36.0
256.0	151.0	40.0	35.0
257.0	148.0	38.0	37.0
255.0	147.0	38.0	34.0
254.0	147.0	38.0	35.0
254.0	148.0	38.0	34.0
254.0	148.0	37.0	34.0
251.0	147.0	38.0	35.0
253.0	147.0	35.0	33.0
249.0	144.0	36.0	34.0
246.0	141.0	37.0	34.0
243.0	136.0	34.0	33.0
239.0	132.0	36.0	34.0
240.0	129.0	33.0	33.0
235.0	123.0	37.0	36.0
232.0	122.0	36.0	34.0
231.0	118.0	34.0	33.0
228.0	115.0	35.0	34.0
228.0	114.0	34.0	32.0
227.0	114.0	34.0	32.0
227.0	112.0	33.0	32.0
224.0	110.0	35.0	33.0
225.0	110.0	32.0	31.0
224.0	109.0	32.0	32.0
222.0	109.0	33.0	31.0
219.0	107.0	34.0	31.0
218.0	105.0	34.0	31.0
218.0	102.0	32.0	31.0
214.0	99.0	35.0	33.0
215.0	94.0	33.0	32.0
214.0	89.0	32.0	31.0
214.0	86.0	32.0	30.0
212.0	83.0	32.0	29.0
211.0	78.0	31.0	27.0
210.0750732421875	74.61213684082031	30.800283432006836	26.826053619384766
209.0	71.0	29.0	26.0
198.5216522216797	65.09779357910156	29.014318466186523	26.012836456298828
197.37977600097656	45.42573165893555	29.426355361938477	26.382244110107422
198.49337768554688	43.24258041381836	29.406391143798828	26.364343643188477
196.20765686035156	43.87151336669922	29.61210060119629	26.548770904541016
195.90240478515625	42.923583984375	30.2941951751709	27.16030502319336
195.30955505371094	45.732200622558594	30.443511962890625	27.294178009033203
193.0	46.0	35.0	33.0
190.9145050048828	46.04254913330078	35.100608825683594	33.0948600769043
188.80410766601562	46.61649703979492	35.99658966064453	33.939640045166016
188.71621704101562	48.87227249145508	35.64777755737305	33.61076354980469
186.81307983398438	51.65015411376953	35.46063232421875	33.43431091308594
188.3914031982422	52.431129455566406	35.09727096557617	33.09171676635742
186.5237579345703	54.36060333251953	35.74500274658203	33.70243453979492
186.97378540039062	53.39265060424805	35.94623947143555	33.892173767089844
186.98036193847656	51.68913650512695	36.121864318847656	34.057762145996094
188.1210174560547	51.99646759033203	36.44110870361328	34.3587646484375
188.06398010253906	49.91075897216797	36.21070098876953	34.141517639160156
187.28846740722656	47.916717529296875	36.057857513427734	33.99740982055664
187.16323852539062	46.940643310546875	36.652503967285156	34.558074951171875
189.14613342285156	44.51012420654297	37.64027786254883	35.489402770996094
187.5120086669922	43.046504974365234	37.837501525878906	35.675357818603516
187.1920623779297	41.852867126464844	38.13898468017578	35.95961380004883
187.89041137695312	41.54987335205078	38.15843200683594	35.97795104980469
187.05899047851562	41.74552917480469	38.51667785644531	36.31572723388672
184.54771423339844	40.98600387573242	38.058990478515625	35.884193420410156
185.2429656982422	41.448020935058594	38.90019226074219	36.67732620239258
184.9850311279297	42.232582092285156	38.53730773925781	36.335174560546875
183.859130859375	42.67919158935547	37.858768463134766	35.695411682128906
181.8625946044922	43.55085372924805	38.536865234375	36.33475875854492
182.18923950195312	42.88189697265625	38.54872131347656	36.34593963623047
178.75697326660156	40.85600662231445	38.36157989501953	36.16948699951172
178.73464965820312	42.692901611328125	38.03582000732422	35.862342834472656
178.54576110839844	40.35697555541992	37.99321365356445	35.82217025756836
188.0	78.0	29.0	24.0
189.0	79.0	28.0	26.0
188.0	79.0	29.0	26.0
186.0	79.0	31.0	28.0
185.0	82.0	32.0	28.0
185.0	81.0	32.0	31.0
185.0	81.0	32.0	31.0
185.0	83.0	31.0	30.0
184.0	83.0	30.0	31.0
182.0	84.0	32.0	31.0
181.0	84.0	32.0	31.0
181.0	85.0	31.0	32.0
178.0	86.0	33.0	32.0
178.0	88.0	32.0	31.0
177.0	88.0	33.0	32.0
177.0	90.0	31.0	31.0
176.0	90.0	30.0	32.0
174.0	90.0	31.0	32.0
173.0	91.0	31.0	31.0
169.0	91.0	35.0	32.0
171.0	92.0	32.0	32.0
171.0	94.0	31.0	30.0
167.0	94.0	33.0	32.0
169.0	95.0	31.0	31.0
170.0	96.0	29.0	31.0
170.0	97.0	29.0	31.0
170.0	98.0	29.0	31.0
170.0	99.0	28.0	31.0
171.0	100.0	27.0	31.0
171.0	101.0	27.0	31.0
170.0	101.0	28.0	31.0
170.0	102.0	28.0	31.0
168.0	101.0	30.0	31.0
167.0	102.0	31.0	31.0
170.0	102.0	28.0	31.0
170.0	103.0	28.0	30.0
168.0	103.0	30.0	32.0
168.0	103.0	30.0	32.0
166.0	104.0	33.0	32.0
164.0	104.0	35.0	34.0
165.0	107.0	34.0	33.0
166.0	109.0	34.0	34.0
168.0	112.0	33.0	32.0
169.0	114.0	33.0	32.0
169.0	116.0	34.0	34.0
170.0	120.0	33.0	33.0
169.0	122.0	34.0	33.0
169.0	124.0	35.0	34.0
169.0	126.0	35.0	34.0
169.0	127.0	35.0	35.0
168.0	128.0	37.0	35.0
170.0	128.0	36.0	35.0
169.0	128.0	37.0	35.0
169.0	127.0	38.0	35.0
169.0	126.0	38.0	35.0
168.0	126.0	39.0	35.0
171.0	125.0	36.0	35.0
170.0	125.0	37.0	35.0
170.0	126.0	38.0	35.0
170.0	126.0	38.0	36.0
170.0	128.0	38.0	36.0
170.0	129.0	39.0	36.0
171.0	130.0	38.0	37.0
169.0	129.0	40.0	39.0
170.0	130.0	39.0	37.0
170.0	129.0	39.0	38.0
169.0	128.0	40.0	38.0
168.0	125.0	42.0	39.0
167.0	123.0	43.0	39.0
163.0	118.0	46.0	41.0
162.0	112.0	47.0	40.0
169.0	108.0	40.0	38.0
163.0	98.0	45.0	41.0
163.0	94.0	45.0	40.0
165.0	87.0	42.0	40.0
168.0	83.0	39.0	39.0
165.0	77.0	41.0	39.0
164.0	72.0	42.0	41.0
166.0	68.0	40.0	39.0
165.0	64.0	41.0	39.0
163.0	59.0	43.0	40.0
165.0	54.0	40.0	40.0
162.0	52.0	43.0	39.0
161.0	48.0	44.0	40.0
161.0	45.0	44.0	40.0
162.0	43.0	43.0	39.0
162.0	40.0	43.0	40.0
161.0	40.0	44.0	39.0
161.0	39.0	44.0	39.0
160.0	38.0	44.0	39.0
160.0	38.0	44.0	39.0
159.0	37.0	44.0	40.0
159.0	37.0	44.0	39.0
160.0	38.0	43.0	39.0
159.0	38.0	44.0	39.0
160.0	38.0	44.0	39.0
160.0	38.0	44.0	40.0
160.0	38.0	44.0	40.0
160.0	37.0	44.0	41.0
160.0	36.0	44.0	41.0
159.0	36.0	45.0	40.0
158.0	35.0	46.0	40.0
161.0	34.0	43.0	40.0
161.0	34.0	44.0	40.0
162.0	37.0	43.0	39.0
164.0	39.0	42.0	39.0
164.0	44.0	42.0	39.0
164.0	49.0	43.0	40.0
165.0	56.0	41.0	39.0
163.0	61.0	42.0	39.0
163.0	69.0	41.0	39.0
161.0	76.0	43.0	40.0
162.0	82.0	41.0	39.0
160.0	90.0	42.0	40.0
152.0	98.0	48.0	41.0
156.0	104.0	44.0	39.0
158.0	111.0	41.0	40.0
154.0	117.0	43.0	40.0
156.0	123.0	41.0	38.0
151.0	128.0	44.0	40.0
147.0	133.0	47.0	40.0
147.0	136.0	46.0	41.0
150.0	142.0	43.0	39.0
148.0	146.0	45.0	40.0
148.0	152.0	43.0	40.0
149.0	155.0	42.0	38.0
148.0	157.0	42.0	38.0
148.0	159.0	42.0	39.0
145.0	161.0	43.0	39.0
146.0	162.0	41.0	38.0
145.0	162.0	42.0	38.0
144.0	162.0	41.0	38.0
144.0	162.0	41.0	38.0
144.0	162.0	39.0	36.0
140.0	161.0	41.0	36.0
140.0	156.0	40.0	38.0
138.0	156.0	41.0	37.0
137.0	154.0	39.0	35.0
137.0	152.0	39.0	36.0
135.0	148.0	40.0	36.0
133.0	146.0	41.0	36.0
134.0	143.0	39.0	36.0
136.0	139.0	36.0	35.0
135.0	136.0	36.0	34.0
133.0	133.0	37.0	33.0
135.0	129.0	33.0	33.0
131.0	127.0	37.0	33.0
127.0	124.0	41.0	34.0
130.0	122.0	37.0	32.0
131.0	117.0	36.0	32.0
131.0	114.0	36.0	33.0
129.0	110.0	38.0	34.0
130.0	106.0	39.0	36.0
136.0	104.0	31.0	31.0
135.0	103.0	32.0	30.0
135.0	98.0	32.0	31.0
146.0	97.0	23.0	28.0
144.69837951660156	94.35536193847656	23.212636947631836	28.258861541748047
145.3383026123047	91.98595428466797	23.342294692993164	28.416706085205078
134.0	86.0	35.0	32.0
145.0	90.0	23.0	26.0
144.6364288330078	90.63334655761719	23.170246124267578	26.19244956970215
144.60690307617188	89.70964813232422	23.22356605529785	26.25272560119629
144.57394409179688	87.3644027709961	23.581329345703125	26.657154083251953
144.7827606201172	86.47886657714844	23.211933135986328	26.239578247070312
145.4134521484375	84.92523956298828	23.404178619384766	26.456899642944336
144.1940460205078	83.8099594116211	23.159177780151367	26.179943084716797
143.74301147460938	82.51148986816406	23.18998908996582	26.214773178100586
143.73654174804688	81.51121520996094	23.44927978515625	26.507883071899414
143.43692016601562	80.8339614868164	23.386138916015625	26.436504364013672
143.7435302734375	81.6620101928711	23.10149383544922	26.114734649658203
144.32879638671875	81.93032836914062	23.092863082885742	26.10498046875
135.00405883789062	76.57954406738281	23.274944305419922	26.31081199645996
134.30966186523438	69.48200988769531	22.998836517333984	25.99869155883789
134.57595825195312	74.3909683227539	23.25066566467285	26.283367156982422
136.31216430664062	64.50245666503906	23.554445266723633	26.62677001953125
135.29086303710938	64.42500305175781	23.49715805053711	26.56201171875
135.6077880859375	64.23746490478516	23.432830810546875	26.489294052124023
136.22372436523438	59.78412628173828	23.570011138916016	26.64436912536621
136.88827514648438	63.088050842285156	23.609037399291992	26.688488006591797
139.0207977294922	54.661476135253906	23.789745330810547	26.89276695251465
138.94241333007812	56.27445602416992	23.481409072875977	26.54421043395996
138.93341064453125	57.395790100097656	23.390514373779297	26.441457748413086
140.82614135742188	58.377540588378906	23.269031524658203	26.304128646850586
139.01210021972656	57.97591018676758	23.409387588500977	26.462793350219727
141.06298828125	60.0595817565918	23.467571258544922	26.528564453125
139.9041748046875	60.29088592529297	24.052492141723633	27.18977928161621
142.22898864746094	59.8792610168457	24.42887306213379	27.61525535583496
139.493896484375	59.04124069213867	24.38577651977539	27.566537857055664
139.36886596679688	58.29731369018555	24.342453002929688	27.517566680908203
139.3194122314453	58.055633544921875	24.338804244995117	27.513442993164062
137.15420532226562	57.1958122253418	24.173080444335938	27.326101303100586
139.37937927246094	59.337913513183594	24.263721466064453	27.42856788635254
139.94601440429688	65.97080993652344	24.187122344970703	27.341976165771484
140.68788146972656	59.389076232910156	24.308746337890625	27.47946548461914
133.75160217285156	67.80799865722656	24.710494995117188	27.933618545532227
138.87925720214844	75.71443176269531	24.367406845092773	27.545780181884766
137.0171356201172	73.69084930419922	25.282407760620117	28.656740188598633
137.52737426757812	74.61953735351562	25.139616012573242	28.209686279296875
137.15029907226562	74.39801788330078	25.789493560791016	28.79826545715332
137.1682586669922	74.7611312866211	26.08363914489746	28.901784896850586
136.94479370117188	74.84668731689453	26.54199981689453	29.21312713623047
136.7448272705078	75.04081726074219	26.891664505004883	29.37470817565918
136.4723663330078	75.18779754638672	27.302804946899414	29.59211540222168
136.16404724121094	75.36402893066406	27.689542770385742	29.759326934814453
135.79486083984375	75.53267669677734	28.099607467651367	29.93136978149414
135.36856079101562	75.71304321289062	28.512548446655273	30.081937789916992
134.87496948242188	75.89636993408203	28.94255256652832	30.22650718688965
134.3095703125	76.08679962158203	29.384841918945312	30.359079360961914
133.664306640625	76.28058624267578	29.842626571655273	30.484310150146484
132.9324951171875	76.47634887695312	30.312768936157227	30.600997924804688
132.1072540283203	76.66986846923828	30.79290199279785	30.71073341369629
131.18360900878906	76.85711669921875	31.277997970581055	30.813932418823242
130.1590118408203	77.03330993652344	31.76276206970215	30.912540435791016
129.03407287597656	77.19387817382812	32.24109649658203	31.009002685546875
127.81245422363281	77.33423614501953	32.706817626953125	31.106536865234375
126.50039672851562	77.4500732421875	33.153587341308594	31.208280563354492
314.0	56.0	47.0	43.0
311.0	55.0	50.0	43.0
310.0	56.0	49.0	43.0
310.0	56.0	49.0	42.0
309.0	56.0	48.0	43.0
308.0	56.0	48.0	43.0
308.0	57.0	46.0	43.0
307.0	58.0	46.0	43.0
306.0	59.0	46.0	43.0
304.0	60.0	47.0	43.0
302.0	60.0	49.0	44.0
300.0	62.0	49.0	43.0
298.0	62.0	51.0	44.0
298.0	63.0	46.0	44.0
295.0	64.0	47.0	43.0
295.0	64.0	46.0	42.0
292.0	63.0	49.0	43.0
292.0	63.0	47.0	43.0
288.0	62.0	51.0	44.0
287.0	63.0	49.0	44.0
284.0	62.0	51.0	45.0
284.0	62.0	50.0	44.0
284.0	61.0	49.0	43.0
280.0	60.0	50.0	44.0
279.0	57.0	50.0	45.0
278.0	57.0	48.0	44.0
277.0	57.0	49.0	44.0
274.0	57.0	48.0	44.0
271.0	57.0	49.0	44.0
269.0	56.0	48.0	44.0
266.0	56.0	49.0	45.0
264.0	56.0	48.0	44.0
262.0	56.0	48.0	44.0
260.0	57.0	50.0	44.0
255.0	56.0	49.0	44.0
251.0	55.0	50.0	44.0
248.0	55.0	50.0	45.0
244.0	55.0	52.0	45.0
241.0	55.0	51.0	45.0
238.0	54.0	50.0	45.0
236.0	54.0	50.0	45.0
232.0	55.0	50.0	43.0
232.0	55.0	50.0	44.0
230.0	55.0	50.0	45.0
229.0	55.0	50.0	45.0
227.0	55.0	51.0	45.0
225.0	54.0	50.0	45.0
222.0	54.0	50.0	45.0
220.0	53.0	51.0	45.0
217.0	53.0	51.0	45.0
216.0	54.0	48.0	44.0
213.0	53.0	50.0	45.0
212.0	53.0	49.0	44.0
208.0	52.0	51.0	46.0
207.0	52.0	51.0	46.0
205.0	51.0	51.0	46.0
203.0	51.0	49.0	44.0
202.0	52.0	48.0	43.0
199.0	51.0	51.0	45.0
198.0	51.0	50.0	45.0
196.0	50.0	50.0	45.0
195.0	50.0	51.0	45.0
195.0	50.0	50.0	44.0
194.0	50.0	51.0	44.0
194.0	49.0	51.0	45.0
194.0	49.0	51.0	45.0
195.0	49.0	50.0	44.0
196.0	49.0	50.0	44.0
196.0	48.0	51.0	44.0
196.0	47.0	52.0	45.0
199.0	45.0	50.0	45.0
201.0	43.0	50.0	45.0
202.0	43.0	49.0	44.0
205.0	41.0	50.0	45.0
207.0	40.0	50.0	44.0
211.0	38.0	48.0	44.0
212.0	37.0	49.0	44.0
215.0	35.0	51.0	45.0
217.0	36.0	49.0	44.0
219.0	35.0	50.0	45.0
222.0	35.0	51.0	45.0
225.0	36.0	50.0	45.0
225.0	37.0	51.0	45.0
229.0	39.0	49.0	45.0
232.0	42.0	48.0	44.0
233.0	43.0	50.0	44.0
237.0	46.0	50.0	45.0
239.0	49.0	50.0	45.0
242.0	52.0	49.0	44.0
243.0	54.0	51.0	44.0
247.0	55.0	50.0	45.0
249.0	56.0	50.0	45.0
252.0	57.0	50.0	44.0
256.0	57.0	50.0	45.0
259.0	57.0	50.0	45.0
263.0	58.0	48.0	44.0
265.0	57.0	49.0	45.0
268.0	56.0	49.0	45.0
270.0	56.0	48.0	44.0
273.0	55.0	49.0	45.0
276.0	55.0	48.0	44.0
278.0	55.0	48.0	44.0
278.0	55.0	50.0	45.0
282.0	56.0	49.0	44.0
282.0	55.0	51.0	46.0
283.0	56.0	52.0	46.0
287.0	56.0	50.0	46.0
289.0	56.0	50.0	46.0
292.0	57.0	50.0	44.0
294.0	56.0	52.0	46.0
296.0	57.0	53.0	45.0
300.0	56.0	50.0	44.0
304.0	55.0	49.0	44.0
307.0	54.0	48.0	43.0
309.0	54.0	51.0	43.0
311.0	54.0	50.0	44.0
314.0	55.0	51.0	43.0
317.0	55.0	49.0	42.0
318.0	55.0	50.0	43.0
320.0	55.0	51.0	43.0
321.0	55.0	52.0	44.0
326.0	56.0	47.0	42.0
325.0	55.0	51.0	45.0
326.0	56.0	50.0	45.0
328.0	58.0	49.0	44.0
329.0	60.0	49.0	42.0
329.0	60.0	49.0	42.0
328.0	59.0	50.0	43.0
327.0	59.0	50.0	43.0
327.0	59.0	49.0	43.0
326.0	58.0	50.0	44.0
324.0	59.0	51.0	44.0
324.0	58.0	50.0	44.0
321.0	59.0	52.0	44.0
320.0	59.0	53.0	44.0
319.0	59.0	52.0	44.0
318.0	60.0	52.0	44.0
320.0	62.0	47.0	42.0
317.0	62.0	48.0	43.0
313.0	62.0	51.0	45.0
314.0	64.0	48.0	43.0
311.0	66.0	50.0	43.0
307.0	66.0	52.0	43.0
307.0	66.0	50.0	44.0
304.0	69.0	49.0	43.0
301.0	69.0	51.0	45.0
299.0	71.0	49.0	44.0
297.0	72.0	49.0	43.0
293.0	72.0	49.0	44.0
290.0	72.0	50.0	44.0
286.0	71.0	52.0	46.0
284.0	71.0	50.0	45.0
279.0	70.0	49.0	45.0
276.0	70.0	50.0	45.0
273.0	70.0	49.0	44.0
268.0	70.0	50.0	44.0
265.0	70.0	50.0	45.0
261.0	71.0	52.0	45.0
258.0	72.0	53.0	45.0
256.0	74.0	50.0	44.0
253.0	75.0	51.0	44.0
250.0	76.0	51.0	44.0
248.0	76.0	51.0	45.0
247.0	77.0	50.0	44.0
244.0	75.0	51.0	45.0
242.0	76.0	50.0	44.0
239.0	74.0	50.0	44.0
238.0	72.0	50.0	45.0
236.0	70.0	50.0	45.0
235.0	69.0	50.0	45.0
233.0	67.0	51.0	45.0
231.0	66.0	51.0	44.0
229.0	64.0	50.0	44.0
226.0	64.0	50.0	44.0
225.0	63.0	49.0	45.0
224.0	63.0	49.0	44.0
222.0	63.0	48.0	44.0
219.0	63.0	49.0	44.0
218.0	63.0	49.0	45.0
215.0	64.0	49.0	44.0
213.0	64.0	49.0	44.0
212.0	63.0	48.0	45.0
210.0	62.0	49.0	46.0
209.0	62.0	50.0	46.0
206.0	63.0	50.0	45.0
204.0	63.0	50.0	45.0
203.0	62.0	49.0	45.0
202.0	64.0	48.0	43.0
200.0	63.0	49.0	45.0
198.0	64.0	49.0	44.0
196.0	65.0	50.0	44.0
195.0	65.0	52.0	46.0
194.0	66.0	51.0	45.0
194.0	67.0	50.0	45.0
191.0	68.0	50.0	46.0
190.0	69.0	51.0	46.0
187.0	71.0	51.0	46.0
186.0	72.0	51.0	47.0
186.0	75.0	50.0	46.0
183.0	78.0	53.0	49.0
184.0	81.0	50.0	46.0
182.0	84.0	52.0	48.0
183.0	88.0	49.0	45.0
181.0	90.0	52.0	47.0
181.0	95.0	51.0	46.0
180.0	97.0	51.0	47.0
180.0	98.0	50.0	46.0
179.0	99.0	50.0	47.0
180.0	100.0	49.0	46.0
180.0	100.0	50.0	46.0
181.0	101.0	49.0	46.0
181.0	101.0	50.0	47.0
182.0	102.0	49.0	45.0
183.0	102.0	48.0	45.0
184.0	102.0	49.0	45.0
184.0	103.0	48.0	45.0
185.0	104.0	48.0	45.0
186.0	106.0	48.0	45.0
187.0	108.0	49.0	46.0
189.0	110.0	49.0	46.0
189.0	111.0	49.0	45.0
192.0	115.0	47.0	44.0
194.0	115.0	49.0	46.0
197.0	118.0	48.0	44.0
198.0	119.0	48.0	45.0
200.0	120.0	48.0	45.0
201.0	120.0	49.0	45.0
204.0	120.0	48.0	45.0
205.0	120.0	48.0	44.0
206.0	118.0	48.0	45.0
207.0	117.0	51.0	45.0
208.0	115.0	50.0	45.0
210.0	114.0	49.0	45.0
211.0	113.0	48.0	44.0
212.0	112.0	49.0	44.0
212.0	111.0	50.0	44.0
214.0	110.0	50.0	45.0
216.0	110.0	49.0	45.0
218.0	111.0	49.0	44.0
220.0	111.0	51.0	45.0
221.0	112.0	53.0	46.0
224.0	114.0	51.0	45.0
224.0	115.0	50.0	45.0
226.0	115.0	51.0	45.0
228.0	116.0	51.0	44.0
229.0	116.0	51.0	45.0
231.0	117.0	50.0	44.0
233.0	116.0	50.0	45.0
235.0	116.0	49.0	45.0
238.0	115.0	49.0	45.0
238.0	115.0	51.0	45.0
242.0	115.0	49.0	44.0
244.0	115.0	50.0	43.0
246.0	114.0	50.0	44.0
249.0	113.0	49.0	44.0
250.0	114.0	49.0	43.0
253.0	115.0	49.0	43.0
254.0	115.0	50.0	44.0
261.0	116.0	48.0	44.0
263.0	117.0	47.0	43.0
265.0	118.0	49.0	43.0
269.0	118.0	48.0	44.0
271.0	120.0	50.0	44.0
276.0	120.0	48.0	44.0
277.0	122.0	51.0	44.0
281.0	123.0	48.0	43.0
284.0	124.0	50.0	44.0
286.0	124.0	51.0	46.0
290.0	125.0	50.0	43.0
292.0	125.0	49.0	43.0
295.0	124.0	50.0	44.0
296.0	124.0	50.0	44.0
300.0	125.0	49.0	43.0
301.0	125.0	50.0	43.0
304.0	126.0	49.0	43.0
307.0	127.0	46.0	42.0
308.0	129.0	48.0	42.0
310.0	130.0	48.0	41.0
313.0	129.0	48.0	42.0
314.0	129.0	50.0	42.0
316.0	129.0	49.0	43.0
317.0	129.0	49.0	42.0
320.0	130.0	48.0	42.0
320.0	129.0	51.0	43.0
323.0	130.0	51.0	43.0
325.0	131.0	50.0	42.0
327.0	132.0	49.0	42.0
329.0	133.0	49.0	43.0
332.0	133.0	48.0	42.0
335.0	136.0	49.0	41.0
337.0	135.0	49.0	43.0
339.0	138.0	50.0	42.0
342.0	139.0	49.0	42.0
343.0	140.0	49.0	42.0
347.0	142.0	46.0	42.0
348.0	142.0	48.0	43.0
348.0	144.0	49.0	42.0
349.0	145.0	50.0	42.0
349.0	145.0	50.0	42.0
349.0	145.0	50.0	42.0
348.0	145.0	51.0	43.0
348.0	144.0	51.0	43.0
348.0	144.0	49.0	43.0
346.0	143.0	51.0	43.0
346.0	141.0	48.0	43.0
346.0	141.0	47.0	42.0
344.0	141.0	47.0	43.0
342.0	141.0	48.0	43.0
339.0	142.0	50.0	42.0
337.0	143.0	51.0	42.0
336.0	143.0	50.0	43.0
333.0	144.0	52.0	42.0
332.0	145.0	51.0	42.0
331.0	145.0	50.0	43.0
330.0	146.0	49.0	43.0
328.0	147.0	50.0	43.0
326.0	147.0	51.0	43.0
323.0	147.0	51.0	43.0
322.0	148.0	49.0	43.0
320.0	148.0	49.0	42.0
316.0	146.0	52.0	45.0
315.0	147.0	50.0	43.0
312.0	145.0	52.0	44.0
309.0	145.0	51.0	43.0
306.0	144.0	53.0	44.0
305.0	145.0	50.0	43.0
301.0	144.0	52.0	44.0
299.0	144.0	51.0	44.0
296.0	144.0	52.0	44.0
293.0	143.0	52.0	44.0
290.0	145.0	49.0	43.0
288.0	145.0	52.0	44.0
284.0	144.0	54.0	45.0
281.0	145.0	54.0	44.0
279.0	145.0	53.0	45.0
278.0	147.0	51.0	44.0
277.0	145.0	49.0	45.0
273.0	145.0	51.0	44.0
270.0	145.0	52.0	44.0
267.0	145.0	50.0	43.0
263.0	143.0	51.0	44.0
262.0	142.0	50.0	44.0
258.0	141.0	52.0	45.0
255.0	141.0	51.0	44.0
251.0	139.0	52.0	46.0
251.0	140.0	51.0	44.0
249.0	136.0	52.0	45.0
250.0	135.0	51.0	45.0
248.0	132.0	53.0	46.0
247.0	129.0	51.0	45.0
246.0	126.0	52.0	46.0
245.0	121.0	52.0	46.0
244.0	119.0	51.0	46.0
241.0	115.0	51.0	45.0
239.0	112.0	52.0	45.0
236.0	107.0	52.0	46.0
233.0	104.0	52.0	45.0
233.0	101.0	52.0	46.0
228.0	99.0	52.0	45.0
225.0	96.0	52.0	46.0
223.0	95.0	52.0	46.0
220.0	95.0	52.0	46.0
214.0	96.0	52.0	45.0
209.0	96.0	53.0	46.0
205.0	96.0	51.0	46.0
200.0	95.0	51.0	46.0
195.0	93.0	51.0	46.0
192.0	93.0	48.0	44.0
188.0	91.0	49.0	44.0
184.0	87.0	49.0	46.0
180.0	85.0	51.0	47.0
178.0	83.0	50.0	48.0
175.0	84.0	50.0	45.0
173.0	84.0	50.0	46.0
172.0	84.0	50.0	47.0
171.0	86.0	49.0	44.0
171.0	88.0	48.0	45.0
170.0	90.0	49.0	45.0
171.0	90.0	49.0	45.0
171.0	91.0	50.0	47.0
171.0	92.0	50.0	45.0
173.0	92.0	48.0	45.0
175.0	92.0	47.0	45.0
174.0	93.0	49.0	47.0
176.0	92.0	48.0	45.0
177.0	92.0	48.0	44.0
177.0	91.0	48.0	44.0
178.0	90.0	48.0	45.0
179.0	90.0	48.0	45.0
178.0	90.0	49.0	45.0
179.0	91.0	48.0	45.0
179.0	91.0	48.0	46.0
178.0	91.0	50.0	48.0
179.0	92.0	49.0	48.0
180.0	93.0	49.0	44.0
181.0	92.0	51.0	47.0
183.0	94.0	48.0	43.0
182.0	93.0	50.0	46.0
184.0	93.0	50.0	47.0
188.0	94.0	47.0	43.0
190.0	93.0	47.0	44.0
192.0	92.0	47.0	45.0
195.0	91.0	46.0	44.0
199.0	90.0	46.0	43.0
202.0	90.0	47.0	44.0
204.0	91.0	46.0	44.0
208.0	92.0	50.0	45.0
213.0	92.0	49.0	45.0
216.0	95.0	48.0	43.0
221.0	96.0	48.0	44.0
225.0	98.0	49.0	43.0
229.0	99.0	49.0	43.0
235.0	101.0	46.0	42.0
238.0	103.0	46.0	42.0
241.0	103.0	47.0	43.0
246.0	104.0	46.0	43.0
250.0	104.0	46.0	43.0
253.0	104.0	48.0	43.0
256.0	104.0	47.0	43.0
260.0	102.0	48.0	44.0
265.0	102.0	46.0	42.0
267.0	101.0	48.0	43.0
270.0	100.0	49.0	44.0
274.0	100.0	47.0	44.0
277.0	100.0	47.0	42.0
279.0	101.0	48.0	42.0
281.0	102.0	48.0	42.0
