143.0	101.0	59.0	143.0
141.0	103.0	60.0	142.0
140.0	106.0	58.0	136.0
140.0	104.0	56.0	145.0
140.0	106.0	56.0	142.0
139.0	110.0	53.0	140.0
138.0	109.0	51.0	143.0
137.0	108.0	50.0	144.0
139.0	107.0	49.0	145.0
140.0	107.0	45.0	146.0
139.0	107.0	45.0	145.0
140.0	108.0	46.0	144.0
140.0	107.0	47.0	145.0
141.0	108.0	46.0	145.0
143.0	108.0	51.0	145.0
142.0	107.0	47.0	146.0
143.0	106.0	46.0	147.0
145.0	107.0	45.0	145.0
141.0	106.0	49.0	145.0
142.0	105.0	49.0	142.0
144.0	108.0	48.0	136.0
147.0	109.0	43.0	134.0
150.0	107.0	42.0	136.0
152.0	107.0	43.0	136.0
153.0	106.0	44.0	137.0
154.0	106.0	47.0	137.0
157.43618774414062	105.49659729003906	46.7778205871582	136.3523712158203
159.16818237304688	103.14803314208984	45.796783447265625	133.4927520751953
161.0	105.0	45.0	138.0
163.0	102.0	49.0	141.0
163.0	101.0	47.0	141.0
165.0	100.0	48.0	142.0
167.2764434814453	101.86265563964844	48.653343200683594	143.9328155517578
168.0	100.0	54.0	142.0
168.0	98.0	56.0	142.0
173.4483642578125	94.33873748779297	55.004676818847656	139.47616577148438
176.2722625732422	95.51641082763672	55.85890579223633	141.64224243164062
176.0	96.0	58.0	140.0
183.0	93.0	55.0	146.0
188.0	94.0	48.0	144.0
189.8935546875	85.89910888671875	48.17534637451172	144.52603149414062
194.94313049316406	88.31256866455078	46.64867401123047	139.94601440429688
196.25082397460938	86.9862060546875	47.19498825073242	141.5849609375
201.1325225830078	86.97380828857422	47.931915283203125	143.79574584960938
206.1206817626953	92.81063079833984	47.36366653442383	142.0910186767578
209.0624237060547	86.46531677246094	47.291831970214844	141.87551879882812
214.0436248779297	89.91403198242188	47.575111389160156	142.72535705566406
215.0	91.0	52.0	128.0
215.0	88.0	61.0	131.0
217.0	87.0	64.0	134.0
226.0	83.0	63.0	135.0
230.0	83.0	62.0	133.0
233.0	83.0	60.0	132.0
242.0	85.0	55.0	127.0
247.0	83.0	51.0	128.0
254.0	84.0	44.0	126.0
261.0	88.0	39.0	121.0
262.7156066894531	84.70948791503906	38.936729431152344	120.8037109375
266.23272705078125	86.30048370361328	38.73680114746094	120.18342590332031
267.3213806152344	85.62481689453125	38.587032318115234	119.71876525878906
270.0	74.0	50.0	132.0
269.5649108886719	80.11536407470703	49.55766296386719	130.8322296142578
273.0	75.0	49.0	132.0
273.5317687988281	77.17505645751953	48.864139556884766	131.63400268554688
274.7374572753906	73.84486389160156	48.47199630737305	130.57762145996094
277.60467529296875	73.9322280883789	47.94097137451172	129.14710998535156
277.4682312011719	71.01908874511719	47.70164108276367	128.50238037109375
279.7624206542969	63.11406707763672	48.118228912353516	129.6246337890625
284.70257568359375	69.20829010009766	47.893516540527344	129.019287109375
287.0	78.0	46.0	112.0
288.5566101074219	77.25261688232422	46.06087112426758	112.148193359375
294.0	81.0	41.0	106.0
290.9779968261719	79.56547546386719	41.276695251464844	106.7153549194336
291.3176574707031	76.8624038696289	40.219242095947266	103.9814453125
292.0467834472656	78.26197052001953	40.47610092163086	104.64552307128906
293.0128479003906	77.88346099853516	40.83600616455078	105.57600402832031
293.35858154296875	78.31123352050781	40.281166076660156	104.14155578613281
295.0	83.0	41.0	101.0
293.0	74.0	45.0	109.0
293.0	82.0	43.0	102.0
294.561279296875	84.00933074951172	42.79412078857422	101.51163482666016
296.07568359375	85.28934478759766	42.44142532348633	100.67500305175781
301.438232421875	83.36988830566406	42.84979248046875	101.64368438720703
303.45233154296875	80.12055969238281	43.1220703125	102.28955841064453
305.81085205078125	76.72190856933594	42.833396911621094	101.60479736328125
316.4734802246094	70.49147033691406	43.6876335144043	103.6311264038086
321.9225158691406	71.14271545410156	43.27729034423828	102.6577377319336
327.0851135253906	74.8026351928711	43.27092742919922	102.64265441894531
329.37237548828125	75.26521301269531	43.439781188964844	103.0431900024414
334.8443298339844	72.80158996582031	43.42406463623047	103.00590515136719
326.7088317871094	69.16519165039062	43.69935607910156	104.08948516845703
376.0	112.0	42.0	148.0
358.0491638183594	87.5675277709961	42.41162872314453	149.4505157470703
349.6019592285156	57.6815299987793	42.383113861083984	149.3500518798828
350.14593505859375	51.53429412841797	43.030303955078125	151.63063049316406
353.7289123535156	61.5396728515625	43.26832962036133	152.46939086914062
359.0464782714844	59.21979904174805	43.06556701660156	151.75489807128906
360.4703674316406	72.53004455566406	43.28076171875	152.51321411132812
363.45062255859375	61.59535598754883	44.30009460449219	156.1051483154297
367.36578369140625	64.751708984375	43.95016098022461	154.87203979492188
371.38214111328125	61.50188064575195	44.11614227294922	155.45693969726562
376.27154541015625	58.96784210205078	44.12098693847656	155.47402954101562
378.645751953125	60.45100021362305	44.45207214355469	156.64071655273438
381.344482421875	58.443603515625	44.827274322509766	157.96286010742188
390.4345397949219	66.77247619628906	44.83238983154297	157.9808807373047
396.40313720703125	66.27809143066406	44.1904411315918	155.71878051757812
401.7044372558594	67.21526336669922	43.435359954833984	153.0580291748047
403.47735595703125	63.0267219543457	43.47674560546875	153.20384216308594
408.6655578613281	60.38936233520508	42.95452117919922	151.3636474609375
412.5076599121094	62.96388626098633	42.77996063232422	150.74853515625
410.7947692871094	59.11859893798828	42.34390640258789	149.2119598388672
413.17340087890625	59.665679931640625	42.209312438964844	148.73768615722656
417.21435546875	60.01018524169922	43.01727294921875	151.5847930908203
419.28216552734375	60.21672821044922	43.234378814697266	152.34983825683594
421.9139709472656	60.11722946166992	43.86993408203125	154.58941650390625
422.32421875	55.454490661621094	44.393470764160156	156.4342803955078
432.0	62.0	72.0	143.0
430.311279296875	73.30204772949219	72.31570434570312	143.6270294189453
437.715576171875	75.37834167480469	72.09071350097656	143.18017578125
437.4798889160156	69.80775451660156	72.5375747680664	144.0677032470703
446.0	65.0	66.0	144.0
459.0	72.0	52.0	135.0
459.0	69.0	52.0	136.0
461.0	64.0	51.0	142.0
464.0	62.0	47.0	144.0
467.0	65.0	44.0	144.0
472.0	65.0	39.0	143.0
472.0	65.0	40.0	146.0
472.8017578125	71.83881378173828	41.16802215576172	150.26327514648438
475.3988342285156	75.49090576171875	41.23259735107422	150.49899291992188
474.18524169921875	67.66429138183594	41.553802490234375	151.67138671875
475.5077209472656	71.06259155273438	41.208763122558594	150.4119873046875
480.0	65.0	32.0	154.0
479.0	78.0	33.0	139.0
476.0	79.0	36.0	138.0
478.0	79.0	34.0	138.0
477.0	78.0	35.0	139.0
474.0	78.0	38.0	140.0
473.0	76.0	38.0	143.0
471.0	80.0	41.0	137.0
470.0	80.0	40.0	137.0
468.0	85.0	43.0	131.0
464.0	84.0	46.0	131.0
465.146728515625	81.49345397949219	46.718292236328125	133.0455780029297
455.0	78.0	55.0	138.0
459.0	90.0	50.0	127.0
457.66070556640625	87.04344940185547	50.03779983520508	127.09600830078125
456.935302734375	82.93338775634766	50.4911003112793	128.2473907470703
448.0	80.0	57.0	135.0
447.0	87.0	50.0	127.0
449.20623779296875	81.99671173095703	49.74530792236328	126.35307312011719
450.28485107421875	79.906982421875	49.069557189941406	124.63668060302734
447.7978515625	82.34510803222656	49.439796447753906	125.57707214355469
448.09918212890625	78.09964752197266	49.64664840698242	126.10247802734375
447.87078857421875	78.49200439453125	49.43988800048828	125.57730865478516
447.4894104003906	81.24214172363281	49.56028366088867	125.88313293457031
445.6187438964844	78.36943054199219	49.65027618408203	126.11170959472656
449.67340087890625	82.19471740722656	48.990474700927734	124.4358139038086
444.82763671875	81.00422668457031	49.36109161376953	125.37718200683594
446.65728759765625	82.50968170166016	49.462928771972656	125.6358413696289
445.7400817871094	81.86454010009766	49.810428619384766	126.51849365234375
447.1295471191406	86.8650131225586	50.184146881103516	127.46773529052734
448.0640563964844	79.24578857421875	50.03179931640625	127.08077239990234
447.06622314453125	86.84175109863281	49.06787872314453	124.63240814208984
449.20245361328125	87.44725799560547	48.963050842285156	124.36613464355469
446.75640869140625	87.35723876953125	48.700687408447266	123.6997299194336
451.95819091796875	91.50374603271484	48.15341567993164	122.30965423583984
449.70721435546875	91.68995666503906	48.531524658203125	123.27005767822266
451.10589599609375	94.9101333618164	48.0824089050293	122.12931823730469
453.140625	100.64755249023438	47.29533767700195	120.1301498413086
452.06787109375	99.48513793945312	46.60686111450195	118.38142395019531
457.0	95.0	37.0	132.0
457.0	94.0	39.0	133.0
457.0	105.0	37.0	119.0
457.0	101.0	40.0	123.0
457.0	102.0	40.0	123.0
456.2142639160156	93.9140853881836	40.35673904418945	124.09696960449219
459.12841796875	99.225341796875	40.20024108886719	123.6157455444336
459.2889099121094	90.69124603271484	39.928489685058594	122.78010559082031
458.55499267578125	92.29652404785156	39.014381408691406	119.9692153930664
458.728759765625	93.29310607910156	38.72310256958008	119.07353210449219
460.650146484375	92.23814392089844	38.88740539550781	119.5787582397461
461.7276306152344	92.0961685180664	39.04006576538086	120.0481948852539
463.0445861816406	93.27287292480469	38.48548889160156	118.3428726196289
460.8233337402344	94.12096405029297	38.014827728271484	116.89559173583984
464.40008544921875	95.53706359863281	37.996063232421875	116.837890625
464.14276123046875	94.2958984375	38.06590270996094	117.05265045166016
465.06549072265625	94.10124206542969	37.58326721191406	115.56854248046875
464.91827392578125	93.9786148071289	37.53650665283203	115.42475891113281
465.3143005371094	93.52863311767578	37.543487548828125	115.44621276855469
464.0	90.0	46.0	132.0
464.29632568359375	87.0378189086914	45.866493225097656	131.6168670654297
464.9054260253906	87.93113708496094	45.3475227355957	130.1276397705078
465.91845703125	85.1595230102539	45.62010192871094	130.90982055664062
465.7412109375	86.50691986083984	44.78020095825195	128.49966430664062
465.4266052246094	88.24073028564453	43.63990783691406	125.2275161743164
465.2674255371094	89.92344665527344	43.58214569091797	125.061767578125
465.7040100097656	87.19864654541016	43.35982131958008	124.42378997802734
463.5625915527344	86.20196533203125	43.78705978393555	125.6497802734375
463.5660705566406	90.5556640625	43.62833023071289	125.19429779052734
464.6185607910156	89.39476013183594	43.4268913269043	124.61627197265625
462.4388732910156	91.37781524658203	42.51297378540039	121.99371337890625
461.4302673339844	95.4943618774414	42.865814208984375	123.0062026977539
457.79010009765625	92.36385345458984	42.379600524902344	121.6109848022461
458.57086181640625	95.069580078125	41.69395065307617	119.64347076416016
456.2687072753906	99.68350219726562	41.527259826660156	119.1651382446289
454.36962890625	99.1684341430664	42.1151123046875	120.8520278930664
453.26605224609375	101.0102767944336	42.15137481689453	120.95606994628906
449.86553955078125	102.688720703125	42.31147384643555	121.41548156738281
447.63604736328125	103.27037048339844	42.442569732666016	121.79167175292969
446.5557556152344	98.87596130371094	42.16200256347656	120.986572265625
444.3253479003906	100.19154357910156	42.71611785888672	122.57666015625
440.7239685058594	100.89810943603516	43.51333236694336	124.86430358886719
439.42431640625	102.1734848022461	42.844032287597656	122.94368743896484
437.07623291015625	101.06685638427734	43.02506637573242	123.46317291259766
433.05975341796875	96.69587707519531	43.112735748291016	123.7147445678711
429.01678466796875	105.47428131103516	42.392826080322266	121.64892578125
427.80401611328125	102.9822006225586	41.9779167175293	120.45832824707031
426.5125427246094	102.81700134277344	41.6755256652832	119.5905990600586
425.1673278808594	99.54301452636719	41.66244125366211	119.55306243896484
423.49041748046875	99.59941864013672	41.11629867553711	117.9858627319336
420.73101806640625	99.60332489013672	41.29022979736328	118.48497009277344
417.12255859375	100.15422058105469	41.112022399902344	117.97359466552734
416.6038513183594	99.136962890625	41.15113067626953	118.0858154296875
410.84228515625	93.12164306640625	41.290000915527344	118.48432922363281
410.96771240234375	96.8913345336914	40.66853332519531	116.70098876953125
410.620361328125	99.88027954101562	40.38131332397461	115.87679290771484
408.0509338378906	99.45353698730469	40.06603240966797	114.9720687866211
405.6483459472656	99.64350891113281	40.035499572753906	114.88444519042969
405.36273193359375	99.06871795654297	40.390594482421875	115.9034194946289
403.8876953125	102.23324584960938	40.78539276123047	117.03631591796875
401.776611328125	100.02643585205078	40.183265686035156	115.30848693847656
401.59619140625	103.3499526977539	40.599632263183594	116.5032730102539
399.09149169921875	100.78575897216797	40.78208541870117	117.0268325805664
397.4725036621094	103.89335632324219	40.90468215942383	117.37862396240234
399.541015625	100.99822998046875	41.26588821411133	118.41511535644531
397.6713562011719	102.12642669677734	41.68328857421875	119.61286926269531
395.73468017578125	105.18986511230469	40.8961067199707	117.35398864746094
395.7591552734375	102.23738861083984	41.651084899902344	119.52044677734375
395.8968811035156	101.42424011230469	42.02031707763672	120.5799789428711
397.58599853515625	107.29051208496094	41.582115173339844	119.3225326538086
395.990478515625	107.22501373291016	40.935874938964844	117.4681167602539
396.35467529296875	104.4713134765625	40.372196197509766	115.8506088256836
397.01177978515625	112.94834899902344	39.8088493347168	114.23405456542969
396.67498779296875	107.54354095458984	40.05194854736328	114.93165588378906
398.9031677246094	107.74955749511719	40.0246696472168	114.85337829589844
399.90460205078125	107.74591064453125	40.90088653564453	117.36773681640625
401.77593994140625	106.59526062011719	40.416194915771484	115.97689056396484
400.36322021484375	105.75480651855469	40.29149627685547	115.61905670166016
400.83624267578125	104.33595275878906	40.27229690551758	115.56396484375
393.0	99.0	48.0	141.0
396.6543884277344	100.66511535644531	48.30294418334961	141.889892578125
398.413330078125	91.61151885986328	48.99660873413086	143.9275360107422
396.9872741699219	92.56070709228516	49.54051971435547	145.5252685546875
398.37359619140625	89.7965087890625	49.841861724853516	146.41046142578125
397.4802551269531	94.77659606933594	49.81928253173828	146.34413146972656
397.61737060546875	90.49311065673828	49.30515670776367	144.83389282226562
396.74163818359375	81.2319107055664	49.12503433227539	144.30477905273438
397.44195556640625	83.17414855957031	48.723365783691406	143.12489318847656
397.1080322265625	79.16702270507812	48.79505157470703	143.33547973632812
396.4491271972656	78.74471282958984	48.10481262207031	141.30789184570312
398.10614013671875	75.89166259765625	48.536067962646484	142.57470703125
396.2919921875	73.30535888671875	48.81325912475586	143.3889617919922
397.54608154296875	73.93226623535156	48.744789123535156	143.18783569335938
396.0	80.0	49.0	132.0
398.0	81.0	48.0	126.0
397.0	79.0	50.0	129.0
399.0	79.0	51.0	129.0
404.92730712890625	80.21600341796875	52.020912170410156	131.58230590820312
404.783447265625	77.4860610961914	52.918724060058594	133.85324096679688
403.3664855957031	73.62309265136719	53.438926696777344	135.16903686523438
404.59759521484375	68.1742172241211	54.101348876953125	136.84457397460938
404.4075622558594	65.48491668701172	54.39142990112305	137.5783233642578
404.4748229980469	72.5362777709961	53.006248474121094	134.0746307373047
407.5804748535156	69.0033187866211	53.4858512878418	135.28775024414062
406.35809326171875	68.49678039550781	53.716209411621094	135.87042236328125
404.68536376953125	67.3551254272461	53.2707405090332	134.74365234375
410.279296875	70.23665618896484	52.574745178222656	132.9832000732422
427.0	191.0	61.0	81.0
432.0	192.0	62.0	79.0
438.0	197.0	62.0	75.0
443.0	198.0	62.0	74.0
448.0	196.0	61.0	76.0
451.0	196.0	61.0	76.0
455.0	194.0	57.0	77.0
459.0	192.0	53.0	80.0
459.0	186.0	53.0	86.0
473.0	190.0	39.0	82.0
476.0	188.0	36.0	84.0
485.0	191.0	27.0	81.0
488.0	212.0	24.0	60.0
495.0	223.0	17.0	49.0
497.0083923339844	223.3681182861328	16.669939041137695	48.04864501953125
497.56689453125	223.0557403564453	16.747089385986328	48.271018981933594
500.0	223.0	12.0	49.0
495.74609375	217.04696655273438	11.856375694274902	48.413536071777344
499.56512451171875	210.04293823242188	11.747027397155762	47.96703338623047
476.058349609375	197.72738647460938	8.665935516357422	32.51176452636719
468.9119567871094	197.1263885498047	10.185110092163086	30.565446853637695
465.0253601074219	197.80303955078125	10.796674728393555	30.42316436767578
