292.0	110.0	41.0	102.0
292.0	110.0	41.0	101.0
292.0	109.0	41.0	101.0
292.0	108.0	41.0	102.0
293.0	110.0	40.0	100.0
293.0	110.0	41.0	100.0
293.0	110.0	41.0	101.0
294.0	111.0	40.0	100.0
295.0	111.0	39.0	100.0
295.0	111.0	39.0	99.0
295.0	111.0	40.0	99.0
296.0	111.0	39.0	99.0
296.0	111.0	39.0	99.0
296.0	111.0	39.0	98.0
296.0	110.0	40.0	99.0
297.0	110.0	39.0	98.0
298.0	110.0	38.0	98.0
299.0	110.0	37.0	97.0
300.0	111.0	36.0	97.0
299.0	111.0	37.0	95.0
299.0	111.0	36.0	95.0
300.0	113.0	35.0	93.0
298.0	110.0	36.0	97.0
298.0	111.0	36.0	96.0
297.0	110.0	37.0	96.0
296.0	109.0	37.0	97.0
299.0	110.0	35.0	95.0
298.0	110.0	36.0	96.0
300.0	111.0	34.0	94.0
299.5814208984375	116.597412109375	33.81574630737305	93.49058532714844
298.892822265625	114.27351379394531	33.938175201416016	93.82905578613281
300.3482971191406	111.83247375488281	34.38269805908203	95.05803680419922
300.03900146484375	114.22000885009766	34.21527862548828	94.59516906738281
300.56390380859375	113.08439636230469	34.14133834838867	94.3907470703125
299.81915283203125	114.65223693847656	33.7769889831543	93.3834228515625
301.6539306640625	116.30135345458984	33.340816497802734	92.17752838134766
301.3585510253906	113.9280014038086	33.056541442871094	91.3916015625
302.9776306152344	113.25276947021484	33.64319610595703	93.0135269165039
302.72467041015625	113.171142578125	33.47797393798828	92.5567398071289
302.12109375	111.84403228759766	33.79301834106445	93.427734375
302.8561096191406	112.6392822265625	34.233707427978516	94.64610290527344
301.5018005371094	113.2349853515625	34.22316360473633	94.61695861816406
303.30511474609375	114.39054870605469	34.552490234375	95.5274429321289
301.7746887207031	114.77080535888672	33.44933319091797	95.5676498413086
300.9334716796875	115.26553344726562	33.11470031738281	96.09879302978516
300.2388000488281	115.58085632324219	32.60511016845703	96.46339416503906
305.88116455078125	113.90922546386719	33.11051559448242	97.95865631103516
305.47613525390625	115.43305969238281	32.244285583496094	95.39588928222656
306.651611328125	111.65069580078125	32.55347442626953	96.31062316894531
307.2548828125	112.0413589477539	32.46376419067383	96.04520416259766
305.1180114746094	109.62455749511719	33.26715087890625	98.42205810546875
304.8132019042969	110.83955383300781	32.74421691894531	96.87494659423828
306.7724304199219	109.44181823730469	32.58769226074219	96.41185760498047
308.6353454589844	109.37727355957031	32.894290924072266	97.31893157958984
306.8572998046875	110.23541259765625	32.35355758666992	95.71915435791016
289.0	104.0	46.0	115.0
298.83380126953125	102.31219482421875	45.986820220947266	114.96705627441406
297.3477478027344	103.9292221069336	45.490440368652344	113.72611999511719
296.07122802734375	103.48851013183594	45.343746185302734	113.35939025878906
297.380126953125	107.02689361572266	44.84275436401367	112.1069107055664
297.72357177734375	102.54959869384766	45.15492630004883	112.88734436035156
299.6259460449219	105.45538330078125	45.47269821166992	113.68177795410156
297.66925048828125	105.23873138427734	45.67389678955078	114.18476867675781
299.94366455078125	104.08485412597656	45.38618850708008	113.46549224853516
297.382568359375	103.5130386352539	45.03824234008789	112.59561920166016
299.65814208984375	103.3324966430664	45.56645584106445	113.91615295410156
294.0	106.0	44.0	106.0
299.7945861816406	109.12882232666016	43.48269271850586	104.75376892089844
301.3373718261719	108.79026794433594	43.236759185791016	104.16129302978516
300.19183349609375	109.22102355957031	43.179771423339844	104.02400970458984
302.25799560546875	107.45654296875	42.45869445800781	102.286865234375
299.98187255859375	108.2155990600586	42.924259185791016	103.408447265625
300.224853515625	104.35504150390625	43.903831481933594	105.7683334350586
299.3863220214844	106.07197570800781	43.9437370300293	105.86446380615234
301.52239990234375	103.68060302734375	43.49645233154297	104.78691101074219
301.51788330078125	106.9236068725586	43.60802459716797	105.05570983886719
303.32464599609375	105.0269775390625	42.95073318481445	103.47222900390625
300.26959228515625	107.6414794921875	43.03517532348633	103.6756591796875
303.0455017089844	106.61595153808594	42.318214416503906	101.94842529296875
304.4013977050781	102.87384033203125	42.6834831237793	102.82838439941406
300.1893005371094	107.6685562133789	42.64507293701172	102.73585510253906
302.0502014160156	110.33966064453125	42.13610076904297	101.50968933105469
300.61358642578125	108.23200988769531	42.192012786865234	101.64439392089844
304.77734375	106.37013244628906	41.90650939941406	100.95660400390625
298.0	105.0	42.0	108.0
304.1970520019531	103.2148208618164	42.095951080322266	108.2467269897461
305.40673828125	101.21842193603516	42.50063705444336	109.28733825683594
263.0	100.0	42.0	112.0
297.0	104.0	43.0	109.0
300.3490295410156	107.77108001708984	42.52913284301758	107.8064193725586
297.0	105.0	42.0	108.0
265.0	102.0	40.0	110.0
298.0	105.0	42.0	108.0
304.9255676269531	103.30711364746094	42.38511657714844	108.99031066894531
267.0	104.0	39.0	108.0
268.0	103.0	38.0	109.0
269.0	104.0	37.0	107.0
268.0	102.0	39.0	108.0
269.0	103.0	37.0	107.0
268.0	101.0	39.0	109.0
268.0	99.0	40.0	109.0
268.0	99.0	41.0	110.0
270.0765686035156	101.54830169677734	40.736488342285156	109.29300689697266
271.5711364746094	99.76028442382812	40.55768585205078	108.81329345703125
271.6603698730469	99.53288269042969	40.04670333862305	107.44236755371094
272.7860412597656	105.49134826660156	39.73821258544922	106.61470794677734
273.6007080078125	103.6089859008789	39.742652893066406	106.62662506103516
271.0	105.0	38.0	103.0
289.28948974609375	105.33882904052734	37.84421157836914	102.5777359008789
271.0	103.0	38.0	105.0
275.177490234375	101.71142578125	37.662540435791016	104.06755065917969
276.36273193359375	106.04769134521484	37.736534118652344	104.27201843261719
275.99139404296875	105.9822006225586	37.77019500732422	104.3650131225586
274.73138427734375	104.6861801147461	37.85095977783203	104.58817291259766
276.0873107910156	104.8416519165039	38.04628372192383	105.12788391113281
278.25006103515625	104.27645111083984	37.6638069152832	104.071044921875
276.2890319824219	104.33512878417969	37.039772033691406	102.34674072265625
277.0	108.0	36.0	101.0
279.0	109.0	34.0	99.0
281.0	109.0	33.0	99.0
280.0	111.0	35.0	96.0
281.1643981933594	110.9206314086914	34.9692497253418	95.91566467285156
283.0891418457031	110.91683197021484	34.64692306518555	95.03157806396484
284.6593322753906	112.9488754272461	34.42210388183594	94.41493225097656
284.5681457519531	112.04505920410156	33.82244110107422	92.77015686035156
287.8324279785156	113.1743392944336	34.25236892700195	93.94939422607422
287.83282470703125	109.1681900024414	33.95778274536133	93.1413803100586
286.0321350097656	110.00276947021484	34.1357307434082	93.62946319580078
286.00958251953125	110.1884765625	34.56843185424805	94.8163070678711
284.93878173828125	109.35380554199219	34.5567626953125	94.78429412841797
286.39483642578125	110.0537109375	34.924964904785156	95.7942123413086
289.03436279296875	109.34647369384766	34.3750114440918	94.2857666015625
288.28326416015625	112.89505767822266	34.16295623779297	93.7041244506836
287.0503845214844	109.59239196777344	34.42003631591797	94.40925598144531
287.8345642089844	111.63861083984375	34.30876922607422	94.10406494140625
288.6456298828125	112.14976501464844	34.02703094482422	93.331298828125
287.7112731933594	111.02360534667969	33.63468933105469	92.25516510009766
290.50933837890625	114.09492492675781	33.383453369140625	91.56605529785156
289.2149963378906	111.56375885009766	32.97613525390625	90.44883728027344
291.0	123.0	28.0	80.0
291.7009582519531	122.41679382324219	28.530004501342773	81.51429748535156
293.21734619140625	121.1181411743164	28.762378692626953	82.17822265625
293.5862731933594	121.28080749511719	27.962350845336914	79.89242553710938
293.0	122.0	29.0	81.0
293.4376525878906	121.79621887207031	29.10170555114746	81.28407287597656
293.3894958496094	119.0225830078125	29.30658531188965	81.8563232421875
293.0	107.0	30.0	89.0
293.0	112.0	30.0	90.0
293.0	106.0	31.0	90.0
290.535400390625	109.0304946899414	31.25259780883789	90.73333740234375
291.0	106.0	39.0	98.0
291.0	109.0	35.0	93.0
292.83441162109375	108.18666076660156	35.386287689208984	94.02642059326172
292.79205322265625	105.8436508178711	35.6594123840332	94.75215148925781
294.0	109.0	33.0	93.0
294.0	109.0	35.0	93.0
294.5699768066406	106.88936614990234	35.742610931396484	94.97322082519531
296.0	107.0	36.0	93.0
297.0	109.0	36.0	92.0
297.0	109.0	36.0	92.0
297.0	109.0	38.0	92.0
297.0	107.0	40.0	95.0
297.0	105.0	38.0	96.0
297.0	107.0	37.0	93.0
297.07965087890625	112.30442810058594	36.84302520751953	92.6054458618164
298.0	109.0	35.0	92.0
298.0	108.0	37.0	94.0
298.0	107.0	37.0	95.0
299.0	106.0	37.0	95.0
299.0	108.0	37.0	91.0
300.0	107.0	36.0	91.0
300.0	109.0	36.0	90.0
301.0	107.0	35.0	91.0
301.0	109.0	35.0	89.0
302.0	109.0	34.0	89.0
303.0	108.0	35.0	90.0
303.0	108.0	35.0	90.0
304.0	107.0	35.0	90.0
304.0	106.0	35.0	91.0
304.0	106.0	35.0	92.0
306.0	107.0	34.0	91.0
307.0	108.0	34.0	89.0
339.0	100.0	34.0	91.0
339.0	100.0	35.0	91.0
339.0	99.0	35.0	91.0
339.0	102.0	35.0	88.0
337.0	101.0	38.0	91.0
339.0	102.0	37.0	89.0
342.0	100.0	33.0	91.0
340.0	100.0	37.0	91.0
343.0	100.0	34.0	92.0
343.0	100.0	35.0	90.0
344.0	99.0	35.0	91.0
344.0	100.0	35.0	87.0
344.0	100.0	35.0	88.0
344.0	100.0	36.0	89.0
314.0	108.0	35.0	87.0
315.0	108.0	35.0	87.0
315.0	108.0	35.0	88.0
347.0	101.0	34.0	84.0
315.0	108.0	34.0	87.0
315.0	107.0	34.0	89.0
316.0	107.0	34.0	89.0
316.0	106.0	34.0	90.0
317.0	108.0	33.0	90.0
317.0	109.0	33.0	87.0
318.0	109.0	33.0	88.0
318.0	109.0	34.0	87.0
319.0	109.0	33.0	86.0
319.0	110.0	33.0	85.0
320.0	109.0	32.0	87.0
319.0	108.0	34.0	88.0
319.0	109.0	34.0	88.0
321.0	109.0	32.0	88.0
320.0	109.0	34.0	88.0
320.0	108.0	34.0	88.0
321.0	110.0	33.0	87.0
322.0	109.0	32.0	87.0
323.0	109.0	31.0	86.0
322.8404846191406	107.55094909667969	30.70023536682129	85.16838073730469
326.0	113.0	30.0	70.0
328.0	114.0	28.0	66.0
322.7198181152344	118.17845153808594	27.753681182861328	65.41938781738281
326.51959228515625	115.65513610839844	27.46327781677246	64.73486328125
326.20806884765625	113.87162017822266	27.60543441772461	65.0699462890625
326.6297302246094	116.94927978515625	27.12814712524414	63.944908142089844
326.5567321777344	115.4918441772461	27.326904296875	64.41340637207031
325.8128662109375	114.6833724975586	27.987070083618164	65.9695053100586
327.1106872558594	115.4910659790039	27.93856430053711	65.85517883300781
327.61328125	113.49305725097656	27.87155532836914	65.69721984863281
328.2027282714844	110.58622741699219	27.955413818359375	65.89488220214844
329.3141174316406	109.20953369140625	28.247455596923828	66.58326721191406
330.0457458496094	111.95735931396484	28.1243953704834	66.29319763183594
329.0	107.0	34.0	79.0
327.07501220703125	108.32072448730469	33.93076705932617	78.83912658691406
343.0	108.0	25.0	71.0
329.0	106.0	32.0	76.0
331.8233337402344	105.6229248046875	31.541391372680664	74.91081237792969
328.0	112.0	22.0	64.0
328.0	112.0	22.0	64.0
329.0	111.0	21.0	65.0
328.0	111.0	23.0	66.0
328.0	111.0	24.0	66.0
328.0	113.0	24.0	64.0
328.0	110.0	26.0	70.0
329.0	111.0	25.0	67.0
329.0	109.0	26.0	70.0
329.0	108.0	27.0	73.0
329.0	111.0	26.0	69.0
330.0	110.0	25.0	70.0
330.0	110.0	25.0	71.0
331.0	111.0	26.0	68.0
331.0	111.0	26.0	68.0
331.0	110.0	25.0	69.0
331.0	110.0	26.0	68.0
331.0	111.0	27.0	68.0
331.0	110.0	27.0	68.0
330.0	110.0	28.0	68.0
330.0	112.0	28.0	67.0
329.0	113.0	28.0	69.0
328.0	112.0	30.0	70.0
329.0	113.0	29.0	70.0
329.0	114.0	29.0	69.0
329.0	114.0	28.0	69.0
329.0	114.0	28.0	66.0
330.0	113.0	27.0	65.0
330.0	112.0	26.0	66.0
330.0	112.0	27.0	66.0
331.0	113.0	26.0	64.0
331.0	112.0	26.0	65.0
331.0	112.0	26.0	65.0
332.0	114.0	26.0	65.0
332.0	115.0	26.0	64.0
333.0	115.0	24.0	62.0
333.0	115.0	24.0	62.0
333.0	115.0	24.0	64.0
333.0	116.0	24.0	62.0
333.0	115.0	25.0	62.0
334.0	114.0	24.0	64.0
334.0	114.0	24.0	65.0
333.0	114.0	25.0	66.0
334.0	114.0	24.0	63.0
334.0	115.0	24.0	64.0
334.0	116.0	24.0	62.0
334.0	116.0	24.0	64.0
334.0	116.0	25.0	66.0
333.0	115.0	25.0	68.0
334.0	116.0	24.0	66.0
332.0	115.0	26.0	68.0
334.0	114.0	24.0	61.0
334.0	114.0	24.0	62.0
334.0	113.0	24.0	63.0
334.0	114.0	24.0	61.0
333.0	114.0	25.0	61.0
333.0	113.0	25.0	64.0
333.0	114.0	25.0	62.0
333.0	114.0	25.0	62.0
333.0	114.0	24.0	62.0
333.0	115.0	24.0	59.0
333.0	114.0	24.0	62.0
333.0	112.0	25.0	65.0
333.0	113.0	24.0	61.0
332.0	113.0	25.0	61.0
332.0	113.0	25.0	61.0
331.0	113.0	26.0	61.0
331.0	113.0	26.0	59.0
330.0	112.0	27.0	62.0
330.0	113.0	27.0	60.0
330.0	113.0	26.0	62.0
330.0	113.0	26.0	62.0
329.0	113.0	26.0	62.0
329.0	114.0	26.0	62.0
328.0	113.0	26.0	61.0
328.0	112.0	26.0	63.0
328.0	111.0	26.0	63.0
328.0	112.0	26.0	61.0
328.0	113.0	25.0	60.0
328.0	113.0	26.0	62.0
328.0	113.0	25.0	61.0
327.0	113.0	26.0	62.0
327.0	113.0	26.0	62.0
327.0	112.0	26.0	63.0
328.0	113.0	26.0	62.0
328.0	113.0	26.0	62.0
328.0	113.0	25.0	61.0
327.0	112.0	26.0	62.0
328.0	112.0	25.0	62.0
328.0	113.0	25.0	60.0
328.0	113.0	26.0	60.0
328.0	112.0	26.0	61.0
328.0	113.0	26.0	61.0
328.0	113.0	26.0	61.0
328.0	114.0	25.0	60.0
327.0	114.0	26.0	60.0
328.0	113.0	25.0	62.0
328.0	113.0	26.0	61.0
327.0	113.0	26.0	58.0
327.0	113.0	26.0	60.0
327.0	113.0	26.0	60.0
327.0	113.0	25.0	59.0
328.0	112.0	24.0	60.0
328.0	112.0	25.0	60.0
328.0	113.0	23.0	59.0
328.0	114.0	24.0	59.0
328.0	114.0	24.0	57.0
328.0	115.0	25.0	57.0
323.7304382324219	114.3233871459961	24.428787231445312	57.91349411010742
320.7067565917969	114.38326263427734	23.975120544433594	58.601890563964844
329.0	114.0	23.0	58.0
329.0	114.0	23.0	58.0
329.0	114.0	22.0	57.0
329.0	114.0	22.0	57.0
324.8277893066406	113.79560089111328	22.06024742126465	57.29613494873047
321.7746887207031	113.8114242553711	21.9134578704834	57.55293273925781
318.5963439941406	113.3528060913086	21.93110466003418	58.00640106201172
315.4787292480469	112.71898651123047	21.85041618347168	58.4347038269043
312.3327941894531	111.86470794677734	21.83220100402832	58.93328094482422
309.1076965332031	110.81201171875	21.88352394104004	59.51752471923828
305.7937927246094	109.58452606201172	21.992050170898438	60.178863525390625
302.3696594238281	108.19307708740234	22.173490524291992	60.94214630126953
298.8322448730469	106.65116119384766	22.431703567504883	61.828277587890625
304.0	113.0	29.0	86.0
304.0	113.0	29.0	88.0
304.0	112.0	30.0	89.0
306.0	113.0	28.0	88.0
306.0	115.0	28.0	86.0
307.0	115.0	27.0	85.0
307.0	115.0	28.0	86.0
307.0	114.0	29.0	87.0
307.0	114.0	29.0	86.0
308.0	113.0	28.0	86.0
308.0	111.0	30.0	86.0
309.0	113.0	28.0	85.0
309.0	110.0	29.0	87.0
309.0	110.0	29.0	87.0
309.0	109.0	30.0	88.0
309.0	111.0	28.0	88.0
309.0	113.0	29.0	86.0
310.0	113.0	28.0	86.0
311.0	112.0	27.0	85.0
312.0	114.0	26.0	84.0
311.0	114.0	27.0	86.0
311.0	115.0	27.0	84.0
310.0	113.0	28.0	84.0
310.0	114.0	28.0	82.0
310.0	113.0	28.0	82.0
310.0	112.0	28.0	83.0
309.0	111.0	29.0	84.0
309.0	109.0	30.0	86.0
309.0	109.0	31.0	85.0
309.0	106.0	32.0	89.0
308.28387451171875	109.54231262207031	31.98514747619629	88.95869445800781
309.09930419921875	110.158447265625	31.9248104095459	88.79088592529297
309.0	109.0	30.0	86.0
309.035400390625	111.56864166259766	29.923900604248047	85.78184509277344
311.0	116.0	28.0	83.0
310.8615417480469	112.00129699707031	28.50821304321289	84.50648498535156
311.4000549316406	112.825439453125	28.299097061157227	83.88660430908203
308.0	113.0	32.0	82.0
309.0	113.0	32.0	82.0
309.0	111.0	32.0	83.0
311.0	110.0	31.0	84.0
312.0	110.0	30.0	85.0
313.0	111.0	29.0	85.0
313.0	112.0	30.0	83.0
314.0	112.0	31.0	84.0
313.0	111.0	32.0	83.0
314.0	114.0	31.0	79.0
313.5150451660156	114.45503234863281	30.748443603515625	78.35893249511719
316.0	118.0	27.0	78.0
316.0	116.0	27.0	79.0
316.0	116.0	28.0	80.0
316.06781005859375	113.2835464477539	28.41168212890625	81.17622375488281
316.7173767089844	111.13398742675781	28.970561981201172	82.77302551269531
316.3447570800781	112.03825378417969	29.164295196533203	83.32655334472656
318.0	113.0	27.0	76.0
316.70062255859375	111.4541244506836	27.334095001220703	76.94041442871094
316.67547607421875	113.9793472290039	27.24379539489746	76.68624114990234
318.13128662109375	114.68115234375	27.1510066986084	76.42506408691406
316.61676025390625	115.0051040649414	27.47982406616211	77.35062408447266
313.044677734375	115.09046936035156	27.653522491455078	78.4461441040039
318.4771423339844	111.8072280883789	27.624197006225586	78.36296081542969
316.0	111.0	15.0	50.0
310.9895324707031	106.45606231689453	22.625558853149414	59.16851043701172
313.78326416015625	106.9653091430664	22.692617416381836	59.34387969970703
320.66156005859375	114.41621398925781	22.80072593688965	59.6265983581543
317.0	113.0	16.0	48.0
319.2454528808594	114.56998443603516	16.118160247802734	48.3544807434082
319.0	114.0	17.0	50.0
322.08770751953125	114.41056060791016	17.176651000976562	50.519561767578125
325.6805114746094	114.11844635009766	17.56814193725586	51.670997619628906
325.5661315917969	114.6783447265625	17.765064239501953	52.25017547607422
325.0	114.0	19.0	52.0
324.53167724609375	115.2550277709961	19.21640968322754	52.59227752685547
326.0	115.0	20.0	50.0
326.0	113.0	21.0	52.0
327.0	112.0	20.0	53.0
327.0	113.0	20.0	52.0
327.0	113.0	21.0	52.0
327.0	113.0	21.0	52.0
325.2664489746094	113.898193359375	21.41021728515625	53.015777587890625
328.0	113.0	20.0	52.0
327.0	113.0	22.0	53.0
328.0	113.0	21.0	53.0
329.0	114.0	20.0	52.0
329.0	114.0	20.0	51.0
329.0	115.0	21.0	51.0
329.0	115.0	20.0	50.0
329.0	114.0	20.0	51.0
326.09185791015625	113.79194641113281	20.163082122802734	51.415855407714844
326.201904296875	113.3960189819336	20.01835823059082	51.04680252075195
325.6837158203125	113.95329284667969	20.188465118408203	51.48057174682617
326.5386657714844	113.49302673339844	20.633291244506836	52.6148796081543
325.075927734375	112.44580078125	20.52940559387207	52.3499755859375
325.6966247558594	115.18608093261719	20.44437599182129	52.133148193359375
326.1572265625	115.3427505493164	20.411014556884766	52.048072814941406
325.2164001464844	115.69281005859375	20.180889129638672	51.46125411987305
341.0	114.0	17.0	48.0
342.0	114.0	16.0	48.0
343.0	113.0	15.0	50.0
343.0	114.0	15.0	48.0
325.0	114.0	19.0	50.0
324.0	114.0	18.0	50.0
324.0	114.0	18.0	50.0
322.6593322753906	113.3634033203125	17.806079864501953	49.46133041381836
323.5723876953125	115.6360092163086	17.810888290405273	49.47468566894531
323.0563049316406	114.6983871459961	17.43012809753418	48.417015075683594
320.2527770996094	113.2603530883789	16.500864028930664	48.193878173828125
320.57781982421875	114.7304458618164	16.240291595458984	47.432830810546875
321.0	115.0	17.0	46.0
320.0	115.0	19.0	48.0
319.360107421875	113.9282455444336	18.776885986328125	47.43634796142578
319.0	116.0	16.0	46.0
319.63897705078125	113.09907531738281	16.43805694580078	47.25940704345703
319.20843505859375	110.28196716308594	16.68235206604004	47.96175003051758
318.20220947265625	105.63383483886719	16.87966537475586	48.529029846191406
313.0	108.0	20.0	55.0
313.4919128417969	105.7486801147461	19.746910095214844	54.30400466918945
313.1044006347656	106.09339904785156	19.963960647583008	54.9008903503418
308.1080017089844	105.48728942871094	20.13413429260254	55.368858337402344
309.0	113.0	21.0	49.0
307.6902160644531	112.74906921386719	20.70553970336914	48.31292724609375
305.54742431640625	111.68180847167969	20.660385131835938	48.20756149291992
307.0	113.0	19.0	49.0
307.0	113.0	17.0	49.0
310.0	117.0	15.0	38.0
305.0	114.0	17.0	47.0
304.0	113.0	18.0	48.0
303.0	113.0	18.0	47.0
302.0	113.0	18.0	48.0
301.0	112.0	19.0	50.0
300.0	114.0	18.0	47.0
299.0	114.0	18.0	47.0
298.0	112.0	19.0	51.0
298.0	114.0	17.0	47.0
297.0	114.0	17.0	46.0
296.0	113.0	17.0	48.0
296.0	113.0	16.0	47.0
295.2449951171875	110.32904052734375	16.109886169433594	47.32278823852539
292.0	112.0	19.0	51.0
292.0	114.0	18.0	49.0
291.99041748046875	113.46995544433594	18.17099952697754	49.46549606323242
290.0961608886719	114.55805969238281	18.19721031188965	49.53684997558594
288.7239685058594	116.14678955078125	18.10509490966797	49.28609085083008
282.0	111.0	25.0	64.0
282.0	111.0	25.0	63.0
282.00067138671875	112.9808349609375	25.185420989990234	63.467262268066406
282.0	112.0	25.0	63.0
280.47503662109375	111.9548110961914	25.015409469604492	63.03883743286133
282.0	108.0	25.0	68.0
281.46221923828125	108.5904312133789	24.794544219970703	67.441162109375
279.91094970703125	110.09393310546875	24.976198196411133	67.93525695800781
280.0	112.0	16.0	48.0
275.1145935058594	108.38735961914062	21.616981506347656	54.49836349487305
273.5311279296875	107.58804321289062	20.956920623779297	54.41068649291992
271.5703430175781	106.32955169677734	21.89358901977539	55.61936569213867
269.5913391113281	104.9787368774414	22.495540618896484	56.81412124633789
267.62420654296875	103.58194732666016	23.238473892211914	58.25816345214844
265.6862487792969	102.07530975341797	23.991559982299805	59.90180969238281
265.6340026855469	106.5907211303711	23.609609603881836	58.94816970825195
264.2556457519531	108.9618148803711	23.736326217651367	59.264549255371094
264.7923889160156	106.67130279541016	23.365562438964844	58.33882522583008
264.122314453125	106.04595947265625	23.921342849731445	59.72649002075195
263.75006103515625	105.69541931152344	23.829309463500977	59.4967041015625
263.1676025390625	106.2519760131836	23.84598159790039	59.538330078125
261.7154235839844	108.0273666381836	23.435178756713867	58.51264572143555
262.80047607421875	108.87081146240234	23.304973602294922	58.18754959106445
262.04315185546875	110.39874267578125	23.144479751586914	57.786834716796875
261.88262939453125	107.82413482666016	23.20328140258789	57.93364334106445
294.0	108.0	26.0	69.0
295.0	107.0	26.0	70.0
297.0	110.0	23.0	66.0
297.0	111.0	24.0	67.0
297.0	112.0	24.0	63.0
298.0	110.0	24.0	69.0
299.0	111.0	23.0	66.0
300.08209228515625	109.96720886230469	23.120981216430664	66.34716033935547
298.91827392578125	111.82362365722656	22.98288345336914	65.95088195800781
298.8575744628906	116.28761291503906	22.963428497314453	65.89505767822266
300.12872314453125	117.03556823730469	23.085445404052734	66.24519348144531
299.91204833984375	117.43458557128906	23.342069625854492	66.9815902709961
299.98065185546875	115.46492004394531	23.17380714416504	66.4987564086914
300.3001403808594	116.02664947509766	23.573171615600586	67.64476013183594
299.8362731933594	115.1555404663086	23.546833038330078	67.56916809082031
300.5437927246094	112.84223937988281	23.79513931274414	68.28170013427734
304.0	108.0	24.0	70.0
301.7945861816406	113.54826354980469	24.299177169799805	70.87260437011719
305.0	110.0	24.0	69.0
301.2317199707031	114.8765640258789	23.84586524963379	68.5568618774414
303.15863037109375	115.00468444824219	24.07253646850586	69.20854187011719
301.9525146484375	112.72184753417969	24.223438262939453	69.64237976074219
302.9495849609375	109.83753967285156	24.664600372314453	70.91072082519531
306.0	111.0	27.0	67.0
301.5357666015625	116.61756896972656	27.116222381591797	67.28840637207031
302.2123107910156	111.40620422363281	27.3079891204834	67.76427459716797
302.95074462890625	110.50213623046875	27.780620574951172	68.93710327148438
302.56317138671875	112.408447265625	28.145360946655273	69.84220123291016
308.0	112.0	26.0	67.0
306.3816223144531	113.10984802246094	25.94991111755371	66.87092590332031
310.0	113.0	27.0	67.0
310.0	113.0	27.0	67.0
306.3049621582031	112.78961181640625	27.4887638092041	68.21285247802734
312.0	112.0	27.0	67.0
312.0	112.0	27.0	66.0
313.0	112.0	26.0	66.0
314.0	111.0	25.0	67.0
310.75506591796875	113.32315826416016	25.43016242980957	68.15283966064453
316.0	110.0	24.0	69.0
315.0	111.0	25.0	68.0
315.0	112.0	25.0	67.0
315.0	113.0	24.0	66.0
316.0	112.0	24.0	69.0
316.0	112.0	25.0	67.0
316.0	113.0	25.0	66.0
319.0	115.0	23.0	61.0
339.0	117.0	14.0	37.0
339.0	118.0	15.0	35.0
340.0	116.0	15.0	37.0
339.0	116.0	15.0	38.0
336.0713806152344	114.90187072753906	14.020441055297852	38.558387756347656
340.0	117.0	15.0	37.0
340.0	118.0	15.0	35.0
340.0	118.0	14.0	36.0
337.23712158203125	116.47237396240234	13.111211776733398	36.7235107421875
334.6365051269531	115.5622787475586	12.36475944519043	37.5797119140625
331.9976501464844	114.46749114990234	11.718484878540039	38.24618911743164
329.2960510253906	113.34383392333984	11.150690078735352	38.756187438964844
326.64117431640625	112.17874908447266	10.696834564208984	39.139949798583984
324.0745544433594	110.9809341430664	10.357528686523438	39.42551040649414
321.61993408203125	109.7795639038086	10.127199172973633	39.63859939575195
319.2838134765625	108.60077667236328	9.996496200561523	39.80305480957031
317.0581359863281	107.46391296386719	9.952966690063477	39.939056396484375
314.9260559082031	106.38020324707031	9.982927322387695	40.062496185302734
312.8663330078125	105.3528060913086	10.072698593139648	40.18473434448242
315.9732971191406	105.40666198730469	10.18679428100586	40.33891677856445
316.3482666015625	105.908447265625	10.218500137329102	40.44755172729492
313.76605224609375	104.6049575805664	10.260629653930664	40.33204650878906
311.6287536621094	103.81537628173828	10.419384002685547	40.469566345214844
309.58233642578125	102.98426055908203	10.637792587280273	40.63286590576172
312.0	119.0	17.0	55.0
313.0	117.0	17.0	58.0
313.0	117.0	18.0	58.0
313.0	117.0	19.0	57.0
315.0	117.0	18.0	57.0
314.0	117.0	19.0	59.0
315.0	117.0	19.0	59.0
315.0	117.0	18.0	58.0
314.0	117.0	19.0	58.0
315.0	115.0	19.0	61.0
312.0694274902344	114.6882553100586	19.25468635559082	60.1856689453125
309.3565979003906	113.81693267822266	19.88059425354004	60.506675720214844
315.0	117.0	19.0	58.0
314.0	118.0	19.0	58.0
314.0	118.0	19.0	57.0
314.0	117.0	19.0	60.0
314.1625061035156	116.15975189208984	19.251014709472656	60.79267501831055
314.2679443359375	118.9415283203125	19.137521743774414	60.43427658081055
315.0	118.0	19.0	58.0
315.54345703125	119.12632751464844	19.08650016784668	58.2640495300293
315.0	116.0	20.0	60.0
315.0	118.0	19.0	60.0
316.0	117.0	19.0	61.0
315.0	116.0	20.0	62.0
316.0	116.0	19.0	61.0
317.0	116.0	19.0	59.0
317.9075622558594	117.77298736572266	19.11807632446289	59.366661071777344
317.6567077636719	120.56790924072266	19.276338577270508	59.85810089111328
317.6720886230469	117.76960754394531	19.49201011657715	60.5278205871582
318.33074951171875	118.2643051147461	19.840898513793945	61.6112060546875
318.06964111328125	114.96357727050781	19.927753448486328	61.88091278076172
317.8037109375	115.91786193847656	19.992206573486328	62.08104705810547
317.4928283691406	115.35163879394531	20.003625869750977	62.11650848388672
318.1240234375	117.69058990478516	19.85628890991211	61.65898895263672
317.42230224609375	118.0999984741211	20.144214630126953	62.553077697753906
315.9546813964844	116.6558609008789	20.443214416503906	63.48154830932617
317.03216552734375	117.70588684082031	20.33172035217285	63.13532638549805
317.41943359375	115.7379379272461	20.67348861694336	64.19660949707031
318.2068786621094	116.7027587890625	20.887006759643555	64.8596420288086
327.0	117.0	21.0	47.0
324.5662536621094	118.92497253417969	20.831253051757812	46.6223258972168
325.7989807128906	117.86067962646484	20.941280364990234	46.86858367919922
327.127197265625	118.30499267578125	20.96576499938965	46.92338180541992
323.06256103515625	119.2302474975586	20.939899444580078	46.8654899597168
324.34173583984375	120.06490325927734	20.308238983154297	45.451778411865234
328.10162353515625	120.5125732421875	20.39080047607422	45.636558532714844
328.1042785644531	119.96220397949219	20.517560958862305	45.920265197753906
334.0	117.0	15.0	44.0
334.0	117.0	16.0	46.0
334.0	115.0	18.0	50.0
334.0	115.0	18.0	51.0
335.0	118.0	16.0	46.0
335.0	117.0	17.0	47.0
336.0	115.0	17.0	48.0
337.0	115.0	16.0	48.0
337.41607666015625	116.92987060546875	16.0655517578125	48.19666290283203
338.16607666015625	117.44548034667969	16.03359031677246	48.10077667236328
339.0	121.0	17.0	42.0
338.0	120.0	18.0	43.0
341.0	120.0	15.0	42.0
341.0	119.0	15.0	44.0
341.0	120.0	16.0	43.0
341.6651611328125	119.87300872802734	16.023548126220703	43.06328582763672
343.52362060546875	118.35371398925781	15.952035903930664	42.87109375
343.8968505859375	117.89237213134766	16.20351219177246	43.54693603515625
344.8409118652344	117.96229553222656	16.08737564086914	43.23481369018555
344.42742919921875	117.73846435546875	15.935800552368164	42.827457427978516
339.0	114.0	16.0	49.0
340.0	114.0	17.0	48.0
339.0	117.0	16.0	46.0
336.7846374511719	116.25141143798828	15.953901290893555	45.987548828125
334.16131591796875	116.05699157714844	15.343088150024414	45.58565139770508
331.80267333984375	115.57044219970703	14.819377899169922	45.27696228027344
329.3544006347656	114.8345718383789	14.218936920166016	44.8930549621582
326.9597473144531	113.9186019897461	13.626062393188477	44.48918151855469
324.5863342285156	112.8382568359375	13.044595718383789	44.04353332519531
333.0416564941406	115.4844741821289	12.970133781433105	43.79212188720703
334.05474853515625	115.34431457519531	13.057652473449707	44.08761978149414
335.992919921875	116.55043029785156	13.263132095336914	44.78139877319336
336.1554870605469	116.95391845703125	13.226603507995605	44.65806579589844
337.55645751953125	118.04940032958984	13.221151351928711	44.6396598815918
338.44781494140625	116.9430923461914	13.313626289367676	44.95188522338867
334.9205017089844	116.3453140258789	12.882532119750977	44.16093063354492
321.0	120.0	16.0	51.0
321.0	120.0	18.0	58.0
321.0	117.0	19.0	64.0
320.0	115.0	22.0	68.0
322.0	116.0	20.0	66.0
322.0	115.0	23.0	68.0
324.0	117.0	18.0	62.0
323.0	116.0	21.0	67.0
324.0	116.0	20.0	67.0
325.0	116.0	18.0	64.0
326.0	117.0	18.0	63.0
326.0	117.0	20.0	63.0
326.0	116.0	21.0	64.0
326.66650390625	117.46297454833984	20.941204071044922	63.8208122253418
326.897705078125	116.3582534790039	21.307416915893555	64.9368896484375
327.0538635253906	117.236572265625	21.080440521240234	64.24515533447266
330.0	113.0	23.0	71.0
330.0	115.0	24.0	67.0
330.0	115.0	26.0	68.0
332.0	115.0	24.0	68.0
331.0	115.0	26.0	67.0
334.0	116.0	23.0	67.0
336.0	116.0	22.0	66.0
338.0	118.0	20.0	63.0
340.0	117.0	20.0	62.0
328.0	118.0	17.0	42.0
328.0	118.0	15.0	38.0
328.0	116.0	15.0	39.0
328.0	117.0	16.0	39.0
328.0	118.0	15.0	39.0
328.0	119.0	14.0	37.0
328.0	118.0	14.0	38.0
328.0	117.0	15.0	39.0
328.0	118.0	15.0	38.0
335.0	118.0	16.0	37.0
330.0	118.0	15.0	38.0
329.0	118.0	15.0	38.0
328.0	118.0	15.0	38.0
329.0	118.0	14.0	38.0
328.38458251953125	119.13615417480469	14.150357246398926	38.40811538696289
342.0	120.0	14.0	36.0
329.0	118.0	14.0	37.0
328.0	119.0	15.0	36.0
327.5968322753906	120.20027160644531	14.897912979125977	35.75498962402344
328.0	119.0	15.0	37.0
328.0	119.0	15.0	36.0
329.0	120.0	13.0	35.0
328.0	119.0	14.0	36.0
329.0	120.0	13.0	35.0
329.0	118.0	14.0	37.0
329.0	120.0	13.0	34.0
328.0	117.0	14.0	38.0
327.0	116.0	16.0	40.0
330.07855224609375	117.36878967285156	16.111637115478516	40.27909469604492
328.0	116.0	19.0	40.0
327.11004638671875	118.86865234375	18.690195083618164	39.3477783203125
327.5104064941406	119.5240478515625	18.56512451171875	39.08447265625
329.0	117.0	16.0	40.0
330.0	118.0	13.0	37.0
329.0	119.0	14.0	37.0
329.0	118.0	14.0	38.0
328.0	116.0	16.0	40.0
329.0	117.0	15.0	40.0
329.0	118.0	16.0	39.0
330.0	118.0	14.0	38.0
330.0	120.0	14.0	36.0
331.0	120.0	14.0	36.0
331.0	119.0	14.0	37.0
330.0	118.0	15.0	38.0
331.0	119.0	15.0	37.0
331.0	119.0	15.0	36.0
331.0	118.0	15.0	38.0
331.0	118.0	15.0	38.0
329.9866638183594	119.2250747680664	15.202496528625488	38.51299285888672
330.4902648925781	119.30655670166016	15.466578483581543	39.18199920654297
330.6492919921875	118.92338562011719	15.789751052856445	40.000701904296875
329.91412353515625	119.35009765625	15.909860610961914	40.30497741699219
329.6591796875	119.73713684082031	15.994000434875488	40.518131256103516
330.5517578125	119.14749908447266	16.02455711364746	40.595542907714844
330.59698486328125	119.4078369140625	15.8176851272583	40.07146453857422
330.8651123046875	119.90422058105469	15.861124992370605	40.18151092529297
330.2848815917969	119.1922836303711	15.877222061157227	40.222286224365234
330.2733154296875	119.2862548828125	15.842732429504395	40.134910583496094
330.90692138671875	119.2167739868164	16.02421760559082	40.594669342041016
330.77593994140625	118.3653564453125	15.879534721374512	40.22814178466797
330.17681884765625	119.31951904296875	15.904248237609863	40.290748596191406
330.9011535644531	118.94795227050781	15.858965873718262	40.17603302001953
330.9384765625	120.1857681274414	15.771441459655762	39.95430374145508
345.0	125.0	12.0	33.0
333.0	116.0	15.0	41.0
332.0	116.0	16.0	41.0
333.0	116.0	15.0	40.0
333.0	116.0	15.0	40.0
333.0	116.0	16.0	42.0
333.0	116.0	15.0	42.0
333.0	117.0	15.0	40.0
332.10345458984375	118.7793960571289	15.258219718933105	40.6885871887207
332.0	116.0	16.0	42.0
333.0	117.0	15.0	40.0
333.0	117.0	16.0	41.0
332.15179443359375	118.80940246582031	15.937893867492676	40.84085464477539
332.33294677734375	117.85809326171875	15.929788589477539	40.8200798034668
331.92724609375	118.4383544921875	16.077144622802734	41.19768524169922
331.74078369140625	118.65748596191406	16.21338653564453	41.54680633544922
331.9116516113281	119.1010513305664	15.921213150024414	40.7981071472168
331.7442321777344	119.1067886352539	15.985441207885742	40.96269607543945
332.0	119.0	15.0	38.0
332.0	119.0	15.0	38.0
332.0	116.0	17.0	43.0
331.61846923828125	116.0162582397461	17.10199546813965	43.25798797607422
331.99169921875	116.85111999511719	17.177011489868164	43.4477424621582
332.0	121.0	15.0	36.0
332.0	119.0	15.0	38.0
332.0392150878906	121.13809967041016	14.91747760772705	37.79094314575195
331.46282958984375	121.1295166015625	14.945180892944336	37.86112594604492
331.5618896484375	119.35748291015625	14.79375171661377	37.47750473022461
331.2186584472656	120.48626708984375	14.696584701538086	37.23134994506836
331.8927307128906	120.20881652832031	14.626436233520508	37.05363845825195
331.5380859375	121.21092224121094	14.722196578979492	37.296234130859375
332.0	118.0	15.0	40.0
331.1750793457031	118.41377258300781	14.824277877807617	39.531410217285156
331.02520751953125	120.12125396728516	14.685198783874512	39.1605339050293
330.7962951660156	119.73526763916016	14.517946243286133	38.71452331542969
331.916259765625	118.36360931396484	14.669443130493164	39.11851501464844
331.5251770019531	116.3226318359375	14.711992263793945	39.23197937011719
330.85943603515625	118.60298156738281	14.603958129882812	38.94388961791992
330.23748779296875	119.27195739746094	14.803227424621582	39.47527313232422
330.4051208496094	119.40362548828125	14.88776969909668	39.700721740722656
330.65081787109375	119.86629486083984	14.852740287780762	39.6073112487793
329.0	116.0	18.0	44.0
330.0	119.0	16.0	40.0
328.99713134765625	118.80706787109375	16.1998233795166	40.49955749511719
330.0	117.0	15.0	41.0
329.93963623046875	118.6951675415039	15.055761337280273	41.15241241455078
329.364013671875	118.50709533691406	15.103693008422852	41.283424377441406
328.94561767578125	117.6105728149414	15.214498519897461	41.5862922668457
329.3133850097656	118.3592300415039	14.967123031616211	40.910133361816406
328.9004821777344	118.7547378540039	14.743209838867188	40.2981071472168
328.79351806640625	117.729736328125	14.751548767089844	40.320899963378906
325.7624816894531	115.81454467773438	13.54937744140625	40.45719909667969
323.55145263671875	114.46222686767578	12.630556106567383	40.634559631347656
328.0978088378906	119.3903579711914	12.808575630187988	41.207275390625
328.3109436035156	118.87606048583984	12.690007209777832	40.82582092285156
328.2813415527344	119.57081604003906	13.030535697937012	41.921356201171875
328.2511901855469	117.8172378540039	12.86206340789795	41.379356384277344
329.272705078125	114.1513671875	13.174468994140625	42.384422302246094
327.79876708984375	116.1527328491211	13.299331665039062	42.78612518310547
325.22222900390625	114.23186492919922	12.619171142578125	42.513790130615234
322.8977355957031	113.00159454345703	11.92845344543457	42.235931396484375
320.7140197753906	111.58084869384766	11.422647476196289	41.961265563964844
325.55462646484375	114.38566589355469	11.497892379760742	42.23767852783203
325.95953369140625	111.90385437011719	11.506772994995117	42.270301818847656
326.50946044921875	114.25282287597656	11.151959419250488	40.966888427734375
327.5733337402344	113.28608703613281	11.2675199508667	41.39140701293945
327.412841796875	112.1657943725586	11.394635200500488	41.85836410522461
328.4676818847656	112.10086822509766	11.477888107299805	42.16419219970703
325.1270446777344	110.56539154052734	11.004955291748047	41.545860290527344
328.9722595214844	112.3052978515625	11.085891723632812	41.85141372680664
331.807373046875	112.93896484375	11.009378433227539	41.562564849853516
328.0301818847656	111.10946655273438	10.59422492980957	40.93849182128906
330.80242919921875	110.61920166015625	10.854284286499023	41.94342803955078
329.515380859375	110.47004699707031	10.88508129119873	42.06243133544922
326.3172607421875	109.50275421142578	10.777265548706055	41.5202522277832
336.43267822265625	114.48653411865234	10.869235038757324	41.87458038330078
333.291015625	112.00495910644531	11.104215621948242	42.77986526489258
333.77459716796875	112.56736755371094	11.187479019165039	43.10063934326172
327.2469482421875	117.67817687988281	11.21159839630127	43.19356155395508
324.3697204589844	118.56211853027344	11.3270263671875	43.63825988769531
325.0	120.0	14.0	41.0
324.0	120.0	15.0	40.0
324.0	121.0	15.0	38.0
322.6546325683594	121.16252136230469	15.175928115844727	38.4456787109375
324.0	119.0	15.0	41.0
323.0	120.0	16.0	40.0
323.0	119.0	16.0	41.0
323.0	119.0	15.0	41.0
322.0	120.0	16.0	40.0
321.5443420410156	118.90482330322266	15.919036865234375	39.79758834838867
321.9620056152344	119.6677474975586	15.991856575012207	39.979637145996094
321.0	118.0	16.0	43.0
321.6068420410156	119.52347564697266	15.811062812805176	42.492225646972656
320.0	121.0	17.0	40.0
320.33380126953125	120.82432556152344	16.8233699798584	39.58440399169922
319.3799133300781	120.90513610839844	16.903242111206055	39.77234649658203
320.0	121.0	16.0	39.0
336.0	117.0	19.0	43.0
335.0	116.0	21.0	45.0
320.0	119.0	14.0	39.0
320.0	119.0	15.0	39.0
319.0	120.0	15.0	37.0
319.0	121.0	14.0	36.0
319.0	120.0	15.0	36.0
336.0	115.0	20.0	48.0
336.0	114.0	20.0	48.0
336.0	116.0	20.0	45.0
336.0	116.0	19.0	45.0
318.0	116.0	17.0	45.0
317.0	115.0	18.0	47.0
317.0	115.0	18.0	47.0
318.0	116.0	17.0	46.0
316.4783630371094	117.47361755371094	17.070972442626953	46.19204330444336
317.0	116.0	19.0	45.0
318.0	117.0	17.0	44.0
318.0	118.0	17.0	43.0
319.0	120.0	16.0	41.0
315.96734619140625	118.43513488769531	16.025182723999023	41.06453323364258
317.0135803222656	119.57779693603516	16.03948402404785	41.10117721557617
316.6463317871094	117.83949279785156	16.027029037475586	41.06925964355469
317.20159912109375	119.34883117675781	15.986645698547363	40.96577835083008
317.02679443359375	117.32191467285156	16.05868148803711	41.15037536621094
315.80096435546875	118.65264892578125	16.3509578704834	41.89933395385742
316.0889892578125	119.17271423339844	16.31125831604004	41.797607421875
316.91851806640625	119.38790130615234	16.077957153320312	41.199771881103516
317.45501708984375	119.63277435302734	16.086240768432617	41.22100067138672
317.6748352050781	118.69596862792969	15.869791984558105	40.666351318359375
317.3727722167969	118.95162200927734	15.848429679870605	40.611610412597656
318.4955139160156	121.2559814453125	15.85163402557373	40.61982345581055
318.36517333984375	120.8934555053711	16.05813980102539	41.14899444580078
320.0	116.0	17.0	45.0
319.0	115.0	19.0	45.0
319.0	116.0	18.0	45.0
322.25665283203125	117.58918762207031	18.399364471435547	45.99840545654297
324.8658142089844	116.76844787597656	18.072093963623047	45.180233001708984
322.0	115.0	20.0	45.0
323.212646484375	119.56797790527344	19.815343856811523	44.58452606201172
325.0	115.0	18.0	45.0
329.0	114.0	20.0	49.0
324.5912170410156	115.4728012084961	20.215421676635742	49.52778244018555
326.34234619140625	116.6785888671875	20.270061492919922	49.66165542602539
327.2989807128906	114.76805114746094	20.127710342407227	49.312889099121094
327.8895263671875	115.38175964355469	20.227651596069336	49.55774688720703
331.1711730957031	114.65899658203125	20.276927947998047	49.6784782409668
328.0	122.0	27.0	39.0
329.1079406738281	118.17647552490234	27.37557029724121	39.5424919128418
329.36956787109375	117.9469985961914	27.775222778320312	40.11977005004883
328.81207275390625	119.00811767578125	27.969528198242188	40.40043258666992
327.4298400878906	114.0799560546875	28.335342407226562	40.9288330078125
329.55841064453125	117.6430435180664	28.69607162475586	41.44989013671875
326.9914245605469	118.01839447021484	28.65561866760254	41.391456604003906
327.43603515625	118.51875305175781	28.80524253845215	41.607582092285156
328.0408935546875	118.49700927734375	29.00619125366211	41.8978385925293
327.88555908203125	117.46189880371094	28.86006736755371	41.686771392822266
327.57989501953125	116.7789306640625	28.811426162719727	41.61650848388672
328.44598388671875	117.03353118896484	29.289142608642578	42.306541442871094
330.0	118.0	25.0	44.0
330.1126708984375	116.12107849121094	25.248653411865234	44.43762969970703
328.4688415527344	118.09136962890625	25.877716064453125	45.544776916503906
329.5386047363281	116.26708984375	25.8418025970459	45.4815673828125
326.8230895996094	115.6671371459961	25.86403465270996	45.52069854736328
327.51165771484375	114.0791015625	26.01962661743164	45.79453659057617
325.51605224609375	113.00543212890625	26.154516220092773	46.03194046020508
326.0760803222656	113.82979583740234	25.326065063476562	44.57386016845703
324.69384765625	116.41932678222656	24.641061782836914	43.368255615234375
327.308349609375	118.32627868652344	24.82538414001465	43.692665100097656
325.17584228515625	119.34916687011719	24.850011825561523	43.73600769042969
322.701416015625	118.9797134399414	24.70660400390625	43.483604431152344
320.99945068359375	115.7320327758789	24.739181518554688	43.54093933105469
328.89971923828125	118.05745697021484	24.605649948120117	43.30592346191406
332.2228698730469	115.61279296875	24.63271141052246	43.353553771972656
328.8582458496094	118.907470703125	24.59670066833496	43.29018020629883
319.2599182128906	115.3636245727539	24.874446868896484	43.779014587402344
321.5806579589844	116.20536041259766	24.959274291992188	43.928314208984375
317.33087158203125	113.66944885253906	23.38589859008789	44.53306579589844
