243.0	240.0	36.0	18.0
245.0	241.0	35.0	17.0
248.0	238.0	36.0	18.0
251.0	238.0	36.0	16.0
256.0	236.0	37.0	17.0
258.0	235.0	36.0	15.0
262.0	230.0	35.0	18.0
263.0	226.0	36.0	20.0
268.4575500488281	223.49575805664062	35.55634307861328	19.753524780273438
272.8477783203125	221.60647583007812	35.64487075805664	19.80270767211914
275.9541931152344	219.34664916992188	35.66387939453125	19.813268661499023
279.22747802734375	216.6026611328125	35.954246520996094	19.97458267211914
282.71392822265625	212.1485137939453	35.65238571166992	19.806880950927734
284.46502685546875	207.957275390625	35.31092071533203	19.617177963256836
288.0	206.0	33.0	19.0
290.0	204.0	34.0	16.0
290.0	197.0	34.0	19.0
293.0	192.0	34.0	16.0
295.0	187.0	35.0	17.0
298.0	183.0	34.0	16.0
298.16461181640625	177.21803283691406	33.85711669921875	15.932760238647461
299.0	167.0	35.0	17.0
301.0	163.0	37.0	18.0
302.0	162.0	33.0	15.0
302.0	161.0	36.0	15.0
302.0	159.0	33.0	15.0
302.0	155.0	36.0	16.0
302.0	154.0	36.0	17.0
302.0	155.0	33.0	13.0
301.0	151.0	36.0	16.0
301.0	149.0	37.0	16.0
301.0	149.0	34.0	14.0
301.0	144.0	36.0	16.0
299.0	139.0	32.0	15.0
297.0	136.0	38.0	17.0
297.0	135.0	34.0	14.0
296.0	131.0	35.0	15.0
299.0	130.0	31.0	14.0
294.0	128.0	37.0	16.0
295.0	127.0	37.0	15.0
295.0	126.0	35.0	15.0
295.0	124.0	37.0	16.0
294.0907287597656	120.14289855957031	36.81719207763672	15.920947074890137
296.0	116.0	40.0	18.0
295.0	114.0	37.0	17.0
296.0	113.0	35.0	16.0
296.0	109.0	36.0	16.0
297.0	108.0	35.0	14.0
297.0	106.0	36.0	15.0
295.0	100.0	35.0	16.0
295.2834167480469	95.39836883544922	35.04814910888672	16.02201271057129
298.4313049316406	91.43562316894531	35.146522521972656	16.06698226928711
295.13275146484375	87.92942810058594	35.77162551879883	16.35274314880371
294.0	85.0	35.0	16.0
292.0	81.0	36.0	17.0
291.0	77.0	36.0	18.0
288.0	72.0	38.0	19.0
289.0	69.0	35.0	17.0
288.0	66.0	37.0	18.0
285.79241943359375	62.79022979736328	37.75843048095703	18.368968963623047
283.324951171875	60.2216682434082	37.779090881347656	18.379018783569336
280.66082763671875	58.27305221557617	37.643367767333984	18.312992095947266
278.32366943359375	57.956268310546875	37.609432220458984	18.29648208618164
277.9180908203125	56.6351318359375	37.848716735839844	18.412891387939453
275.0	58.0	36.0	18.0
273.0	57.0	36.0	16.0
269.5255126953125	53.5846061706543	36.27346420288086	16.121540069580078
268.0	50.0	39.0	19.0
258.0	41.0	49.0	25.0
263.0	48.0	32.0	14.0
257.95660400390625	46.10181427001953	32.230167388916016	14.100698471069336
254.3309783935547	43.67424774169922	32.94495391845703	14.413418769836426
250.0	42.0	37.0	16.0
249.0	39.0	32.0	15.0
245.0	37.0	33.0	16.0
242.0	35.0	33.0	16.0
238.0	34.0	34.0	15.0
235.0	29.0	34.0	17.0
232.0	26.0	34.0	18.0
228.110595703125	20.27144432067871	33.770172119140625	17.878326416015625
224.4578399658203	18.433284759521484	34.452205657958984	18.239404678344727
221.1481475830078	15.499545097351074	34.29226303100586	18.15472984313965
218.6745147705078	12.819587707519531	34.12600326538086	18.06671142578125
217.0	14.0	34.0	17.0
213.9584197998047	12.57117748260498	33.878639221191406	16.939319610595703
211.0	9.0	34.0	18.0
209.42239379882812	11.768028259277344	34.3067512512207	18.162397384643555
206.9542999267578	9.838804244995117	34.71870422363281	18.380489349365234
205.0	10.0	34.0	17.0
201.15985107421875	12.217384338378906	34.36600875854492	17.18300437927246
199.79586791992188	10.959281921386719	33.74651336669922	16.87325668334961
197.8050537109375	12.977167129516602	33.803226470947266	16.901613235473633
194.58450317382812	13.458757400512695	34.52937316894531	17.264686584472656
190.2899169921875	14.516931533813477	34.328956604003906	17.164478302001953
188.0	17.0	33.0	17.0
185.8732452392578	19.484302520751953	32.29304122924805	16.635807037353516
184.52394104003906	20.04384422302246	32.205955505371094	16.590944290161133
181.93350219726562	24.003719329833984	31.93807601928711	16.452945709228516
184.0	27.0	29.0	14.0
178.0	29.0	35.0	16.0
177.0	32.0	32.0	15.0
176.0836639404297	34.281158447265625	32.42938232421875	15.201273918151855
176.0	40.0	30.0	14.0
176.0	42.0	30.0	14.0
175.0	44.0	31.0	16.0
175.0	49.0	32.0	15.0
175.0	54.0	31.0	12.0
175.0	60.0	32.0	15.0
177.0	62.0	31.0	15.0
176.4983367919922	64.19034576416016	31.3790283203125	15.183401107788086
177.3260955810547	69.35614013671875	31.600597381591797	15.290613174438477
178.29306030273438	70.83531188964844	31.823955535888672	15.398689270019531
180.0713653564453	71.73139190673828	30.910024642944336	14.956463813781738
182.00355529785156	76.14368438720703	30.6270809173584	14.819555282592773
183.69808959960938	77.56712341308594	30.55437660217285	14.784375190734863
186.3919677734375	80.04084777832031	30.26259994506836	14.643193244934082
186.68606567382812	83.33271789550781	29.968109130859375	14.500699043273926
189.0	86.0	30.0	15.0
191.2354736328125	86.83842468261719	30.01552391052246	15.00776195526123
194.09881591796875	88.05439758300781	30.601573944091797	15.300786972045898
194.79119873046875	90.90467071533203	30.47439956665039	15.237199783325195
196.96739196777344	93.48391723632812	29.464221954345703	14.732110977172852
199.0	97.0	29.0	12.0
200.0	98.0	30.0	14.0
202.0	99.0	31.0	15.0
205.0	103.0	30.0	13.0
208.0	105.0	29.0	13.0
210.1756591796875	105.50544738769531	29.059326171875	13.026596069335938
212.37045288085938	106.74531555175781	29.146869659423828	13.065838813781738
214.06564331054688	108.26114654541016	29.16118812561035	13.072257995605469
217.0	111.0	27.0	13.0
219.40380859375	111.01741790771484	27.237041473388672	13.11413288116455
220.2079315185547	114.60487365722656	27.701862335205078	13.337934494018555
220.0	114.0	30.0	17.0
224.0	118.0	26.0	16.0
225.0	120.0	23.0	15.0
227.3056640625	123.38423919677734	23.18502426147461	15.120668411254883
226.25634765625	128.14376831054688	23.04104232788086	15.026768684387207
230.1219940185547	137.49623107910156	23.334875106811523	15.218399047851562
229.06564331054688	138.98886108398438	22.843713760375977	14.898076057434082
230.3294219970703	141.05484008789062	22.965381622314453	14.977424621582031
230.04000854492188	141.68115234375	22.642444610595703	14.766813278198242
229.3338165283203	145.26295471191406	22.69110107421875	14.798543930053711
239.5921630859375	147.90830993652344	22.390277862548828	14.60235595703125
235.4390411376953	147.0843963623047	22.4731502532959	14.656404495239258
235.28121948242188	152.21507263183594	22.16288185119629	14.454055786132812
205.0	188.0	32.0	13.0
207.16482543945312	187.1807098388672	32.118507385253906	13.048144340515137
203.423095703125	186.82449340820312	32.121070861816406	13.049184799194336
136.0	188.0	27.0	16.0
136.18661499023438	187.6371612548828	27.035640716552734	16.021121978759766
137.00485229492188	187.94171142578125	27.003662109375	16.00217056274414
136.4210968017578	187.91879272460938	27.156978607177734	16.09302520751953
136.67080688476562	186.91616821289062	27.534915924072266	16.31698989868164
136.03492736816406	187.05548095703125	27.60698890686035	16.359699249267578
135.4944610595703	187.4641571044922	27.418209075927734	16.24782943725586
135.84194946289062	187.42742919921875	27.105682373046875	16.06262969970703
135.5337371826172	186.5590362548828	27.959972381591797	16.568878173828125
135.46202087402344	186.265625	27.90860939025879	16.538442611694336
135.54212951660156	186.64073181152344	28.257518768310547	16.74520492553711
135.99423217773438	185.8478546142578	28.832027435302734	17.085655212402344
135.63209533691406	186.5812225341797	29.14004898071289	17.268184661865234
136.15110778808594	186.4761505126953	29.07979965209961	17.23248291015625
135.4623260498047	186.51296997070312	28.93052101135254	17.14402198791504
135.54531860351562	186.97683715820312	28.573780059814453	16.9326171875
135.8230438232422	187.63211059570312	28.550273895263672	16.91868782043457
135.68923950195312	186.63265991210938	28.921382904052734	17.13860511779785
135.19134521484375	187.0953826904297	29.0529727935791	17.21658706665039
135.88319396972656	186.20498657226562	29.12552261352539	17.259578704833984
136.32040405273438	187.65359497070312	28.589534759521484	16.941957473754883
135.30032348632812	187.0974578857422	28.60196876525879	16.949325561523438
134.48023986816406	186.79391479492188	28.345035552978516	16.79706573486328
134.9142303466797	187.05960083007812	28.477779388427734	16.875728607177734
134.7894287109375	186.1262969970703	28.682144165039062	16.996835708618164
134.40383911132812	187.3751983642578	28.559886932373047	16.924388885498047
135.36660766601562	186.29356384277344	29.083621978759766	17.234750747680664
136.63490295410156	185.8345184326172	29.127506256103516	17.26075553894043
135.89450073242188	186.82986450195312	28.695358276367188	17.004669189453125
136.2069091796875	187.69749450683594	28.754125595092773	17.039493560791016
136.39492797851562	187.04428100585938	28.904455184936523	17.128578186035156
135.9713134765625	186.35191345214844	29.346630096435547	17.390605926513672
135.65065002441406	186.5706787109375	29.00337791442871	17.18719482421875
135.31741333007812	186.97007751464844	29.435009002685547	17.442977905273438
135.91043090820312	187.360595703125	29.5677547454834	17.521638870239258
135.0	188.0	28.0	14.0
135.99710083007812	188.38607788085938	28.201122283935547	14.100561141967773
136.0	189.0	26.0	12.0
137.29794311523438	189.60415649414062	25.996341705322266	11.998311042785645
137.4752655029297	189.15829467773438	25.561025619506836	11.797396659851074
137.18968200683594	189.1834716796875	25.695232391357422	11.859338760375977
137.53564453125	189.4429473876953	25.61176109313965	11.820813179016113
137.83181762695312	189.3351593017578	25.889001846313477	11.948770523071289
137.2107391357422	189.83111572265625	26.10232925415039	12.047228813171387
136.7230682373047	189.06787109375	26.400989532470703	12.18507194519043
137.44149780273438	188.8385467529297	26.611576080322266	12.282266616821289
137.174560546875	189.199462890625	26.235965728759766	12.108907699584961
137.387939453125	189.43243408203125	26.600366592407227	12.277093887329102
136.71221923828125	189.23275756835938	26.249248504638672	12.115038871765137
136.86717224121094	189.0708770751953	26.11431884765625	12.052762985229492
136.9324493408203	188.98818969726562	26.000091552734375	12.000043869018555
136.1729736328125	189.20111083984375	25.99916648864746	11.999616622924805
136.90924072265625	188.70614624023438	26.407794952392578	12.188212394714355
135.0	188.0	28.0	13.0
136.60281372070312	189.49624633789062	28.14717674255371	13.068331718444824
136.55810546875	188.0191650390625	27.993087768554688	12.996789932250977
136.69839477539062	188.59524536132812	27.52334976196289	12.778696060180664
136.1685333251953	189.30953979492188	27.369792938232422	12.707401275634766
136.0670166015625	189.03970336914062	27.119274139404297	12.591089248657227
136.62258911132812	189.23831176757812	27.197315216064453	12.627323150634766
136.68099975585938	189.41783142089844	27.435550689697266	12.737932205200195
136.82254028320312	189.0933074951172	27.1075439453125	12.585643768310547
135.0	188.0	29.0	13.0
135.97349548339844	188.3971710205078	28.735733032226562	12.881536483764648
136.27774047851562	188.4797821044922	28.62986183166504	12.834077835083008
135.27880859375	188.61917114257812	28.87125015258789	12.942286491394043
135.0	188.0	29.0	13.0
135.15493774414062	188.36453247070312	28.78326988220215	12.90284538269043
135.68185424804688	188.4225616455078	29.15432357788086	13.069178581237793
135.53305053710938	189.0074462890625	29.059499740600586	13.02667236328125
135.02613830566406	188.39346313476562	29.68570327758789	13.30738353729248
135.33241271972656	188.31480407714844	29.410167694091797	13.183868408203125
135.31326293945312	188.58413696289062	29.520532608032227	13.233342170715332
135.23861694335938	189.44400024414062	28.960201263427734	12.982160568237305
135.7058563232422	189.07534790039062	28.852197647094727	12.933744430541992
135.08462524414062	188.26528930664062	28.98212242126465	12.991987228393555
135.72415161132812	188.74746704101562	29.114826202392578	13.051473617553711
135.86082458496094	189.24267578125	29.085163116455078	13.038175582885742
135.5935516357422	188.4512481689453	29.14662742614746	13.065729141235352
135.82443237304688	189.1665802001953	29.085369110107422	13.03826904296875
135.0	188.0	28.0	14.0
136.0	189.0	26.0	13.0
137.4244842529297	187.83285522460938	26.42221450805664	13.21110725402832
137.0	189.0	25.0	13.0
135.0	187.0	29.0	15.0
135.0	188.0	29.0	14.0
135.2784881591797	188.2323455810547	29.013813018798828	14.006668090820312
134.95346069335938	188.57968139648438	29.011178970336914	14.005396842956543
135.92092895507812	188.50137329101562	29.254302978515625	14.122767448425293
135.6121826171875	188.12274169921875	29.381484985351562	14.184165954589844
135.0732879638672	188.0739288330078	29.772022247314453	14.372700691223145
135.52627563476562	188.29409790039062	29.700763702392578	14.338299751281738
135.3256072998047	187.715576171875	30.09749984741211	14.529828071594238
135.29415893554688	188.26812744140625	30.199031829833984	14.57884407043457
136.0	188.0	27.0	14.0
136.46719360351562	187.64749145507812	27.36538314819336	14.189457893371582
135.56390380859375	188.43858337402344	27.309228897094727	14.1603422164917
136.0	188.0	27.0	14.0
136.32882690429688	188.00611877441406	27.16195297241211	14.083974838256836
137.0	188.0	25.0	13.0
137.4913787841797	188.4894256591797	25.340999603271484	13.177319526672363
138.11798095703125	188.7124786376953	25.32978630065918	13.171488761901855
137.5199432373047	188.77847290039062	25.375728607177734	13.195379257202148
136.78741455078125	188.2274627685547	25.518451690673828	13.2695951461792
137.15701293945312	188.589111328125	25.975418090820312	13.507217407226562
137.46969604492188	188.01576232910156	25.95123863220215	13.494646072387695
136.487548828125	188.66883850097656	25.656490325927734	13.341375350952148
137.53591918945312	188.6503448486328	25.827224731445312	13.430157661437988
137.61700439453125	188.99478149414062	26.18817710876465	13.617854118347168
137.45590209960938	188.06723022460938	26.3637752532959	13.7091646194458
135.0	188.0	28.0	15.0
135.7550811767578	187.5373992919922	28.581615447998047	15.311578750610352
135.5675811767578	187.5990447998047	28.39542007446289	15.211830139160156
136.00247192382812	187.32785034179688	28.668315887451172	15.358024597167969
135.87461853027344	187.64813232421875	28.405319213867188	15.217134475708008
136.27871704101562	187.82284545898438	28.160938262939453	15.086216926574707
135.6335906982422	187.30548095703125	28.249338150024414	15.133572578430176
136.0	187.0	27.0	15.0
136.7905731201172	187.6527862548828	27.0380859375	15.021159172058105
136.90013122558594	187.32449340820312	26.958892822265625	14.977163314819336
136.89175415039062	186.5377197265625	27.274267196655273	15.152371406555176
135.39292907714844	187.2400665283203	27.72280502319336	15.40156078338623
136.7635955810547	187.66416931152344	27.564701080322266	15.313725471496582
136.0	187.0	26.0	15.0
136.0	188.0	27.0	15.0
136.71768188476562	187.21083068847656	26.979598999023438	14.988665580749512
136.5903778076172	187.82061767578125	26.745899200439453	14.858833312988281
136.96438598632812	187.7256317138672	26.78689193725586	14.881607055664062
135.0	188.0	28.0	15.0
136.0	188.0	27.0	15.0
136.81411743164062	187.2734375	27.196151733398438	15.108973503112793
136.22079467773438	187.0882110595703	27.599639892578125	15.333134651184082
136.0	188.0	27.0	15.0
136.0	187.0	27.0	16.0
136.13134765625	186.5396270751953	26.503082275390625	15.705531120300293
136.56900024414062	186.70156860351562	26.591320037841797	15.757820129394531
136.43331909179688	186.37588500976562	26.702922821044922	15.823954582214355
136.31289672851562	187.24942016601562	26.31231689453125	15.592485427856445
136.84820556640625	187.051025390625	26.843059539794922	15.906999588012695
136.0	188.0	28.0	15.0
136.17098999023438	187.17462158203125	27.951732635498047	14.974143981933594
135.9486541748047	187.17916870117188	28.16426658630371	15.088000297546387
135.8376922607422	187.44815063476562	28.63045883178711	15.337745666503906
134.99290466308594	186.97657775878906	28.55954933166504	15.299758911132812
136.0	188.0	28.0	15.0
135.7376251220703	186.61669921875	28.30923080444336	15.16565990447998
136.3124542236328	187.25271606445312	28.02107810974121	15.011293411254883
135.36509704589844	186.958740234375	28.210948944091797	15.113009452819824
135.76852416992188	186.8622589111328	28.507492065429688	15.271871566772461
136.0	187.0	27.0	15.0
136.87060546875	187.5848846435547	26.922470092773438	14.956927299499512
136.0	187.0	27.0	15.0
136.83535766601562	186.95651245117188	27.112539291381836	15.062522888183594
135.98867797851562	186.9295196533203	27.642562866210938	15.35698127746582
135.98428344726562	186.47940063476562	27.396982192993164	15.220547676086426
136.45863342285156	186.8510284423828	27.24894142150879	15.13830280303955
136.744384765625	186.4989776611328	27.869836807250977	15.483243942260742
136.0449676513672	186.763916015625	27.825265884399414	15.458480834960938
136.00506591796875	187.04490661621094	27.975473403930664	15.5419282913208
136.2790069580078	187.3567657470703	28.293792724609375	15.718772888183594
135.63858032226562	186.9318084716797	28.128137588500977	15.626742362976074
136.0	188.0	27.0	14.0
136.60073852539062	187.66952514648438	27.09798240661621	14.050806045532227
136.0	187.0	27.0	15.0
135.9183807373047	187.48910522460938	26.901620864868164	14.945344924926758
136.6678466796875	186.83531188964844	26.535497665405273	14.741943359375
136.91085815429688	187.04164123535156	26.5657901763916	14.758771896362305
136.34779357910156	187.1853485107422	26.935394287109375	14.96410846710205
136.14633178710938	186.8121795654297	27.39413070678711	15.218961715698242
136.21035766601562	187.23764038085938	27.180416107177734	15.10023021697998
136.2234344482422	187.5953826904297	27.393239974975586	15.218465805053711
136.81832885742188	187.17800903320312	27.751190185546875	15.417329788208008
135.38563537597656	187.4967803955078	28.3974552154541	15.7763671875
135.2664794921875	186.15689086914062	29.211334228515625	16.2285213470459
135.550537109375	186.38137817382812	29.0179386138916	16.121078491210938
136.30801391601562	186.20401000976562	29.374530792236328	16.319183349609375
