325.0	170.0	5.0	5.0
323.7278747558594	167.0940704345703	10.0	10.0
319.8368225097656	167.38827514648438	10.109617233276367	10.109617233276367
317.77728271484375	165.1557159423828	10.083877563476562	10.083877563476562
315.2177429199219	160.8721923828125	10.060151100158691	10.060151100158691
313.6659851074219	156.74217224121094	10.140680313110352	10.140680313110352
313.12261962890625	155.80859375	10.135886192321777	10.135886192321777
312.5363464355469	155.05055236816406	10.101266860961914	10.101266860961914
312.5038146972656	154.53053283691406	10.157369613647461	10.157369613647461
311.6707458496094	154.62789916992188	10.23890209197998	10.23890209197998
311.97039794921875	154.60546875	10.347159385681152	10.347159385681152
312.0560607910156	154.20022583007812	10.31285572052002	10.31285572052002
311.2256164550781	154.2403564453125	10.482377052307129	10.482377052307129
310.05206298828125	155.15074157714844	10.57675552368164	10.57675552368164
310.3920593261719	154.83938598632812	10.561620712280273	10.561620712280273
310.3250732421875	155.15565490722656	10.303092002868652	10.303092002868652
309.525390625	155.330078125	10.344886779785156	10.344886779785156
309.46600341796875	154.6927490234375	10.426811218261719	10.426811218261719
309.62890625	154.98049926757812	10.342039108276367	10.342039108276367
309.02984619140625	155.10787963867188	10.334041595458984	10.334041595458984
308.73638916015625	155.6845245361328	10.440597534179688	10.440597534179688
309.07366943359375	156.052734375	10.394710540771484	10.394710540771484
308.2242126464844	154.98020935058594	10.335163116455078	10.335163116455078
308.9818420410156	154.8070831298828	10.324499130249023	10.324499130249023
309.57586669921875	154.6953887939453	10.339509010314941	10.339509010314941
309.77569580078125	154.42129516601562	10.310028076171875	10.310028076171875
309.7027893066406	155.5942840576172	10.417055130004883	10.417055130004883
309.77960205078125	156.15289306640625	10.38617992401123	10.38617992401123
310.7182922363281	155.2852020263672	10.357656478881836	10.357656478881836
311.4789123535156	155.69435119628906	10.165144920349121	10.165144920349121
313.4068908691406	155.6861572265625	10.115662574768066	10.115662574768066
315.239501953125	155.836669921875	10.07600212097168	10.07600212097168
316.2090148925781	155.9838409423828	10.276174545288086	10.276174545288086
317.4715270996094	155.7995147705078	10.339276313781738	10.339276313781738
320.5260009765625	156.8121337890625	10.262706756591797	10.262706756591797
323.2809753417969	155.1766815185547	10.319784164428711	10.319784164428711
325.5229187011719	155.23300170898438	10.316152572631836	10.316152572631836
327.6177673339844	156.1560821533203	10.378961563110352	10.378961563110352
331.022705078125	155.99974060058594	10.350726127624512	10.350726127624512
333.2894287109375	155.6858673095703	10.169350624084473	10.169350624084473
337.1568908691406	156.72799682617188	10.186635971069336	10.186635971069336
342.06878662109375	156.4800262451172	10.247316360473633	10.247316360473633
345.03363037109375	156.39688110351562	10.332773208618164	10.332773208618164
345.60516357421875	157.03897094726562	10.340774536132812	10.340774536132812
351.1596984863281	155.914794921875	10.484041213989258	10.484041213989258
353.4925231933594	156.35867309570312	10.304067611694336	10.304067611694336
355.0369567871094	156.81484985351562	10.518396377563477	10.518396377563477
358.38995361328125	157.15933227539062	10.56652545928955	10.56652545928955
360.9609680175781	159.6915283203125	9.970193862915039	9.889683723449707
365.98162841796875	158.14993286132812	10.005480766296387	10.0
368.68939208984375	158.07308959960938	10.162126541137695	10.158750534057617
372.43878173828125	157.55471801757812	10.233538627624512	10.230138778686523
375.48443603515625	158.0838623046875	10.240625381469727	10.237886428833008
378.59259033203125	158.7921142578125	10.242055892944336	10.239850997924805
381.2459411621094	158.3644256591797	10.213033676147461	10.211267471313477
385.4322509765625	158.7239532470703	10.23969554901123	10.23825740814209
388.7673034667969	158.7843017578125	10.169808387756348	10.168661117553711
391.81146240234375	158.75473022460938	10.19313907623291	10.192440032958984
394.30987548828125	158.83139038085938	10.121567726135254	10.121148109436035
396.65789794921875	158.46597290039062	10.272645950317383	10.27221965789795
400.14141845703125	158.51222229003906	10.269462585449219	10.269037246704102
402.8274841308594	158.15243530273438	10.415657043457031	10.415225982666016
405.67510986328125	158.057861328125	10.471351623535156	10.470919609069824
408.8279113769531	158.39425659179688	10.384993553161621	10.384565353393555
411.95098876953125	158.98272705078125	10.38237476348877	10.38194751739502
414.41912841796875	158.54063415527344	10.44073486328125	10.44030475616455
417.0723571777344	159.2796630859375	10.413915634155273	10.413487434387207
420.03546142578125	159.4093017578125	10.410378456115723	10.409950256347656
422.8221130371094	160.05068969726562	10.255552291870117	10.255212783813477
424.6238708496094	160.6055145263672	10.205787658691406	10.20551586151123
427.7127380371094	159.3125	10.29207992553711	10.29185962677002
430.4493103027344	159.2860107421875	10.276793479919434	10.27657413482666
432.34503173828125	158.71884155273438	10.466720581054688	10.466497421264648
434.75518798828125	159.0056610107422	10.402644157409668	10.402463912963867
436.6513671875	159.35330200195312	10.461549758911133	10.461366653442383
438.6068420410156	159.46231079101562	10.398889541625977	10.398740768432617
440.89727783203125	159.63629150390625	10.439794540405273	10.439644813537598
443.30096435546875	160.0983123779297	10.563796997070312	10.563645362854004
444.05999755859375	159.80593872070312	10.67732048034668	10.677167892456055
444.97222900390625	160.56552124023438	10.565945625305176	10.565793991088867
446.3287658691406	160.77975463867188	10.537370681762695	10.537219047546387
446.3572692871094	160.18898010253906	10.696450233459473	10.696295738220215
446.8799743652344	160.12864685058594	10.57487964630127	10.574726104736328
446.32977294921875	159.85919189453125	10.508859634399414	10.508708000183105
446.4219665527344	159.6705780029297	10.537423133850098	10.537271499633789
446.42633056640625	159.85986328125	10.410728454589844	10.410578727722168
447.1331481933594	159.84799194335938	10.221858024597168	10.221712112426758
445.7130432128906	160.19570922851562	10.091567993164062	10.091452598571777
444.6529235839844	159.8327178955078	10.261388778686523	10.261293411254883
444.4029235839844	159.5110626220703	10.358877182006836	10.358781814575195
444.1536560058594	159.52200317382812	10.449739456176758	10.4496431350708
445.1101989746094	160.0594024658203	10.288278579711914	10.288183212280273
443.9264221191406	160.3175811767578	10.106036186218262	10.105960845947266
442.77960205078125	160.08712768554688	10.281898498535156	10.28183650970459
442.9656677246094	160.81320190429688	10.423652648925781	10.423589706420898
442.5421447753906	160.37692260742188	10.389094352722168	10.389030456542969
443.67083740234375	159.95297241210938	10.449442863464355	10.449378967285156
443.1982421875	159.58950805664062	10.324100494384766	10.324036598205566
443.40740966796875	159.1480255126953	10.38748550415039	10.387433052062988
442.9508361816406	159.38766479492188	10.407668113708496	10.407615661621094
443.23138427734375	159.3898162841797	10.274740219116211	10.274689674377441
442.9823303222656	158.9344940185547	10.467714309692383	10.467662811279297
444.42730712890625	159.29513549804688	10.392807006835938	10.392756462097168
444.82830810546875	159.6132049560547	10.420854568481445	10.420804977416992
444.646240234375	159.7197723388672	10.390990257263184	10.390941619873047
444.5270080566406	160.3613739013672	10.661454200744629	10.661404609680176
444.99267578125	160.50344848632812	10.718104362487793	10.718053817749023
445.36444091796875	160.44100952148438	10.658472061157227	10.65842056274414
445.61663818359375	159.93838500976562	10.613369941711426	10.613317489624023
445.8096618652344	159.53517150878906	10.738103866577148	10.73805046081543
446.91400146484375	159.76431274414062	10.737956047058105	10.737902641296387
447.86029052734375	159.6156463623047	10.632654190063477	10.632601737976074
448.90216064453125	159.7860565185547	10.443587303161621	10.443535804748535
449.83209228515625	159.76148986816406	10.406675338745117	10.406623840332031
451.3453063964844	159.75816345214844	10.459481239318848	10.459439277648926
451.31402587890625	159.9157257080078	10.565023422241211	10.564981460571289
451.35870361328125	160.0042266845703	10.591654777526855	10.591611862182617
453.1202087402344	160.14633178710938	10.558218002319336	10.558175086975098
453.51806640625	160.5666961669922	10.512083053588867	10.512040138244629
454.07391357421875	160.17713928222656	10.404178619384766	10.404136657714844
456.0574645996094	160.09909057617188	10.302179336547852	10.30213737487793
457.76934814453125	159.8755340576172	10.332866668701172	10.33282470703125
459.6438903808594	159.93521118164062	10.235523223876953	10.235482215881348
461.78240966796875	158.61485290527344	10.224861145019531	10.224836349487305
463.1415100097656	160.15670776367188	10.224820137023926	10.224794387817383
465.43475341796875	160.04002380371094	10.192607879638672	10.192586898803711
466.78839111328125	160.2984619140625	10.156936645507812	10.156919479370117
467.79168701171875	160.23599243164062	10.164453506469727	10.164437294006348
468.74749755859375	160.32286071777344	10.197488784790039	10.197471618652344
469.4378356933594	161.92892456054688	10.23870849609375	10.23869514465332
470.9532165527344	158.4954833984375	10.204110145568848	10.204099655151367
471.8995666503906	156.9314422607422	10.15315055847168	10.153142929077148
472.9510803222656	161.47409057617188	10.246684074401855	10.246678352355957
473.65380859375	161.0975799560547	10.204833984375	10.204829216003418
473.32110595703125	161.14100646972656	10.25914192199707	10.259137153625488
473.05242919921875	160.96908569335938	10.263739585876465	10.263736724853516
475.65277099609375	158.33877563476562	10.200963973999023	10.20096206665039
475.1707458496094	160.56634521484375	9.822248458862305	10.752163887023926
474.31549072265625	158.89877319335938	10.028701782226562	10.906965255737305
474.98516845703125	159.07559204101562	10.134794235229492	10.908493041992188
474.8282165527344	157.26681518554688	10.186185836791992	10.961180686950684
474.5301818847656	161.25381469726562	10.277618408203125	10.995248794555664
474.626953125	162.43014526367188	10.367931365966797	11.09186840057373
473.5503845214844	160.04049682617188	10.363075256347656	11.086673736572266
474.0953063964844	160.70040893554688	10.205070495605469	10.89782428741455
473.789794921875	160.85499572753906	10.294380187988281	10.993196487426758
472.2264709472656	159.6274871826172	10.326319694519043	11.027304649353027
471.4867248535156	160.10025024414062	10.315765380859375	11.016034126281738
471.48876953125	160.21241760253906	10.24455738067627	10.93999195098877
467.6419982910156	154.6265106201172	10.266840934753418	10.963788986206055
465.6026306152344	154.59983825683594	10.370118141174316	11.074075698852539
462.6865234375	153.36514282226562	10.265410423278809	10.949442863464355
464.766845703125	157.12271118164062	10.17494010925293	10.84310531616211
462.5502014160156	158.25633239746094	10.23649787902832	10.872724533081055
460.5752868652344	155.93844604492188	10.319607734680176	10.960999488830566
460.62213134765625	157.28170776367188	10.234259605407715	10.869280815124512
458.1272888183594	158.02493286132812	10.186327934265137	10.711026191711426
458.66168212890625	157.1209716796875	10.211934089660645	10.715063095092773
457.84832763671875	157.8158416748047	10.282770156860352	10.735465049743652
457.79986572265625	155.6476287841797	10.210172653198242	10.659673690795898
459.33056640625	157.93325805664062	10.143705368041992	10.561965942382812
459.2557067871094	157.523193359375	10.144124031066895	10.465703010559082
457.97052001953125	157.37538146972656	10.37004280090332	10.698785781860352
459.95233154296875	157.96365356445312	10.221115112304688	10.519598007202148
460.806640625	157.2199249267578	10.225269317626953	10.523874282836914
460.9639587402344	157.62408447265625	10.258458137512207	10.558032035827637
462.681884765625	155.6475067138672	10.225810050964355	10.524431228637695
197.0	118.0	7.0	11.0
195.9835968017578	118.06803131103516	10.0	11.237164497375488
197.28372192382812	118.66111755371094	10.045186996459961	11.187204360961914
198.75167846679688	117.08349609375	10.266115188598633	11.368176460266113
199.55673217773438	117.34080505371094	10.238832473754883	11.337156295776367
199.32470703125	117.1237564086914	10.234004974365234	11.275776863098145
199.8389892578125	117.1323471069336	10.153997421264648	11.166720390319824
200.69973754882812	117.74224853515625	10.175521850585938	11.109306335449219
201.59243774414062	118.17948913574219	10.118597984313965	11.009943962097168
201.33206176757812	118.62132263183594	10.1819429397583	11.07886791229248
202.15859985351562	118.55766296386719	10.32550048828125	11.233352661132812
203.4879608154297	119.13539123535156	10.3096923828125	11.179994583129883
203.79324340820312	118.9768295288086	10.333077430725098	11.205352783203125
205.20565795898438	118.7746810913086	10.092427253723145	10.93676471710205
205.1414031982422	119.46529388427734	10.222152709960938	11.060060501098633
206.2001495361328	119.3229751586914	10.181572914123535	11.016154289245605
206.88150024414062	120.5832290649414	10.28610610961914	11.129255294799805
341.0	151.0	8.0	12.0
331.53717041015625	153.8684844970703	10.0	12.275321960449219
331.1103820800781	159.51626586914062	10.049969673156738	12.04283332824707
331.63189697265625	161.7395782470703	10.086545944213867	11.954629898071289
330.5747985839844	162.31857299804688	10.11630916595459	11.900684356689453
330.11737060546875	162.91061401367188	10.20477294921875	11.987716674804688
329.60675048828125	162.7616424560547	10.247442245483398	12.037840843200684
329.19952392578125	163.5360870361328	10.2029390335083	11.929051399230957
328.85223388671875	164.1410675048828	10.193282127380371	11.84411907196045
327.7811584472656	164.4581756591797	10.28897476196289	11.944662094116211
327.5766906738281	164.96664428710938	10.281614303588867	11.936117172241211
326.54449462890625	164.8544921875	10.47197151184082	12.157106399536133
326.247314453125	165.12704467773438	10.599678039550781	12.305363655090332
325.6639404296875	164.22805786132812	10.701651573181152	12.423746109008789
324.5587463378906	163.97940063476562	10.583353042602539	12.28641128540039
323.90252685546875	164.03036499023438	10.715039253234863	12.439287185668945
323.19757080078125	164.36553955078125	10.77990436553955	12.5145902633667
323.22039794921875	164.1967315673828	10.534527778625488	12.229726791381836
323.11065673828125	163.74879455566406	10.675904273986816	12.393853187561035
323.0670166015625	163.75054931640625	10.921289443969727	12.678723335266113
323.8207092285156	162.75927734375	10.956079483032227	12.719111442565918
324.1473693847656	162.6001434326172	10.824517250061035	12.566377639770508
324.39654541015625	162.57766723632812	10.801698684692383	12.539886474609375
324.00494384765625	163.94253540039062	10.761409759521484	12.493115425109863
323.465087890625	163.83981323242188	10.739468574523926	12.467643737792969
323.9901123046875	163.2470245361328	10.758840560913086	12.490133285522461
324.8014831542969	163.7601318359375	10.84227180480957	12.58698844909668
326.45867919921875	162.72232055664062	10.663300514221191	12.379217147827148
329.5899963378906	162.4700164794922	10.793367385864258	12.530214309692383
332.84869384765625	163.25906372070312	10.727694511413574	12.453974723815918
336.692138671875	162.71841430664062	10.703110694885254	12.425435066223145
338.69879150390625	163.33544921875	10.636129379272461	12.347676277160645
340.8377990722656	162.8594207763672	10.779424667358398	12.514030456542969
342.11114501953125	162.3517608642578	10.826631546020508	12.568833351135254
342.1080627441406	162.21890258789062	11.194482803344727	12.995880126953125
340.70233154296875	162.6309814453125	11.1017484664917	12.888223648071289
338.27044677734375	162.2427520751953	11.288473129272461	13.104997634887695
337.2926330566406	161.1359405517578	11.220288276672363	13.025840759277344
336.321533203125	160.7664794921875	11.143569946289062	12.936777114868164
338.4579772949219	162.31150817871094	10.741859436035156	12.54235553741455
332.26611328125	158.27407836914062	10.57178020477295	12.343768119812012
330.2533264160156	157.50308227539062	10.569844245910645	12.341506958007812
327.89007568359375	156.390869140625	10.464111328125	12.218050956726074
325.0359802246094	156.62545776367188	10.310582160949707	12.038787841796875
323.76605224609375	155.23141479492188	10.376519203186035	12.115776062011719
321.40423583984375	154.98728942871094	10.499368667602539	12.25921630859375
318.91400146484375	154.88836669921875	10.499939918518066	12.259883880615234
316.63916015625	155.937255859375	10.477225303649902	12.233362197875977
314.4230041503906	156.656005859375	10.50122356414795	12.261384010314941
314.5998840332031	158.17706298828125	9.72686767578125	11.31088924407959
311.2434387207031	155.7739715576172	10.0	11.136798858642578
309.63861083984375	154.66024780273438	10.072005271911621	11.13902473449707
308.3825988769531	154.42431640625	10.091300010681152	10.997053146362305
306.4424133300781	153.5608367919922	10.042881965637207	10.815566062927246
305.01690673828125	153.80355834960938	10.073694229125977	10.691900253295898
302.641845703125	153.90267944335938	10.179848670959473	10.789961814880371
300.992431640625	154.41859436035156	10.133241653442383	10.724100112915039
299.72918701171875	157.4199981689453	10.278861999511719	10.84611988067627
298.67144775390625	156.86907958984375	10.356793403625488	10.883905410766602
298.0101318359375	156.58331298828125	10.247407913208008	10.740287780761719
297.4145812988281	155.83084106445312	10.147104263305664	10.603965759277344
295.8427429199219	156.068603515625	10.236074447631836	10.690377235412598
293.69732666015625	156.53497314453125	10.259099960327148	10.714424133300781
292.63079833984375	157.20956420898438	10.354722023010254	10.811014175415039
291.0876159667969	157.9136505126953	10.232672691345215	10.683587074279785
290.23675537109375	158.06944274902344	10.306025505065918	10.707008361816406
289.2156677246094	157.966796875	10.280707359313965	10.678596496582031
289.0067443847656	157.5541534423828	10.302711486816406	10.669108390808105
289.10791015625	157.07803344726562	10.600567817687988	10.977557182312012
288.5375061035156	156.0697479248047	10.611677169799805	10.989063262939453
288.3205871582031	155.30075073242188	10.589798927307129	10.96640682220459
287.9775390625	155.5253143310547	10.61317253112793	10.99061107635498
287.7593078613281	155.48890686035156	10.727210998535156	11.108705520629883
288.0711364746094	156.02346801757812	10.847996711730957	11.233785629272461
288.46441650390625	157.005859375	10.826089859008789	11.211099624633789
287.99114990234375	158.61155700683594	10.871511459350586	11.258136749267578
288.0333557128906	157.1255340576172	10.800374984741211	11.184471130371094
287.37005615234375	157.37660217285156	10.636131286621094	11.014387130737305
286.57977294921875	158.01324462890625	10.367170333862305	10.735862731933594
287.232177734375	157.49754333496094	10.457183837890625	10.829078674316406
286.7074279785156	158.91879272460938	10.193699836730957	10.547778129577637
286.2218322753906	160.85577392578125	9.620733261108398	9.238068580627441
287.1864929199219	163.503173828125	8.867456436157227	7.616425514221191
262.0	176.0	5.0	6.0
258.4288635253906	179.96847534179688	5.71229362487793	4.1415300369262695
262.0	176.0	4.0	5.0
262.5451354980469	176.9102783203125	-2.681913375854492	0.370164155960083
264.69287109375	176.6478729248047	-7.44346809387207	-3.6490542888641357
276.09710693359375	175.85308837890625	-7.90595817565918	-4.283339500427246
486.0	249.0	10.0	7.0
487.0	251.0	9.0	5.0
261.0	178.0	5.0	6.0
310.691162109375	212.25506591796875	-43.802215576171875	-21.904909133911133
315.7749938964844	176.19595336914062	-18.40744400024414	-7.961928367614746
298.43646240234375	163.38430786132812	10.0	10.0
294.0963134765625	157.84048461914062	10.138299942016602	10.138299942016602
292.84808349609375	159.6234130859375	10.17035961151123	10.17035961151123
293.3117370605469	162.12294006347656	9.759672164916992	8.636059761047363
292.443115234375	158.3571014404297	10.0	10.0
292.31707763671875	162.04031372070312	8.958152770996094	8.415310859680176
292.3797912597656	159.14334106445312	10.0	10.0
293.13824462890625	158.74783325195312	10.050573348999023	10.050573348999023
291.56427001953125	158.74935913085938	10.156957626342773	10.156957626342773
290.8585510253906	158.63247680664062	10.05250358581543	10.05250358581543
290.6640625	158.91033935546875	10.02786636352539	10.02786636352539
290.47119140625	158.2595672607422	10.214693069458008	10.214693069458008
291.19879150390625	157.83370971679688	10.182668685913086	10.182668685913086
290.81298828125	159.75839233398438	10.157084465026855	10.157084465026855
290.39794921875	159.09913635253906	10.135099411010742	10.135099411010742
289.81304931640625	160.0141143798828	10.159660339355469	10.159660339355469
290.05279541015625	160.02352905273438	10.045509338378906	10.045509338378906
291.2840270996094	159.8145294189453	10.099380493164062	10.099380493164062
291.99981689453125	159.31814575195312	10.275434494018555	10.275434494018555
291.86431884765625	158.2724609375	10.168550491333008	10.168550491333008
245.0	159.0	9.0	9.0
244.61776733398438	158.54916381835938	10.0	10.0
243.52969360351562	158.78909301757812	10.008939743041992	10.008939743041992
243.6769256591797	159.49607849121094	10.045656204223633	10.045656204223633
243.1810760498047	159.8104248046875	10.078454971313477	10.078454971313477
244.29855346679688	158.2831573486328	10.18882942199707	10.18882942199707
243.5715789794922	157.68618774414062	10.261125564575195	10.261125564575195
243.2687225341797	159.077880859375	10.230186462402344	10.230186462402344
243.20394897460938	159.08535766601562	10.119699478149414	10.119699478149414
243.0163116455078	158.6015625	10.1871337890625	10.1871337890625
242.68276977539062	158.02029418945312	10.294631004333496	10.294631004333496
244.3257598876953	157.22412109375	10.315855026245117	10.315855026245117
243.9109344482422	158.93772888183594	10.279600143432617	10.279600143432617
244.78125	156.799072265625	10.228395462036133	10.228395462036133
244.18548583984375	155.97576904296875	8.867063522338867	9.764863014221191
248.1803436279297	155.8350830078125	10.0	10.084882736206055
252.7961883544922	157.82144165039062	10.265727043151855	10.352865219116211
252.3309326171875	157.63511657714844	10.145939826965332	10.232061386108398
252.2119140625	157.01968383789062	10.11337661743164	10.182245254516602
251.98129272460938	156.9187469482422	10.162069320678711	10.204030990600586
252.22750854492188	156.75038146972656	10.147714614868164	10.189616203308105
251.6925506591797	157.6797637939453	10.302045822143555	10.336325645446777
252.35073852539062	158.27947998046875	10.14968204498291	10.170145034790039
252.59878540039062	158.31649780273438	10.052245140075684	10.05638313293457
252.4197540283203	158.5409393310547	10.1382474899292	10.140774726867676
252.68466186523438	158.12869262695312	10.08226203918457	10.083279609680176
253.1990203857422	157.26742553710938	10.079595565795898	10.08000659942627
254.1971435546875	157.09396362304688	10.104219436645508	10.104387283325195
255.0986328125	156.78298950195312	10.119885444641113	10.120019912719727
257.0302429199219	155.98358154296875	10.054136276245117	10.054189682006836
261.8595275878906	155.0166473388672	10.13621711730957	10.136239051818848
268.68621826171875	156.00035095214844	10.223007202148438	10.223028182983398
262.0081481933594	158.20968627929688	10.221303939819336	10.221325874328613
265.1916809082031	155.95248413085938	10.164369583129883	10.164387702941895
268.70654296875	155.66329956054688	10.349383354187012	10.349401473999023
278.2801818847656	155.79885864257812	10.362462997436523	10.362480163574219
288.27545166015625	155.0030059814453	10.39665699005127	10.396674156188965
298.5283508300781	151.38421630859375	10.438163757324219	10.438180923461914
297.25323486328125	152.79867553710938	8.928831100463867	9.274483680725098
298.55487060546875	156.31661987304688	7.69102668762207	7.517998695373535
299.9767761230469	159.71446228027344	6.6301727294921875	5.337655067443848
189.0	172.0	5.0	5.0
184.64816284179688	194.55589294433594	7.053958892822266	-9.89914608001709
192.0	174.0	6.0	7.0
200.1922607421875	183.51876831054688	2.121397018432617	2.366236925125122
209.98211669921875	185.05007934570312	8.63638687133789	5.294564247131348
203.85806274414062	185.19168090820312	10.0	10.0
200.00906372070312	186.97015380859375	10.157845497131348	10.157845497131348
202.95266723632812	188.41079711914062	10.08128833770752	10.08128833770752
204.64273071289062	188.1755828857422	10.099985122680664	10.099985122680664
197.1786346435547	190.7415313720703	7.764098167419434	8.793389320373535
194.0	174.0	5.0	5.0
187.74765014648438	179.8071746826172	3.2782821655273438	5.134404182434082
180.3146514892578	183.15359497070312	4.794698715209961	5.101574897766113
190.0	174.0	5.0	4.0
189.0	173.0	5.0	5.0
187.0	173.0	4.0	4.0
186.0	173.0	5.0	5.0
371.0	159.0	7.0	7.0
372.0	159.0	7.0	7.0
379.8982849121094	168.55941772460938	5.896263122558594	5.897587776184082
383.49114990234375	170.03689575195312	7.585090637207031	6.688328742980957
378.0	161.0	7.0	6.0
383.92529296875	167.32516479492188	7.49030876159668	6.429909706115723
386.0246887207031	167.63235473632812	9.2982177734375	6.654721260070801
383.33380126953125	157.08615112304688	10.0	10.0
382.02520751953125	156.49656677246094	10.038298606872559	10.038298606872559
385.0549011230469	160.41693115234375	10.999591827392578	9.554150581359863
387.3044738769531	162.97991943359375	11.722232818603516	8.978631019592285
380.9497375488281	169.09202575683594	11.840070724487305	10.0
380.69549560546875	168.87826538085938	11.92327880859375	10.092531204223633
394.0	156.0	9.0	12.0
395.7648010253906	155.80029296875	10.0	12.016584396362305
398.0	157.0	9.0	10.0
399.38043212890625	158.14645385742188	10.0	10.0
400.3999938964844	159.75625610351562	10.076396942138672	10.076396942138672
398.59173583984375	161.15057373046875	10.170492172241211	10.170492172241211
399.6702575683594	163.78086853027344	10.197500228881836	10.197500228881836
399.87530517578125	162.16017150878906	10.198208808898926	10.198208808898926
408.4028015136719	156.94778442382812	10.27563190460205	10.27563190460205
412.38897705078125	158.9219970703125	10.140665054321289	10.140665054321289
413.3429260253906	158.7266387939453	10.15109920501709	10.15109920501709
411.72216796875	153.3752899169922	10.24103832244873	10.24103832244873
411.1881408691406	152.843994140625	10.27929401397705	10.27929401397705
414.7530212402344	153.47763061523438	10.227354049682617	10.227354049682617
418.16412353515625	156.42393493652344	10.220216751098633	10.220216751098633
421.0460510253906	159.09249877929688	10.258648872375488	10.258648872375488
418.1107482910156	157.22738647460938	10.192522048950195	10.192522048950195
419.1731872558594	157.6785430908203	10.248516082763672	10.248516082763672
419.3487243652344	152.72479248046875	10.153016090393066	10.153016090393066
420.83526611328125	152.7285919189453	10.227350234985352	10.227350234985352
425.64910888671875	156.95932006835938	10.266679763793945	10.266679763793945
430.162109375	158.4442596435547	10.396073341369629	10.396073341369629
432.5843200683594	159.0609130859375	10.183684349060059	10.183684349060059
430.12017822265625	161.08908081054688	11.13780403137207	10.225979804992676
434.24267578125	157.56637573242188	10.924395561218262	10.047918319702148
434.40087890625	156.6599884033203	10.667486190795898	10.007588386535645
433.2550354003906	152.9098358154297	10.661796569824219	10.096118927001953
431.6737365722656	155.71514892578125	11.962873458862305	10.33852481842041
437.3485412597656	153.16819763183594	11.865716934204102	10.254560470581055
0.0	160.0	7.0	11.0
174.0	172.0	4.0	4.0
191.06906127929688	182.63873291015625	12.05158519744873	6.023022651672363
189.63165283203125	182.3577880859375	12.61128044128418	7.56748104095459
184.94970703125	171.34140014648438	12.551554679870605	10.0
181.3488311767578	175.07571411132812	9.585321426391602	8.959563255310059
174.65451049804688	171.07550048828125	10.012917518615723	10.0
167.45452880859375	169.36900329589844	10.080958366394043	10.075693130493164
166.82901000976562	170.61514282226562	10.341165542602539	10.335763931274414
332.0	171.0	7.0	9.0
322.70758056640625	167.6658935546875	10.0	10.0
322.7458190917969	167.5349578857422	10.176098823547363	10.176098823547363
323.8998107910156	167.40274047851562	10.348170280456543	10.348170280456543
325.2785339355469	166.688232421875	10.44490909576416	10.44490909576416
326.39105224609375	166.66598510742188	10.572847366333008	10.572847366333008
326.90716552734375	166.2530517578125	10.566880226135254	10.566880226135254
328.8312683105469	166.7615966796875	10.434036254882812	10.434036254882812
329.77410888671875	166.16543579101562	10.402046203613281	10.402046203613281
330.81878662109375	166.1960906982422	10.520800590515137	10.520800590515137
