295.0	125.0	18.0	19.0
298.0	127.0	16.0	17.0
300.0	127.0	18.0	18.0
302.0	130.0	17.0	17.0
304.0	128.0	19.0	19.0
306.0	128.0	21.0	20.0
312.0	131.0	17.0	18.0
315.0	132.0	18.0	18.0
316.0	133.0	17.0	17.0
316.0	133.0	17.0	18.0
315.0	133.0	18.0	17.0
315.0	133.0	18.0	18.0
315.0	133.0	18.0	17.0
315.0	133.0	18.0	18.0
315.0	132.0	18.0	18.0
316.0	133.0	17.0	17.0
316.0	134.0	17.0	17.0
316.0	133.0	18.0	18.0
316.0	133.0	17.0	18.0
316.0	134.0	18.0	17.0
316.0	134.0	18.0	17.0
317.0	134.0	17.0	17.0
317.0	134.0	17.0	17.0
317.0	134.0	17.0	17.0
317.0	134.0	17.0	17.0
317.0	134.0	17.0	17.0
316.0	134.0	18.0	17.0
315.0	133.0	18.0	18.0
316.0	133.0	18.0	18.0
315.0	133.0	19.0	18.0
315.0	133.0	19.0	19.0
315.0	133.0	18.0	19.0
315.0	134.0	19.0	19.0
315.0	134.0	18.0	19.0
315.0	135.0	18.0	19.0
313.0	135.0	19.0	19.0
310.0	139.0	15.0	15.0
308.0	141.0	15.0	14.0
303.0	137.0	19.0	19.0
299.0	135.0	21.0	22.0
299.0	140.0	18.0	17.0
297.0	141.0	15.0	15.0
292.0	139.0	18.0	18.0
291.0	140.0	17.0	17.0
291.0	142.0	15.0	15.0
293.0	138.0	15.0	16.0
295.0	131.0	19.0	19.0
299.0	123.0	20.0	20.0
306.0	117.0	15.0	17.0
305.3306884765625	113.16194152832031	15.048103332519531	17.054515838623047
309.8570861816406	107.4706039428711	15.323694229125977	17.366853713989258
307.12579345703125	110.4162826538086	15.031420707702637	17.03561019897461
306.33319091796875	111.61924743652344	15.208999633789062	17.236865997314453
307.7635498046875	111.2905502319336	15.118196487426758	17.133956909179688
305.9350280761719	110.72709655761719	15.400976181030273	17.45444107055664
306.4456481933594	111.59590911865234	15.452128410339355	17.512413024902344
306.7939758300781	109.96391296386719	15.73351764678955	17.831321716308594
306.86962890625	110.72274017333984	15.527368545532227	17.597684860229492
306.39300537109375	110.2252426147461	15.719985961914062	17.81598472595215
307.5074157714844	108.48567962646484	15.861227035522461	17.976057052612305
307.0450744628906	110.11851501464844	15.719584465026855	17.815526962280273
307.8170166015625	109.55464172363281	15.421956062316895	17.47821617126465
309.69305419921875	107.72664642333984	15.198283195495605	17.224720001220703
305.79144287109375	113.8165283203125	15.296499252319336	17.33603286743164
308.99188232421875	108.05049896240234	15.446868896484375	17.506450653076172
308.2399597167969	108.89957427978516	15.854207038879395	17.96809959411621
306.5682067871094	110.7594985961914	15.7574462890625	17.85843849182129
307.1383361816406	111.20497131347656	15.548983573913574	17.622180938720703
306.7713623046875	110.32493591308594	15.476794242858887	17.540367126464844
306.86822509765625	110.25028991699219	15.512417793273926	17.58074188232422
308.73919677734375	107.491943359375	15.369404792785645	17.418659210205078
306.57745361328125	109.34370422363281	15.572412490844727	17.648733139038086
305.9707946777344	110.88407135009766	15.57788372039795	17.65493392944336
309.2469177246094	107.77079772949219	15.495565414428711	17.5616397857666
308.1113586425781	109.2198257446289	15.438604354858398	17.49708366394043
307.9254455566406	113.15018463134766	15.310895919799805	17.352346420288086
306.1014099121094	111.100830078125	15.263323783874512	17.298433303833008
306.6476745605469	110.91252136230469	15.390562057495117	17.442636489868164
306.8583068847656	110.66484069824219	15.1466064453125	17.166152954101562
306.7880859375	111.05351257324219	14.978265762329102	16.975366592407227
306.96868896484375	111.13692474365234	15.004252433776855	17.004817962646484
307.5946960449219	111.00028228759766	15.003628730773926	17.00411033630371
309.102783203125	108.79012298583984	14.94890022277832	16.94208335876465
307.13787841796875	112.77264404296875	14.67363452911377	16.630115509033203
306.6048889160156	112.0679931640625	14.72218132019043	16.685134887695312
306.27764892578125	112.20709228515625	14.603561401367188	16.550697326660156
305.87042236328125	111.74056243896484	14.60145378112793	16.548307418823242
306.67999267578125	116.42317199707031	14.43652057647705	16.36138343811035
308.08331298828125	109.9926528930664	14.5711669921875	16.513980865478516
307.54132080078125	112.43265533447266	14.521566390991211	16.4577693939209
307.20654296875	111.67816162109375	14.509109497070312	16.44365119934082
306.3160400390625	117.32881927490234	14.575647354125977	16.519060134887695
306.26959228515625	111.50589752197266	14.530656814575195	16.46807098388672
388.0	16.0	11.0	10.0
385.7518615722656	16.83130645751953	10.786513328552246	10.001825332641602
385.7681579589844	17.16129493713379	10.624887466430664	10.0
386.1404724121094	17.12639808654785	10.506503105163574	10.119093894958496
386.2260437011719	16.97072410583496	10.437644958496094	10.0873384475708
386.29632568359375	16.611318588256836	10.33956527709961	10.045568466186523
386.38885498046875	16.877025604248047	10.41197395324707	10.156218528747559
386.1861877441406	16.861034393310547	10.287559509277344	10.040932655334473
386.1291198730469	16.90896224975586	10.390717506408691	10.18956470489502
386.31561279296875	16.984025955200195	10.463829040527344	10.261259078979492
386.49383544921875	16.811038970947266	10.333958625793457	10.151065826416016
386.64971923828125	17.103656768798828	10.216634750366211	10.107136726379395
386.67144775390625	16.722332000732422	10.272320747375488	10.183660507202148
386.5439758300781	16.708890914916992	10.26829719543457	10.180437088012695
386.352294921875	16.881139755249023	10.128497123718262	10.089914321899414
386.4633483886719	16.953792572021484	10.174921035766602	10.151399612426758
386.26739501953125	17.123682022094727	10.249090194702148	10.234644889831543
386.5157775878906	17.06734848022461	10.159603118896484	10.148102760314941
386.6221923828125	17.047531127929688	10.115812301635742	10.10888957977295
386.3399658203125	17.045040130615234	10.131869316101074	10.12904167175293
386.323974609375	17.01638412475586	10.28217887878418	10.279309272766113
386.50250244140625	17.139766693115234	10.30649471282959	10.303617477416992
386.5810852050781	16.480501174926758	10.335657119750977	10.332773208618164
386.16009521484375	17.095367431640625	10.271699905395508	10.269392013549805
386.02813720703125	17.011974334716797	10.194522857666016	10.193580627441406
386.5749206542969	17.014957427978516	10.166685104370117	10.166115760803223
386.13714599609375	17.041919708251953	10.334826469421387	10.334246635437012
386.64996337890625	16.842166900634766	10.309518814086914	10.308940887451172
386.53216552734375	17.040264129638672	10.226423263549805	10.225851058959961
386.17889404296875	17.128896713256836	10.187189102172852	10.186731338500977
386.72955322265625	17.0496883392334	10.083499908447266	10.083227157592773
386.65899658203125	17.038095474243164	10.054051399230957	10.053886413574219
386.4293212890625	16.966915130615234	10.222188949584961	10.222054481506348
386.20916748046875	16.826187133789062	10.36457347869873	10.364437103271484
386.6277770996094	16.622364044189453	10.391678810119629	10.391542434692383
386.4546813964844	16.977527618408203	10.468687057495117	10.468575477600098
386.33648681640625	16.975406646728516	10.596656799316406	10.596543312072754
386.36822509765625	16.637344360351562	10.72943115234375	10.729315757751465
386.4088134765625	16.70464324951172	10.687517166137695	10.68740177154541
386.1165466308594	16.58272361755371	10.807215690612793	10.807099342346191
386.48004150390625	16.244029998779297	10.96591567993164	10.965798377990723
385.83160400390625	16.6607666015625	10.988739013671875	10.988621711730957
386.0958557128906	16.306034088134766	11.063840866088867	11.063722610473633
386.4571228027344	16.57289695739746	10.776975631713867	10.776861190795898
354.5345153808594	35.3892822265625	22.441057205200195	31.034971237182617
353.8906555175781	29.924419403076172	22.389034271240234	30.963027954101562
303.0	43.0	30.0	40.0
304.4226989746094	38.861812591552734	30.206628799438477	40.27550506591797
305.01080322265625	38.44842529296875	30.014135360717773	40.01885223388672
306.32513427734375	37.59282684326172	30.069021224975586	40.09203338623047
305.5006103515625	38.730201721191406	30.178625106811523	40.2381706237793
306.91802978515625	39.50493240356445	30.013452529907227	40.017940521240234
307.61376953125	42.3570671081543	29.644405364990234	39.52587890625
309.32965087890625	41.67084503173828	29.54709815979004	39.39613342285156
309.41094970703125	42.46489715576172	29.119359970092773	38.82581329345703
311.5024108886719	43.57457733154297	28.84511947631836	38.460166931152344
307.11676025390625	42.22572708129883	28.624004364013672	38.165348052978516
304.6559143066406	39.1634521484375	28.558147430419922	38.077537536621094
304.3877258300781	39.99687194824219	28.91558837890625	38.55412673950195
305.58892822265625	45.166900634765625	28.932415008544922	38.576560974121094
305.9107360839844	51.72284698486328	28.860885620117188	38.4811897277832
304.89031982421875	39.25090789794922	29.02713966369629	38.70286178588867
310.6001281738281	40.11332702636719	29.42437171936035	39.232505798339844
307.45648193359375	41.01334762573242	29.755870819091797	39.67450714111328
310.36273193359375	42.782501220703125	29.849843978881836	39.799808502197266
308.1180419921875	41.158084869384766	30.268901824951172	40.358551025390625
310.514404296875	41.930259704589844	30.131195068359375	40.17494201660156
311.1729431152344	43.07223892211914	30.271533966064453	40.362060546875
310.6783752441406	42.1982307434082	30.600814819335938	40.80109786987305
311.0387268066406	42.960479736328125	30.830829620361328	41.10778045654297
305.136474609375	40.51531219482422	31.467565536499023	41.956764221191406
305.53826904296875	40.76679229736328	31.395984649658203	41.86132049560547
306.84027099609375	41.67548751831055	31.66672706604004	42.222312927246094
304.817138671875	41.42719650268555	31.824804306030273	42.433082580566406
305.96710205078125	41.07278060913086	32.152076721191406	42.86944580078125
304.2503662109375	41.17668914794922	32.55506134033203	43.406761169433594
303.68927001953125	39.110809326171875	32.10745620727539	42.80995559692383
305.0196533203125	40.28685760498047	32.10172653198242	42.80231475830078
306.17254638671875	40.11487579345703	32.41651153564453	43.2220344543457
306.6524353027344	41.87580871582031	32.44291305541992	43.257240295410156
304.5494689941406	47.73004913330078	32.53204345703125	43.37608337402344
305.70001220703125	38.52621841430664	32.42471694946289	43.23297882080078
302.5741271972656	40.191864013671875	32.231197357177734	42.974952697753906
308.8653259277344	40.905982971191406	32.43329620361328	43.244422912597656
306.0000915527344	38.58146667480469	28.523529052734375	42.106937408447266
306.71966552734375	40.49229431152344	28.5033016204834	42.07707977294922
311.1918029785156	43.17754364013672	28.881023406982422	42.634681701660156
310.91839599609375	46.097232818603516	29.314538955688477	43.2746467590332
308.1884460449219	42.07137680053711	28.669574737548828	42.322532653808594
312.08154296875	47.030372619628906	28.182321548461914	41.603240966796875
314.51800537109375	44.23532485961914	27.95660400390625	41.2700309753418
314.2693786621094	45.330345153808594	27.848941802978516	41.1110954284668
309.70269775390625	44.08017349243164	27.9300537109375	41.2308349609375
311.9617004394531	43.43598175048828	27.17083168029785	40.11005783081055
311.5165710449219	56.11273193359375	27.182445526123047	40.12720489501953
311.313232421875	65.7879409790039	26.967464447021484	39.809852600097656
309.96148681640625	76.5478286743164	27.223575592041016	40.18793487548828
311.50006103515625	93.11363220214844	27.22662353515625	40.19243621826172
327.3375549316406	105.24766540527344	27.4486141204834	40.5201416015625
359.919921875	138.6910400390625	27.37456703186035	40.41083526611328
361.6535339355469	137.77096557617188	27.134479522705078	40.05641555786133
361.1646423339844	141.15150451660156	26.883771896362305	40.080421447753906
362.8230895996094	137.4378662109375	26.63760757446289	39.713417053222656
359.57171630859375	139.16091918945312	26.74593162536621	39.874916076660156
359.8658447265625	139.65521240234375	26.29302978515625	39.1996955871582
361.47332763671875	139.0712127685547	26.09096908569336	38.8984489440918
362.6707458496094	138.5982208251953	26.230655670166016	39.10670852661133
360.9373474121094	138.20350646972656	26.11134910583496	38.9288330078125
359.95074462890625	140.1956787109375	25.9183292388916	38.64105987548828
361.352783203125	138.86474609375	25.537912368774414	38.07390213012695
361.4317321777344	139.69522094726562	25.672313690185547	38.2742805480957
360.4124450683594	140.5727081298828	25.40985107421875	37.88297653198242
360.19329833984375	139.78753662109375	25.306795120239258	37.729331970214844
360.38397216796875	138.0502471923828	25.604827880859375	38.17366409301758
361.74395751953125	140.50228881835938	25.83883285522461	38.52254104614258
361.87158203125	139.0697479248047	25.580562591552734	38.137489318847656
360.95660400390625	139.596435546875	25.540393829345703	38.077606201171875
361.51397705078125	138.83444213867188	25.630874633789062	38.21250534057617
360.9402770996094	139.58413696289062	25.63400650024414	38.2171745300293
361.4070739746094	138.19638061523438	25.894832611083984	38.60603713989258
361.9523620605469	137.94664001464844	25.89882469177246	38.61199188232422
361.24822998046875	138.77102661132812	26.020191192626953	38.792930603027344
362.5472106933594	138.2136688232422	26.09348487854004	38.90220260620117
362.10833740234375	138.08656311035156	25.79571533203125	38.4582633972168
361.0174560546875	139.19869995117188	26.19692039489746	39.0564079284668
361.1783447265625	138.34072875976562	25.966909408569336	38.7134895324707
360.944091796875	138.16502380371094	26.01128578186035	38.7796516418457
361.41363525390625	137.85826110839844	26.37432861328125	39.320899963378906
360.47503662109375	138.48074340820312	25.860864639282227	38.555389404296875
361.0370178222656	138.6371307373047	25.7529239654541	38.39446258544922
361.12103271484375	137.71615600585938	26.11237144470215	38.93035125732422
361.9700622558594	138.13790893554688	26.374576568603516	39.321266174316406
360.8594055175781	138.4380340576172	26.20320701599121	39.065773010253906
360.47613525390625	139.54971313476562	25.931106567382812	38.66010284423828
361.0472412109375	137.28529357910156	26.326946258544922	39.25025177001953
360.2275695800781	137.89662170410156	26.597393035888672	39.6534538269043
361.4854431152344	138.3144989013672	26.5662899017334	39.60708236694336
361.40216064453125	138.97694396972656	26.84328842163086	40.020050048828125
360.8834533691406	138.10755920410156	26.969873428344727	40.20876693725586
361.64617919921875	137.83419799804688	26.97088623046875	40.21027755737305
361.5421447753906	137.5668182373047	26.94881248474121	40.177371978759766
361.6311950683594	138.01480102539062	27.23270034790039	40.600608825683594
361.07122802734375	136.99249267578125	27.51548194885254	41.022193908691406
361.4327087402344	137.1296844482422	27.51986312866211	41.02872848510742
361.0383605957031	138.01431274414062	27.32228660583496	40.734169006347656
360.3725280761719	137.21878051757812	27.6008358001709	41.149452209472656
306.0	9.0	21.0	23.0
307.0	29.0	18.0	19.0
307.0	54.0	19.0	20.0
306.0	82.0	19.0	19.0
306.0	112.0	18.0	20.0
304.55181884765625	104.13846588134766	17.965280532836914	19.961421966552734
305.0	86.0	19.0	18.0
305.0	71.0	18.0	17.0
305.0	59.0	19.0	19.0
306.0	54.0	17.0	17.0
305.0	52.0	18.0	18.0
305.0	54.0	18.0	18.0
305.0	60.0	19.0	19.0
306.0	71.0	18.0	18.0
306.0	86.0	18.0	18.0
307.0	107.0	16.0	16.0
307.0	115.0	17.0	18.0
305.0	100.0	18.0	17.0
304.0	89.0	18.0	17.0
303.1331481933594	81.33592987060547	18.4868221282959	17.459775924682617
302.73333740234375	78.44059753417969	18.684627532958984	17.646595001220703
301.77606201171875	80.24507141113281	18.940181732177734	17.887954711914062
300.75579833984375	85.77861022949219	18.754169464111328	17.712276458740234
300.60791015625	95.5660171508789	18.875484466552734	17.82685089111328
301.0	111.0	17.0	19.0
301.0	107.0	17.0	17.0
300.0	98.0	18.0	17.0
299.3529052734375	91.79936981201172	17.9127140045166	16.91756248474121
300.0	93.0	18.0	17.0
299.35784912109375	96.207275390625	18.32648468017578	17.308345794677734
301.0	106.0	18.0	18.0
301.0	109.0	17.0	18.0
300.0	102.0	18.0	18.0
300.0	100.0	18.0	18.0
299.0	101.0	18.0	18.0
299.0	107.0	17.0	18.0
299.0	107.0	17.0	18.0
298.0	103.0	18.0	18.0
298.0	104.0	18.0	18.0
298.0	109.0	18.0	18.0
298.0	106.0	17.0	18.0
298.0	106.0	17.0	17.0
298.0	108.0	17.0	18.0
298.0	106.0	16.0	18.0
297.0	108.0	17.0	18.0
298.0	107.0	16.0	16.0
298.0	108.0	16.0	16.0
298.0	107.0	16.0	17.0
298.0	107.0	17.0	17.0
298.0	107.0	17.0	17.0
299.0	107.0	16.0	17.0
299.0	107.0	16.0	17.0
299.0	107.0	17.0	17.0
298.0	107.0	17.0	17.0
298.0	107.0	17.0	17.0
297.0	107.0	17.0	18.0
297.0	107.0	17.0	18.0
297.0	107.0	17.0	17.0
297.0	107.0	17.0	17.0
297.0	107.0	17.0	17.0
297.0	107.0	18.0	18.0
297.0	107.0	18.0	17.0
298.0	107.0	16.0	17.0
297.0	107.0	17.0	17.0
297.0	107.0	17.0	17.0
297.0	107.0	17.0	17.0
297.0	107.0	17.0	18.0
298.0	107.0	17.0	17.0
298.0	107.0	17.0	17.0
298.0	107.0	16.0	17.0
297.0	107.0	17.0	18.0
298.0	107.0	16.0	18.0
298.0	107.0	17.0	18.0
298.0	108.0	17.0	17.0
298.0	108.0	16.0	17.0
298.0	108.0	17.0	17.0
297.0	108.0	17.0	17.0
297.0	108.0	17.0	17.0
297.0	108.0	18.0	17.0
297.0	108.0	17.0	18.0
297.0	108.0	18.0	18.0
297.0	108.0	18.0	18.0
297.0	108.0	18.0	17.0
299.0	108.0	17.0	18.0
299.0	109.0	16.0	16.0
299.0	109.0	15.0	14.0
300.0	110.0	11.0	11.0
303.0	114.0	10.0	11.0
301.0	115.0	12.0	11.0
294.0	116.0	12.0	13.0
292.4786682128906	116.9814224243164	15.123659133911133	16.472135543823242
297.0	128.0	17.0	16.0
296.0	132.0	13.0	13.0
300.0	118.0	17.0	17.0
299.0	120.0	18.0	18.0
299.0	123.0	18.0	18.0
300.0	125.0	18.0	18.0
300.0	127.0	19.0	19.0
300.0	130.0	19.0	19.0
302.0	133.0	17.0	17.0
303.5111389160156	134.62098693847656	16.933916091918945	16.933916091918945
301.0	140.0	19.0	18.0
302.0	141.0	18.0	19.0
301.0	141.0	20.0	19.0
301.0	141.0	19.0	20.0
302.0	141.0	18.0	19.0
302.0	142.0	18.0	18.0
302.0	142.0	18.0	18.0
302.0	142.0	18.0	18.0
303.0	142.0	17.0	18.0
302.0	142.0	18.0	17.0
303.0	141.0	18.0	17.0
302.0	140.0	18.0	18.0
303.0	139.0	17.0	17.0
303.0	137.0	18.0	18.0
302.0	136.0	19.0	17.0
302.0	134.0	19.0	18.0
301.0	133.0	19.0	18.0
301.0	133.0	19.0	18.0
301.0	132.0	18.0	19.0
301.0	132.0	19.0	18.0
301.0	132.0	18.0	18.0
301.0	132.0	18.0	18.0
301.0	132.0	18.0	18.0
300.0	132.0	19.0	18.0
301.0	132.0	18.0	18.0
301.0	132.0	19.0	18.0
302.0	132.0	18.0	18.0
302.0	133.0	19.0	17.0
303.0	133.0	18.0	18.0
304.0	134.0	17.0	17.0
303.0	133.0	19.0	18.0
303.0	134.0	18.0	17.0
302.0	134.0	18.0	18.0
299.0	133.0	17.0	17.0
293.0	133.0	18.0	17.0
287.0	133.0	19.0	17.0
282.0	132.0	19.0	18.0
275.0	132.0	19.0	19.0
269.0	132.0	19.0	18.0
264.0	132.0	17.0	18.0
259.0	133.0	16.0	17.0
255.0	133.0	16.0	17.0
250.0	133.0	17.0	17.0
244.0	132.0	18.0	18.0
240.0	132.0	17.0	18.0
234.0	133.0	18.0	17.0
229.0	132.0	18.0	18.0
223.0	133.0	19.0	17.0
218.0	133.0	18.0	17.0
213.0	133.0	19.0	18.0
208.0	133.0	19.0	18.0
202.0	133.0	19.0	18.0
198.0	134.0	18.0	18.0
193.0	134.0	18.0	18.0
188.0	134.0	18.0	18.0
183.0	135.0	18.0	18.0
177.0	135.0	19.0	18.0
172.0	135.0	19.0	18.0
168.0	136.0	18.0	17.0
163.0	136.0	18.0	17.0
157.0	136.0	19.0	19.0
153.0	137.0	19.0	18.0
148.0	137.0	19.0	19.0
144.0	138.0	18.0	18.0
139.0	138.0	19.0	19.0
135.0	139.0	18.0	18.0
130.0	140.0	19.0	18.0
125.0	140.0	19.0	18.0
121.0	140.0	19.0	19.0
117.0	141.0	19.0	19.0
112.0	142.0	19.0	18.0
108.0	142.0	20.0	19.0
104.0	143.0	19.0	18.0
99.0	144.0	20.0	19.0
95.0	144.0	20.0	20.0
91.0	145.0	20.0	19.0
87.0	145.0	20.0	20.0
83.0	146.0	20.0	20.0
79.0	148.0	20.0	19.0
76.0	148.0	19.0	19.0
72.0	149.0	19.0	19.0
68.0	150.0	19.0	19.0
64.0	151.0	20.0	20.0
60.0	152.0	20.0	20.0
56.0	153.0	20.0	20.0
54.0	155.0	19.0	19.0
56.0	153.0	18.0	19.0
63.0	153.0	18.0	19.0
71.0	151.0	21.0	20.0
82.4099349975586	150.43765258789062	20.92775535583496	19.931194305419922
104.0	149.0	19.0	19.0
126.0	148.0	19.0	18.0
147.0	144.0	18.0	18.0
167.0	137.0	18.0	18.0
184.0	131.0	19.0	20.0
201.0	129.0	18.0	18.0
214.0	124.0	15.0	16.0
226.0	120.0	15.0	14.0
238.0	115.0	19.0	17.0
251.0	112.0	14.0	13.0
265.0	98.0	15.0	16.0
273.7488098144531	91.84683990478516	14.890551567077637	15.883256912231445
281.3796691894531	85.14060974121094	14.739105224609375	15.721714973449707
290.07452392578125	77.56952667236328	14.794047355651855	15.78032112121582
296.9930114746094	73.12709045410156	14.82916259765625	15.817776679992676
303.73583984375	69.11155700683594	14.897845268249512	15.891039848327637
308.05279541015625	67.80580139160156	14.764242172241211	15.74853229522705
309.39483642578125	76.85215759277344	14.855249404907227	15.845605850219727
312.3739013671875	69.17189025878906	14.847805976867676	15.837666511535645
313.88519287109375	70.89340209960938	15.143346786499023	16.152912139892578
313.0160827636719	72.32679748535156	15.109201431274414	16.116491317749023
311.1775817871094	72.32842254638672	15.40899658203125	16.4362735748291
308.0	76.0	18.0	17.0
305.0	78.0	18.0	17.0
301.4421081542969	80.26934051513672	18.102535247802734	17.09683609008789
297.73565673828125	82.6207275390625	18.305797576904297	17.288806915283203
294.7633972167969	85.6495132446289	18.121747970581055	17.11498260498047
291.432861328125	87.9825210571289	18.522769927978516	17.493724822998047
289.121826171875	90.36512756347656	18.774887084960938	17.731836318969727
287.17974853515625	94.5233383178711	18.59718894958496	17.564010620117188
283.97052001953125	97.90615844726562	18.752422332763672	17.71061897277832
281.2238464355469	100.64620971679688	18.953495025634766	17.90052032470703
282.0	105.0	17.0	18.0
280.62908935546875	106.89436340332031	17.079097747802734	18.083749771118164
277.0	110.0	19.0	18.0
277.0	111.0	18.0	18.0
277.0	112.0	18.0	17.0
277.0	113.0	17.0	17.0
277.0	113.0	17.0	17.0
277.0	112.0	18.0	19.0
278.0	112.0	18.0	18.0
280.0	112.0	17.0	18.0
280.0	111.0	18.0	18.0
281.0	110.0	18.0	18.0
283.0	109.0	18.0	18.0
285.0	108.0	17.0	18.0
286.0	107.0	17.0	18.0
287.0	106.0	17.0	18.0
287.0	105.0	18.0	18.0
288.0	105.0	18.0	17.0
288.0	105.0	18.0	18.0
289.0	105.0	17.0	17.0
289.0	105.0	18.0	17.0
289.0	105.0	18.0	17.0
289.0	105.0	18.0	17.0
289.0	105.0	17.0	18.0
289.0	105.0	18.0	18.0
289.0	105.0	18.0	18.0
289.0	105.0	18.0	18.0
289.0	105.0	18.0	18.0
289.0	106.0	17.0	18.0
288.0	105.0	18.0	19.0
289.0	105.0	18.0	18.0
289.0	105.0	18.0	17.0
290.0	104.0	17.0	18.0
290.0	104.0	18.0	18.0
290.0	103.0	18.0	19.0
291.0	103.0	18.0	18.0
291.0	103.0	18.0	18.0
291.0	103.0	18.0	18.0
291.0	102.0	18.0	19.0
291.0	102.0	18.0	18.0
291.0	102.0	18.0	18.0
291.0	101.0	18.0	18.0
292.0	101.0	18.0	18.0
292.0	100.0	18.0	19.0
293.0	100.0	18.0	18.0
294.0	99.0	17.0	18.0
294.0	98.0	18.0	18.0
296.0	97.0	18.0	19.0
298.0	96.0	18.0	18.0
301.0	95.0	17.0	17.0
303.0	94.0	17.0	17.0
305.0	93.0	17.0	17.0
308.0	92.0	17.0	17.0
309.0	92.0	17.0	17.0
310.0	93.0	17.0	17.0
311.0	94.0	17.0	17.0
310.0	95.0	18.0	18.0
311.0	96.0	17.0	18.0
311.0	97.0	17.0	17.0
310.0	98.0	18.0	17.0
310.0	98.0	17.0	17.0
310.0	98.0	16.0	18.0
310.0	97.0	16.0	16.0
311.0	94.0	16.0	17.0
312.0	91.0	16.0	17.0
312.0	86.0	18.0	19.0
315.0	83.0	17.0	15.0
316.0	77.0	18.0	17.0
317.0	72.0	17.0	17.0
317.28997802734375	68.01668548583984	17.240999221801758	17.240999221801758
318.0	66.0	18.0	18.0
318.65972900390625	65.81413269042969	17.84287452697754	17.84287452697754
316.94805908203125	68.48292541503906	17.925457000732422	17.925457000732422
315.70367431640625	74.22752380371094	18.24386978149414	18.24386978149414
314.6876525878906	84.70406341552734	18.3159236907959	18.3159236907959
310.0	100.0	18.0	17.0
307.0	120.0	17.0	17.0
304.0	112.0	18.0	18.0
302.0	102.0	18.0	18.0
300.0	95.0	19.0	19.0
299.0	93.0	18.0	18.0
296.227783203125	94.93285369873047	18.114755630493164	18.114755630493164
295.0	102.0	18.0	18.0
294.0	113.0	18.0	18.0
293.0	124.0	17.0	17.0
290.0	115.0	18.0	17.0
289.0	110.0	17.0	17.0
286.0	109.0	18.0	18.0
