278.0	40.0	63.0	41.0
271.0	39.0	60.0	41.0
266.0	41.0	56.0	39.0
259.0	44.0	53.0	36.0
255.0	47.0	46.0	33.0
253.0	52.0	46.0	29.0
253.0	52.0	45.0	29.0
252.0	50.0	45.0	30.0
255.0	48.0	44.0	32.0
256.0	46.0	45.0	33.0
259.0	45.0	50.0	35.0
263.0	44.0	50.0	34.0
266.0	43.0	52.0	37.0
272.0	45.0	55.0	38.0
277.0	49.0	57.0	41.0
285.0	54.0	61.0	43.0
293.0	63.0	64.0	43.0
300.0	68.0	73.0	44.0
311.0	68.0	74.0	45.0
314.0	70.0	72.0	45.0
313.0	72.0	73.0	44.0
311.0	71.0	68.0	43.0
309.0	66.0	66.0	42.0
307.0	63.0	63.0	40.0
305.0	60.0	62.0	37.0
303.0	57.0	60.0	38.0
303.0	57.0	58.0	36.0
304.0	57.0	57.0	37.0
305.0	57.0	60.0	36.0
309.0	57.0	59.0	37.0
311.0	56.0	60.0	37.0
316.0	56.0	61.0	36.0
318.0	55.0	64.0	38.0
323.0	54.0	67.0	39.0
329.0	53.0	66.0	40.0
337.0	54.0	68.0	41.0
342.0	56.0	69.0	41.0
343.0	57.0	70.0	41.0
344.0	58.0	69.0	42.0
345.0	59.0	67.0	41.0
347.0	60.0	66.0	40.0
350.0	63.0	64.0	39.0
351.0	64.0	64.0	38.0
350.0	64.0	64.0	38.0
350.0	64.0	62.0	37.0
348.0	64.0	60.0	35.0
346.0	64.0	62.0	36.0
343.0	63.0	63.0	37.0
341.0	63.0	60.0	36.0
340.0	63.0	59.0	33.0
339.0	62.0	59.0	33.0
337.0	59.0	59.0	35.0
335.0	58.0	58.0	35.0
333.0	57.0	60.0	35.0
333.0	55.0	61.0	36.0
336.0	54.0	59.0	35.0
332.0	51.0	63.0	37.0
335.0	50.0	59.0	35.0
335.0	49.0	60.0	36.0
334.0	46.0	59.0	36.0
331.0	43.0	62.0	37.0
331.0	42.0	61.0	36.0
329.0	43.0	60.0	35.0
327.0	45.0	59.0	35.0
322.0	46.0	62.0	37.0
321.0	48.0	59.0	35.0
317.0	47.0	62.0	36.0
318.0	46.0	60.0	35.0
317.0	47.0	59.0	35.0
316.0	48.0	59.0	36.0
315.0	51.0	58.0	35.0
312.0	54.0	55.0	34.0
307.0	56.0	55.0	34.0
302.0	60.0	51.0	31.0
300.0	62.0	46.0	30.0
298.0	64.0	43.0	29.0
300.0	64.0	46.0	31.0
302.0	66.0	48.0	31.0
304.0	68.0	48.0	31.0
305.0	69.0	48.0	32.0
302.0	71.0	50.0	31.0
302.0	71.0	50.0	32.0
304.0	72.0	49.0	31.0
301.0	74.0	48.0	31.0
298.0	74.0	51.0	32.0
297.0	74.0	52.0	32.0
299.0	74.0	51.0	32.0
297.0	74.0	51.0	32.0
299.0	75.0	47.0	31.0
298.0	76.0	51.0	31.0
300.0	79.0	50.0	32.0
301.0	82.0	51.0	32.0
304.0	86.0	49.0	31.0
305.0	88.0	51.0	32.0
306.0	89.0	55.0	33.0
310.0	90.0	56.0	33.0
309.0	89.0	60.0	35.0
311.0	86.0	60.0	36.0
309.0	80.0	61.0	38.0
310.0	77.0	64.0	37.0
308.0	74.0	65.0	38.0
307.0	69.0	66.0	39.0
309.0	65.0	64.0	40.0
310.0	61.0	66.0	40.0
310.0	55.0	67.0	41.0
310.0	54.0	68.0	40.0
308.0	54.0	63.0	38.0
304.0	54.0	61.0	37.0
300.0	57.0	59.0	35.0
298.0	60.0	53.0	33.0
294.0	60.0	56.0	34.0
292.0	63.0	55.0	34.0
292.0	67.0	55.0	33.0
291.0	71.0	53.0	33.0
290.0	73.0	51.0	33.0
288.0	77.0	51.0	34.0
285.0	76.0	55.0	41.0
283.0	83.0	62.0	38.0
282.0	78.0	60.0	41.0
281.0	82.0	62.0	39.0
282.0	94.0	48.0	29.0
278.0304260253906	96.9549789428711	48.3347053527832	29.202219009399414
278.990966796875	98.89973449707031	47.58844757080078	28.751358032226562
276.5523986816406	101.36788177490234	48.31511688232422	29.19038963317871
277.7763671875	103.331298828125	47.787071228027344	28.871362686157227
279.4966735839844	106.91204833984375	48.37445068359375	29.22623634338379
278.90753173828125	110.728515625	48.535892486572266	29.323772430419922
279.1300048828125	111.79012298583984	48.52091598510742	29.314727783203125
280.3346862792969	113.7012710571289	50.039794921875	30.232385635375977
278.4271545410156	113.89088439941406	49.95574951171875	30.18160629272461
279.4920654296875	112.0165023803711	50.34626007080078	30.41754150390625
280.3892822265625	113.69413757324219	50.100257873535156	30.2689151763916
283.0	99.0	71.0	40.0
277.937255859375	100.21479797363281	71.16841125488281	40.09487533569336
289.0	103.0	58.0	32.0
288.21728515625	98.11509704589844	58.309326171875	32.17066192626953
294.0	91.0	51.0	34.0
298.0	86.0	52.0	33.0
302.0	80.0	51.0	33.0
305.0	75.0	55.0	34.0
306.0	67.0	56.0	36.0
307.0	61.0	57.0	37.0
309.0	55.0	58.0	36.0
310.0	49.0	59.0	37.0
311.0	42.0	62.0	37.0
315.0	38.0	60.0	37.0
316.0	35.0	60.0	37.0
317.0	33.0	60.0	38.0
318.0	32.0	60.0	37.0
318.0	31.0	60.0	36.0
317.0	30.0	60.0	37.0
316.0	29.0	58.0	36.0
313.0	29.0	58.0	36.0
313.0	29.0	57.0	36.0
314.0	30.0	60.0	36.0
316.0	33.0	60.0	37.0
320.0	32.0	66.0	40.0
326.0	34.0	70.0	42.0
331.0	36.0	70.0	43.0
333.0	39.0	69.0	42.0
330.0	43.0	72.0	43.0
322.0	47.0	71.0	40.0
318.0	51.0	68.0	37.0
314.0	54.0	64.0	37.0
310.0	55.0	61.0	36.0
308.0	57.0	59.0	35.0
306.0	60.0	57.0	34.0
307.0	63.0	56.0	35.0
306.0	66.0	56.0	34.0
310.0	68.0	54.0	33.0
311.0	70.0	56.0	34.0
314.0	72.0	56.0	34.0
316.0	74.0	54.0	32.0
316.0	73.0	52.0	33.0
312.0	75.0	52.0	31.0
309.0	75.0	51.0	30.0
304.0	75.0	47.0	29.0
300.0	76.0	47.0	28.0
297.0	77.0	47.0	28.0
297.0	80.0	46.0	28.0
295.0	82.0	45.0	28.0
293.0	83.0	47.0	28.0
292.0	83.0	51.0	30.0
292.0	81.0	49.0	31.0
294.0	82.0	41.0	27.0
292.0	80.0	42.0	27.0
289.0	69.0	49.0	35.0
289.0	72.0	45.0	31.0
288.0	66.0	48.0	34.0
288.0	75.0	40.0	27.0
287.0	74.0	40.0	29.0
287.0	75.0	40.0	31.0
285.7864685058594	77.88394927978516	40.15639114379883	31.121200561523438
287.0	83.0	39.0	28.0
283.7678527832031	82.05354309082031	39.417945861816406	28.300064086914062
282.9209899902344	79.2564468383789	39.51869583129883	28.37239646911621
282.8680725097656	79.70866394042969	38.68885040283203	27.776611328125
280.6499328613281	79.04893493652344	39.533714294433594	28.383182525634766
280.38568115234375	78.05012512207031	39.261077880859375	28.18744468688965
277.68133544921875	76.53076171875	39.196205139160156	28.140865325927734
277.65838623046875	75.828125	39.09345245361328	28.067096710205078
278.9778137207031	76.08282470703125	38.413841247558594	27.579172134399414
278.7413024902344	73.06392669677734	38.68260192871094	27.772125244140625
278.0106506347656	72.95155334472656	38.980743408203125	27.986175537109375
277.4144592285156	70.85568237304688	37.823463439941406	27.15530776977539
276.9405822753906	69.01220703125	38.12769317626953	27.373727798461914
276.55023193359375	67.81151580810547	38.10772705078125	27.35939598083496
276.7886657714844	65.65917205810547	38.39415740966797	27.565038681030273
275.5566711425781	65.21165466308594	38.506256103515625	27.645519256591797
275.6069030761719	63.6483039855957	38.344234466552734	27.52919578552246
275.791015625	63.20769500732422	38.38410949707031	27.55782127380371
276.08843994140625	61.3203239440918	38.80695343017578	27.861400604248047
275.0	53.0	52.0	34.0
277.0	58.0	38.0	28.0
275.0	57.0	42.0	30.0
276.0841064453125	56.28861618041992	41.68158721923828	29.77256202697754
276.7413024902344	55.170127868652344	41.16663360595703	29.404735565185547
276.0	55.0	39.0	28.0
276.3353576660156	54.15471649169922	39.64142990112305	28.460514068603516
276.0	55.0	40.0	26.0
275.0	54.0	39.0	27.0
278.0	57.0	37.0	24.0
274.0	54.0	39.0	28.0
275.8731994628906	52.3239631652832	38.87602996826172	27.910991668701172
276.0433349609375	51.55524444580078	39.293914794921875	28.211009979248047
274.0	52.0	41.0	26.0
277.0	51.0	41.0	28.0
277.0	52.0	44.0	27.0
278.0	51.0	41.0	26.0
277.0	51.0	40.0	26.0
274.0	49.0	41.0	28.0
275.0	48.0	42.0	28.0
278.0	50.0	40.0	26.0
278.5588073730469	48.70879364013672	40.1180534362793	26.076736450195312
278.0	48.0	41.0	27.0
277.94244384765625	47.02556228637695	41.050880432128906	27.033504486083984
277.0	48.0	42.0	26.0
277.0	47.0	39.0	28.0
278.0	48.0	41.0	28.0
278.0	49.0	40.0	26.0
277.0	49.0	41.0	28.0
279.0	52.0	38.0	25.0
274.0	51.0	43.0	27.0
279.0	51.0	41.0	29.0
277.90936279296875	50.24845504760742	41.04553985595703	29.032207489013672
277.0	51.0	42.0	26.0
279.0	51.0	41.0	26.0
279.0	48.0	41.0	26.0
279.0	48.0	38.0	28.0
280.5352478027344	50.31452560424805	37.59685516357422	27.70294761657715
279.0	50.0	40.0	27.0
278.0	48.0	39.0	27.0
278.9527893066406	48.00115203857422	38.817344665527344	26.873546600341797
276.0	48.0	41.0	28.0
280.0	48.0	39.0	26.0
280.0	44.0	38.0	28.0
278.0	48.0	40.0	26.0
280.0	46.0	39.0	30.0
279.0	48.0	41.0	28.0
280.0	48.0	41.0	29.0
281.0	49.0	40.0	26.0
281.0	48.0	41.0	27.0
281.0	49.0	39.0	25.0
282.0	47.0	39.0	26.0
282.0	47.0	42.0	27.0
283.0	50.0	41.0	26.0
283.0	47.0	40.0	29.0
284.0	48.0	38.0	27.0
283.0	48.0	40.0	27.0
283.0	48.0	41.0	26.0
282.0	47.0	43.0	28.0
282.0	46.0	43.0	29.0
284.0	47.0	39.0	28.0
285.0	47.0	39.0	28.0
283.47418212890625	46.08679962158203	38.77979278564453	27.841899871826172
283.8889465332031	45.370635986328125	38.91077423095703	27.935937881469727
284.42242431640625	45.4400634765625	39.52117919921875	28.374176025390625
283.0	46.0	42.0	27.0
281.91644287109375	45.05671310424805	42.04759979248047	27.03059959411621
283.16546630859375	45.75629425048828	41.920082092285156	26.948627471923828
283.0	46.0	40.0	28.0
282.0	47.0	41.0	28.0
283.0	46.0	40.0	26.0
283.27069091796875	46.48822021484375	41.117706298828125	26.726511001586914
284.0	45.0	39.0	29.0
283.0	47.0	41.0	28.0
284.0	46.0	36.0	24.0
285.0	39.0	38.0	31.0
286.0	46.0	38.0	25.0
285.0	46.0	41.0	26.0
283.0	45.0	40.0	26.0
284.37640380859375	45.50661087036133	39.98382568359375	25.989486694335938
284.0	41.0	37.0	29.0
284.74920654296875	42.74386215209961	36.8236198425293	28.86175537109375
284.3681335449219	42.85578155517578	36.766387939453125	28.816898345947266
283.71685791015625	43.385841369628906	37.440895080566406	29.345561981201172
284.0907287597656	44.914085388183594	37.046443939208984	29.03639793395996
281.0	46.0	40.0	28.0
282.0	46.0	41.0	27.0
282.0	46.0	42.0	26.0
282.0	46.0	42.0	27.0
282.0	44.0	39.0	29.0
282.0	43.0	36.0	28.0
281.0	41.0	39.0	30.0
281.0	42.0	38.0	28.0
281.0	44.0	37.0	27.0
280.0	44.0	38.0	28.0
280.0	42.0	40.0	30.0
279.398193359375	42.60244369506836	40.27473831176758	30.2060546875
279.0	44.0	40.0	28.0
279.0	43.0	38.0	29.0
279.0	44.0	39.0	29.0
277.0	43.0	41.0	31.0
278.0	42.0	39.0	32.0
279.0	42.0	38.0	31.0
277.0	45.0	40.0	29.0
279.0	44.0	39.0	29.0
279.0	45.0	39.0	28.0
278.0	43.0	41.0	32.0
277.6865234375	44.0030517578125	40.99351501464844	31.994937896728516
280.0	45.0	38.0	29.0
280.5191345214844	45.13994598388672	37.82990264892578	28.870187759399414
280.0	46.0	41.0	28.0
279.0	45.0	41.0	30.0
280.0	46.0	39.0	27.0
279.0	46.0	40.0	28.0
280.0	47.0	39.0	27.0
281.0	47.0	38.0	27.0
279.0	47.0	42.0	29.0
280.0	47.0	40.0	27.0
280.0	49.0	40.0	28.0
278.0	46.0	41.0	30.0
278.0	47.0	41.0	29.0
277.48651123046875	47.35568618774414	41.2083854675293	29.14739418029785
277.38092041015625	48.0993537902832	41.415443420410156	29.293848037719727
278.0	47.0	41.0	34.0
276.95416259765625	45.52197265625	41.11111068725586	34.092140197753906
278.2474670410156	46.087303161621094	41.18634796142578	34.15453338623047
275.0	46.0	46.0	31.0
278.0	48.0	39.0	28.0
277.0	47.0	41.0	30.0
278.0	47.0	39.0	28.0
275.0	47.0	43.0	29.0
274.9185791015625	47.23273849487305	43.56505584716797	29.381084442138672
278.0	48.0	40.0	29.0
278.0	49.0	39.0	27.0
276.0	48.0	41.0	30.0
277.0	47.0	39.0	30.0
276.0	47.0	41.0	31.0
278.0575256347656	47.628944396972656	40.53864669799805	30.651172637939453
277.8245544433594	47.141841888427734	40.005592346191406	30.248132705688477
278.0	49.0	39.0	28.0
278.11383056640625	48.181392669677734	39.998146057128906	28.716617584228516
276.0	48.0	42.0	29.0
278.0	47.0	38.0	30.0
277.94256591796875	45.97193145751953	38.2075309753418	30.163843154907227
278.0	48.0	38.0	27.0
278.0	47.0	39.0	29.0
277.0	46.0	39.0	29.0
275.0	47.0	41.0	28.0
276.0	48.0	39.0	28.0
278.0	48.0	38.0	26.0
277.0	47.0	38.0	28.0
278.0	48.0	37.0	27.0
277.0	47.0	41.0	28.0
277.0	48.0	41.0	27.0
278.0	47.0	38.0	27.0
278.0	48.0	39.0	26.0
278.0	48.0	37.0	27.0
278.0	48.0	40.0	26.0
277.0	48.0	39.0	26.0
277.0	46.0	40.0	28.0
277.0	45.0	40.0	30.0
276.253173828125	44.50608825683594	39.584102630615234	29.68807601928711
278.0	48.0	38.0	27.0
275.8626403808594	49.33211135864258	37.39222717285156	26.568157196044922
277.0	48.0	39.0	29.0
278.0	48.0	40.0	27.0
275.8662109375	48.48042678833008	39.71562957763672	26.80805015563965
277.0	47.0	40.0	28.0
276.1632080078125	45.45110321044922	39.82259750366211	27.87582015991211
277.0	47.0	40.0	28.0
278.0	47.0	38.0	28.0
277.2342529296875	45.7935676574707	38.607757568359375	28.447818756103516
278.0	47.0	39.0	28.0
278.0	48.0	40.0	26.0
279.0	46.0	37.0	29.0
279.0	46.0	39.0	28.0
280.0	46.0	38.0	27.0
280.0	48.0	40.0	27.0
280.0	49.0	38.0	27.0
281.0	48.0	38.0	28.0
281.0	48.0	39.0	27.0
281.0	49.0	38.0	27.0
280.0	49.0	39.0	27.0
281.0	48.0	39.0	28.0
281.0	47.0	40.0	27.0
280.0	49.0	41.0	26.0
280.0	47.0	37.0	28.0
280.0	48.0	38.0	28.0
