83.0	155.0	6.0	6.0
101.0	140.0	4.0	6.0
96.37761688232422	141.21177673339844	10.0	10.0
95.70536804199219	145.5323486328125	10.034860610961914	10.034860610961914
89.6338119506836	146.8530731201172	10.207829475402832	10.207829475402832
86.79341125488281	147.23828125	10.173562049865723	10.173562049865723
86.93404388427734	146.97320556640625	10.172147750854492	10.172147750854492
87.67948913574219	146.8817901611328	10.157435417175293	10.157435417175293
87.6272964477539	146.95046997070312	10.115640640258789	10.115640640258789
87.46495056152344	146.80223083496094	10.231274604797363	10.231274604797363
87.7710189819336	146.68063354492188	10.125089645385742	10.125089645385742
87.95819854736328	147.06796264648438	10.247232437133789	10.247232437133789
88.06865692138672	147.14187622070312	10.160562515258789	10.160562515258789
88.05699157714844	146.56210327148438	10.140603065490723	10.140603065490723
88.2919921875	147.2092742919922	10.10405158996582	10.10405158996582
88.4019775390625	147.50277709960938	10.067983627319336	10.067983627319336
88.3622055053711	148.15625	10.007329940795898	10.007329940795898
88.33335876464844	147.0836639404297	10.076622009277344	10.076622009277344
88.10939025878906	147.4696807861328	10.039125442504883	10.039125442504883
88.408447265625	147.36550903320312	10.025242805480957	10.025242805480957
87.99896240234375	147.75242614746094	10.047674179077148	10.047674179077148
88.0306167602539	146.8397979736328	10.095575332641602	10.095575332641602
87.80056762695312	147.6284637451172	10.12016487121582	10.12016487121582
88.22833251953125	147.541015625	10.262521743774414	10.262521743774414
86.78582000732422	146.46360778808594	10.258922576904297	10.258922576904297
87.51570129394531	145.72549438476562	10.227703094482422	10.227703094482422
88.2107162475586	145.86717224121094	10.205791473388672	10.205791473388672
87.94598388671875	146.0051727294922	10.128660202026367	10.128660202026367
88.06822204589844	147.17967224121094	10.022273063659668	10.022273063659668
87.9120864868164	147.63441467285156	10.10617446899414	10.10617446899414
88.45600128173828	147.73318481445312	10.056394577026367	10.056394577026367
88.61518859863281	147.6072540283203	10.07819938659668	10.07819938659668
88.25164794921875	146.81114196777344	10.165517807006836	10.165517807006836
89.13938903808594	147.64202880859375	10.035417556762695	10.035417556762695
87.35896301269531	147.6312713623047	10.300369262695312	9.963356971740723
91.3702621459961	147.1884307861328	10.21120834350586	10.035760879516602
92.89309692382812	147.08035278320312	10.146354675292969	10.060546875
93.12635803222656	147.28289794921875	10.27077579498291	10.200828552246094
93.51960754394531	146.7444610595703	10.25316047668457	10.183333396911621
94.0450439453125	146.56332397460938	10.477802276611328	10.406445503234863
94.14149475097656	147.137939453125	10.487841606140137	10.430036544799805
94.20558166503906	146.6847381591797	10.658014297485352	10.599270820617676
94.8402328491211	146.7064208984375	10.680839538574219	10.621970176696777
95.18025970458984	146.27566528320312	10.630683898925781	10.572091102600098
95.406005859375	147.00057983398438	10.743111610412598	10.683897972106934
95.06444549560547	147.32168579101562	10.866361618041992	10.80646800994873
95.93871307373047	147.39816284179688	11.051753044128418	10.990837097167969
95.90034484863281	147.05181884765625	11.060256958007812	10.999295234680176
96.13790893554688	147.53475952148438	11.301191329956055	11.238903045654297
97.13005828857422	146.24050903320312	11.18471908569336	11.123072624206543
97.74797058105469	146.48214721679688	11.02474308013916	10.96397876739502
97.51204681396484	146.2123260498047	10.901768684387207	10.841680526733398
98.37738037109375	146.64895629882812	10.684530258178711	10.625639915466309
98.46016693115234	147.5830078125	10.671269416809082	10.612452507019043
101.09171295166016	147.78170776367188	10.711198806762695	10.652162551879883
100.49657440185547	146.74351501464844	10.945718765258789	10.885390281677246
99.2894515991211	146.19827270507812	10.900524139404297	10.840444564819336
100.7668228149414	146.1471405029297	10.817361831665039	10.757740020751953
102.48075103759766	145.5145721435547	10.564455032348633	10.506227493286133
103.22959899902344	146.2967529296875	10.585676193237305	10.527331352233887
104.5752944946289	146.54547119140625	10.741674423217773	10.68246841430664
105.4280014038086	145.88565063476562	10.74921989440918	10.689973831176758
106.47731018066406	146.89324951171875	10.707207679748535	10.648193359375
106.72412109375	146.72288513183594	10.815698623657227	10.756086349487305
107.39044189453125	147.2147216796875	10.855939865112305	10.796106338500977
107.8998031616211	147.46728515625	10.930309295654297	10.870065689086914
109.05606842041016	147.7285919189453	10.93355941772461	10.873297691345215
109.49041748046875	147.84912109375	10.828813552856445	10.769129753112793
110.63899993896484	147.4677734375	11.043749809265137	10.982881546020508
110.6970443725586	147.26214599609375	10.970643043518066	10.910178184509277
111.17578125	147.66421508789062	10.83546257019043	10.77574348449707
112.00091552734375	147.8243408203125	10.705220222473145	10.646219253540039
112.85176086425781	147.12545776367188	10.799076080322266	10.739557266235352
113.18873596191406	147.2370147705078	10.980134010314941	10.91961669921875
113.95692443847656	147.4888916015625	10.979345321655273	10.918832778930664
114.65360260009766	147.3468780517578	10.791640281677246	10.732163429260254
114.69093322753906	147.74557495117188	10.83997917175293	10.780237197875977
115.78609466552734	148.03445434570312	10.684675216674805	10.625789642333984
117.64613342285156	148.3900604248047	10.765949249267578	10.706615447998047
116.5285873413086	145.06396484375	10.760109901428223	10.700807571411133
112.8974380493164	146.41671752929688	10.599466323852539	10.541049003601074
113.01438903808594	146.77847290039062	10.469929695129395	10.412225723266602
113.19378662109375	146.84544372558594	10.611251831054688	10.552767753601074
113.86966705322266	146.35366821289062	10.7258882522583	10.66677188873291
114.22613525390625	145.69082641601562	10.750679016113281	10.691425323486328
114.94474792480469	144.6774139404297	10.643989562988281	10.58532428741455
115.13874816894531	145.07533264160156	10.550432205200195	10.492281913757324
116.17442321777344	145.75473022460938	10.57997989654541	10.521666526794434
116.47712707519531	146.07354736328125	10.637554168701172	10.578924179077148
116.73213195800781	146.23179626464844	10.675806045532227	10.616964340209961
118.56135559082031	146.11190795898438	10.63038444519043	10.571794509887695
119.8973388671875	147.00741577148438	10.779969215393066	10.720555305480957
120.76778411865234	147.4974365234375	10.799955368041992	10.74043083190918
121.55424499511719	148.40272521972656	10.831070899963379	10.771374702453613
123.91883850097656	148.0220184326172	10.85426139831543	10.794438362121582
124.91334533691406	147.72740173339844	10.894466400146484	10.83442211151123
125.44728088378906	147.5983428955078	10.862342834472656	10.802475929260254
126.45806884765625	146.9601287841797	10.636919021606445	10.57829475402832
131.0	155.0	7.0	6.0
126.2939682006836	154.89080810546875	8.540779113769531	6.278481483459473
127.1773681640625	148.90542602539062	10.0	10.0
127.42979431152344	149.1809539794922	10.022600173950195	10.022600173950195
128.42941284179688	147.90188598632812	10.077095985412598	10.077095985412598
130.85012817382812	147.9144287109375	10.0809965133667	10.0809965133667
129.5397491455078	147.42568969726562	10.14892578125	10.14892578125
130.7014923095703	147.88644409179688	10.108983993530273	10.108983993530273
129.89044189453125	148.36691284179688	10.203824043273926	10.203824043273926
133.1294403076172	148.32693481445312	10.257207870483398	10.257207870483398
134.44674682617188	148.58502197265625	10.373678207397461	10.373678207397461
134.19461059570312	148.32974243164062	10.510391235351562	10.510391235351562
133.71644592285156	148.34872436523438	10.671720504760742	10.671720504760742
134.35028076171875	148.41970825195312	10.56546688079834	10.56546688079834
134.4364776611328	148.7307586669922	10.540680885314941	10.540680885314941
134.49867248535156	148.16336059570312	10.409948348999023	10.409948348999023
134.63697814941406	148.15310668945312	10.431455612182617	10.431455612182617
134.147216796875	148.1700897216797	10.564613342285156	10.564613342285156
134.74888610839844	147.9293975830078	10.558746337890625	10.558746337890625
134.7628631591797	148.49765014648438	10.582923889160156	10.582923889160156
135.55126953125	148.56935119628906	10.547052383422852	10.547052383422852
136.48281860351562	148.8904571533203	10.58008098602295	10.58008098602295
136.57620239257812	150.8290557861328	10.541515350341797	10.541515350341797
139.05728149414062	148.96365356445312	10.664119720458984	10.664119720458984
139.68475341796875	148.9005126953125	10.627532005310059	10.627532005310059
139.70947265625	151.3204803466797	10.414716720581055	10.414716720581055
140.07693481445312	148.80752563476562	10.527566909790039	10.527566909790039
140.0018768310547	149.3374786376953	10.561690330505371	10.561690330505371
140.3046875	149.63864135742188	10.349763870239258	10.349763870239258
140.66549682617188	149.8772735595703	10.367470741271973	10.367470741271973
140.6444854736328	150.2314910888672	10.28426742553711	10.28426742553711
140.66261291503906	149.83853149414062	10.21519660949707	10.21519660949707
139.83724975585938	149.70309448242188	10.25645637512207	10.25645637512207
140.55508422851562	149.4462890625	10.45076847076416	10.45076847076416
140.34677124023438	148.9668731689453	10.503410339355469	10.503410339355469
140.78651428222656	149.59812927246094	10.224173545837402	10.224173545837402
140.705322265625	149.51449584960938	10.345562934875488	10.345562934875488
141.33895874023438	149.92562866210938	10.217135429382324	10.217135429382324
140.68576049804688	149.74172973632812	10.247929573059082	10.247929573059082
140.0891571044922	149.51698303222656	10.247980117797852	10.247980117797852
140.30157470703125	149.7385711669922	10.247001647949219	10.247001647949219
139.080078125	149.5907745361328	10.106047630310059	10.106047630310059
137.8370361328125	149.51461791992188	10.1510591506958	10.1510591506958
137.02194213867188	149.33322143554688	10.063206672668457	10.063206672668457
136.03274536132812	149.2628631591797	10.208269119262695	10.208269119262695
135.15869140625	149.33279418945312	10.152202606201172	10.152202606201172
134.33071899414062	148.80628967285156	10.345030784606934	10.345030784606934
133.66000366210938	149.1649932861328	10.334176063537598	10.334176063537598
133.23118591308594	148.96202087402344	10.306514739990234	10.306514739990234
132.57479858398438	148.83375549316406	10.31092643737793	10.31092643737793
131.79730224609375	148.57037353515625	10.276214599609375	10.276214599609375
131.07643127441406	148.94244384765625	10.272048950195312	10.272048950195312
130.74427795410156	148.5001678466797	10.357579231262207	10.357579231262207
130.5074005126953	148.8921661376953	10.340900421142578	10.340900421142578
129.94041442871094	148.5954132080078	10.515671730041504	10.515671730041504
129.98562622070312	148.50918579101562	10.489311218261719	10.489311218261719
130.22146606445312	148.63241577148438	10.465124130249023	10.465124130249023
130.17416381835938	148.6300506591797	10.448927879333496	10.448927879333496
130.13877868652344	148.65147399902344	10.51537036895752	10.51537036895752
130.01507568359375	148.4513397216797	10.60189437866211	10.60189437866211
129.58041381835938	148.2090301513672	10.743049621582031	10.743049621582031
129.90475463867188	148.59092712402344	10.72352409362793	10.72352409362793
129.80197143554688	148.24749755859375	10.994969367980957	10.994969367980957
129.42239379882812	148.4540557861328	11.156347274780273	11.156347274780273
129.59506225585938	148.08538818359375	11.318222045898438	11.318222045898438
129.25723266601562	148.30618286132812	11.279458999633789	11.279458999633789
129.21556091308594	148.1008758544922	11.236696243286133	11.236696243286133
129.48678588867188	148.19293212890625	11.243083953857422	11.243083953857422
129.010498046875	148.72039794921875	11.398669242858887	11.398669242858887
128.1535186767578	149.35035705566406	11.370513916015625	11.370513916015625
128.83132934570312	149.6118621826172	11.247706413269043	11.247706413269043
127.59733581542969	150.60595703125	11.796368598937988	11.801966667175293
127.63248443603516	149.27493286132812	11.823457717895508	11.829068183898926
128.0879364013672	149.37490844726562	11.726516723632812	11.732080459594727
127.22855377197266	149.31385803222656	11.796341896057129	11.8019380569458
125.84835815429688	150.22122192382812	12.48054027557373	12.619928359985352
124.23827362060547	150.6608123779297	12.973105430603027	13.397724151611328
122.78897094726562	151.06192016601562	13.269916534423828	14.129693984985352
126.8170166015625	148.01315307617188	13.34546947479248	14.210142135620117
127.3121109008789	148.33853149414062	13.736412048339844	15.411687850952148
127.32524108886719	146.67919921875	13.612147331237793	15.272268295288086
128.17355346679688	145.80072021484375	13.4829683303833	15.127334594726562
124.67276763916016	146.99163818359375	13.335963249206543	14.96240234375
127.651611328125	146.6894073486328	13.197962760925293	14.807571411132812
127.6959457397461	146.3567352294922	13.151468276977539	14.755407333374023
128.11062622070312	146.0816192626953	12.994009017944336	14.57874584197998
127.44181060791016	148.4515838623047	12.919652938842773	14.495323181152344
127.8518295288086	147.06051635742188	12.927099227905273	14.503679275512695
123.00484466552734	145.1625213623047	13.128740310668945	14.729911804199219
125.11973571777344	145.30294799804688	13.211662292480469	14.82294750213623
128.39663696289062	145.7334747314453	12.941070556640625	14.519355773925781
128.0602264404297	146.05078125	12.940652847290039	14.518887519836426
128.12686157226562	146.05557250976562	12.688928604125977	14.236462593078613
128.80715942382812	145.66836547851562	12.825800895690918	14.39002799987793
127.7974853515625	145.493896484375	12.829328536987305	14.393986701965332
127.7231216430664	145.67762756347656	12.7617826461792	14.318203926086426
128.32150268554688	145.3563232421875	12.567753791809082	14.10051155090332
128.44371032714844	146.00137329101562	12.51734733581543	14.043957710266113
128.8949737548828	146.1233673095703	12.336782455444336	13.841371536254883
128.4180908203125	146.0020751953125	13.421589851379395	15.425604820251465
128.533447265625	145.0291290283203	13.177398681640625	15.144953727722168
129.93051147460938	144.1331024169922	13.049079895019531	14.997474670410156
129.8101348876953	145.78688049316406	12.587302207946777	14.466748237609863
129.8364715576172	146.00100708007812	12.26202392578125	14.092901229858398
129.2764129638672	146.12831115722656	12.13178825378418	13.943219184875488
129.17039489746094	146.59426879882812	12.032364845275879	13.828950881958008
130.1713409423828	146.03189086914062	12.074309349060059	13.877157211303711
129.87171936035156	146.55923461914062	12.11333179473877	13.922006607055664
129.79837036132812	146.7339324951172	11.875239372253418	13.648364067077637
130.14495849609375	146.70654296875	11.851978302001953	13.62162971496582
127.04337310791016	144.57693481445312	11.888615608215332	13.663736343383789
128.1482391357422	145.89599609375	11.806366920471191	13.569208145141602
130.81521606445312	146.68397521972656	11.873268127441406	13.646098136901855
133.50588989257812	144.46060180664062	11.785711288452148	13.5454683303833
132.9396514892578	149.0748291015625	11.8594970703125	13.630270004272461
131.68614196777344	150.1173095703125	11.7312593460083	13.482884407043457
132.01101684570312	149.58013916015625	12.001897811889648	13.79393196105957
131.57008361816406	149.79547119140625	12.80512523651123	15.094953536987305
130.84979248046875	149.51060485839844	12.705531120300293	14.97754955291748
130.17381286621094	149.76791381835938	13.467875480651855	16.221038818359375
129.56588745117188	146.68246459960938	13.297694206237793	16.016071319580078
129.0289764404297	146.45498657226562	12.974237442016602	15.626490592956543
129.12887573242188	147.9831085205078	12.96263313293457	15.612513542175293
127.52384948730469	148.15567016601562	12.871548652648926	15.502805709838867
126.4084243774414	148.26785278320312	12.962274551391602	15.612077713012695
125.2569351196289	148.41290283203125	12.997312545776367	15.654278755187988
123.1544189453125	147.0166778564453	13.158660888671875	15.848611831665039
122.6178207397461	147.152099609375	13.39915943145752	16.138273239135742
123.43963623046875	148.3188018798828	13.432863235473633	16.17886734008789
122.11335754394531	148.1116485595703	13.682106018066406	16.479061126708984
120.56370544433594	148.97439575195312	13.63690185546875	16.424617767333984
117.8587875366211	148.39212036132812	13.592706680297852	16.371387481689453
116.13591003417969	147.4901123046875	13.42779541015625	16.17276382446289
113.49641418457031	146.4180908203125	13.529281616210938	16.294994354248047
111.06597900390625	146.93545532226562	13.312777519226074	16.03423309326172
108.0703353881836	146.9641571044922	13.082653999328613	15.75706672668457
107.03971862792969	145.69277954101562	13.112344741821289	15.792826652526855
104.30415344238281	145.24908447265625	13.274309158325195	15.987899780273438
101.79833984375	144.4708709716797	13.216290473937988	15.91801929473877
100.18507385253906	145.1063995361328	13.19639778137207	15.894060134887695
98.96089935302734	144.70272827148438	12.975919723510742	15.628512382507324
97.39347839355469	145.59954833984375	12.655160903930664	15.242181777954102
95.93441009521484	144.47305297851562	12.676046371459961	15.26733684539795
94.72737884521484	144.00450134277344	12.532861709594727	15.094882011413574
93.62255859375	144.73098754882812	12.542019844055176	15.105911254882812
92.35838317871094	145.0522918701172	12.48520278930664	15.03747844696045
91.58954620361328	145.8473663330078	12.546360969543457	15.111139297485352
91.50626373291016	146.36953735351562	12.569485664367676	15.13899040222168
91.07035827636719	146.3250274658203	12.590286254882812	15.164042472839355
90.9755859375	145.574951171875	12.630369186401367	15.212320327758789
90.80378723144531	146.26097106933594	12.39404296875	14.92768383026123
90.25568389892578	146.4982452392578	12.306371688842773	14.822090148925781
89.77513122558594	147.87551879882812	12.3909273147583	14.923930168151855
89.79203796386719	148.1240234375	12.32789421081543	14.848010063171387
89.1074447631836	148.66595458984375	12.220361709594727	14.718493461608887
88.6321029663086	149.1449737548828	12.041853904724121	14.503494262695312
88.59321594238281	149.03042602539062	12.16169261932373	14.64783000946045
88.56795501708984	148.4066619873047	12.180915832519531	14.670984268188477
88.79560852050781	148.57138061523438	12.244898796081543	14.748046875
88.70866394042969	148.25540161132812	12.126579284667969	14.60554027557373
88.97776794433594	148.4109344482422	12.108349800109863	14.583584785461426
89.42549896240234	148.01773071289062	12.273809432983398	14.782867431640625
89.0611572265625	148.1227264404297	12.411149978637695	14.948283195495605
89.26640319824219	148.90635681152344	12.36894416809082	14.897448539733887
90.07577514648438	149.30763244628906	12.385393142700195	14.917259216308594
91.3791732788086	147.89590454101562	12.302114486694336	14.816957473754883
91.9675521850586	147.3696746826172	12.34483814239502	14.868415832519531
91.93824768066406	147.82373046875	12.514453887939453	15.072705268859863
91.69760131835938	148.23175048828125	12.704785346984863	15.301945686340332
92.28658294677734	147.74264526367188	12.689745903015137	15.283831596374512
92.46049499511719	148.547607421875	12.783169746398926	15.396352767944336
93.79219818115234	148.2646026611328	12.906587600708008	15.545000076293945
91.92701721191406	146.9987030029297	12.890609741210938	15.525754928588867
91.62107849121094	146.06932067871094	13.0619478225708	15.7321195602417
92.99879455566406	146.1374053955078	12.97657585144043	15.629295349121094
94.06236267089844	146.85690307617188	13.101699829101562	15.779998779296875
93.88382720947266	147.8572998046875	13.0570068359375	15.726168632507324
94.5857925415039	147.47000122070312	12.959800720214844	15.609089851379395
94.62718963623047	148.00048828125	13.017300605773926	15.6783447265625
94.80043029785156	147.44219970703125	13.05824089050293	15.727655410766602
94.53733825683594	147.96517944335938	12.88554573059082	15.51965618133545
95.16556549072266	147.76202392578125	12.87550163269043	15.507558822631836
95.97679901123047	147.31130981445312	12.900087356567383	15.537168502807617
95.2491683959961	146.3074188232422	13.036542892456055	15.701519966125488
95.58760070800781	146.3923797607422	13.0044527053833	15.662869453430176
95.18339538574219	145.36526489257812	13.037057876586914	15.702138900756836
95.26756286621094	144.86151123046875	12.894773483276367	15.530767440795898
95.36321258544922	145.9242401123047	12.667442321777344	15.256963729858398
95.46025848388672	145.73924255371094	12.857884407043457	15.486335754394531
95.38082122802734	146.71241760253906	12.95305347442627	15.600959777832031
95.31475830078125	145.27040100097656	13.141992568969727	15.828521728515625
95.91961669921875	146.30496215820312	13.073129653930664	15.745580673217773
96.36204528808594	147.00375366210938	12.905131340026855	15.543240547180176
96.44853210449219	146.86801147460938	12.981839179992676	15.635629653930664
96.44876861572266	147.3202362060547	12.804652214050293	15.422223091125488
96.61013793945312	147.29873657226562	12.767885208129883	15.37794017791748
95.9039077758789	147.57928466796875	12.778604507446289	15.390851020812988
96.73668670654297	146.9745330810547	12.769246101379395	15.379579544067383
96.8830337524414	147.7790069580078	12.698914527893066	15.294870376586914
97.84554290771484	147.36734008789062	12.605093002319336	15.181869506835938
97.28995513916016	147.39529418945312	12.468423843383789	15.01726245880127
97.62635040283203	147.2994384765625	12.426436424255371	14.966691970825195
97.75202941894531	146.96044921875	12.418047904968262	14.956588745117188
98.24629211425781	146.7058563232422	12.179227828979492	14.66894817352295
98.99970245361328	147.43490600585938	12.166471481323242	14.653584480285645
100.12806701660156	146.93975830078125	12.036935806274414	14.497568130493164
101.02629089355469	148.02955627441406	12.031262397766113	14.490735054016113
99.4746322631836	146.9929656982422	12.282804489135742	14.79369831085205
101.04106140136719	147.81719970703125	11.965632438659668	14.411687850952148
100.03968811035156	147.71588134765625	11.757345199584961	14.160822868347168
101.14790344238281	147.86375427246094	11.58582878112793	13.954244613647461
102.23907470703125	147.6819305419922	11.518503189086914	13.873156547546387
101.68943786621094	147.9556884765625	11.698164939880371	14.089546203613281
102.0500717163086	147.6558837890625	11.577262878417969	13.943928718566895
102.2317886352539	147.5914764404297	11.698646545410156	14.090124130249023
105.2374496459961	146.87025451660156	11.530412673950195	13.88749885559082
104.97138977050781	144.83877563476562	11.59960651397705	13.970837593078613
106.34342956542969	145.25369262695312	11.611729621887207	13.985438346862793
107.30035400390625	145.17593383789062	11.703453063964844	14.095913887023926
109.21455383300781	145.8269805908203	11.702669143676758	14.094968795776367
110.81175231933594	146.6031951904297	11.526487350463867	13.882769584655762
113.32364654541016	146.7820281982422	11.694084167480469	14.084628105163574
115.912109375	147.11814880371094	11.826558113098145	14.244180679321289
119.55305480957031	146.4818878173828	11.729028701782227	14.126714706420898
122.38999938964844	146.6211700439453	11.730119705200195	14.128030776977539
125.7287368774414	147.3525848388672	11.74797248840332	14.149531364440918
129.5081024169922	147.77627563476562	11.700155258178711	14.091938972473145
131.1161651611328	144.868896484375	11.625741004943848	14.002311706542969
132.26443481445312	145.6779022216797	11.643512725830078	14.023715019226074
133.40492248535156	145.62620544433594	11.567684173583984	13.932385444641113
134.1102294921875	143.78488159179688	11.595766067504883	13.966207504272461
134.26577758789062	141.48959350585938	11.743926048278809	14.144655227661133
135.1297607421875	141.07070922851562	11.492949485778809	13.842373847961426
135.0399932861328	141.4759521484375	11.563706398010254	13.927595138549805
135.5733642578125	143.4878387451172	11.56688117980957	13.931419372558594
136.1566619873047	141.7793731689453	11.648147583007812	14.029298782348633
135.99664306640625	142.6485595703125	11.607876777648926	13.980794906616211
136.5492706298828	143.83126831054688	11.562835693359375	13.926547050476074
136.82351684570312	144.88514709472656	11.448038101196289	13.788281440734863
136.13331604003906	144.07281494140625	11.526165962219238	13.882379531860352
135.88128662109375	143.6640625	11.240427017211914	13.538228988647461
134.92153930664062	142.8621826171875	11.253941535949707	13.554506301879883
134.4365997314453	141.88525390625	11.321454048156738	13.635818481445312
132.8822479248047	142.78277587890625	11.266149520874023	13.569208145141602
131.2794189453125	143.7349853515625	11.298848152160645	13.608591079711914
131.1732635498047	144.0069122314453	11.242646217346191	13.540899276733398
130.21572875976562	144.79197692871094	11.290121078491211	13.598078727722168
130.4587860107422	144.50106811523438	11.160192489624023	13.44158935546875
129.46597290039062	145.24755859375	11.148361206054688	13.427339553833008
128.6625213623047	145.50233459472656	11.023921966552734	13.27746295928955
129.31283569335938	144.30123901367188	11.132360458374023	13.408068656921387
129.5026397705078	145.14279174804688	10.965222358703613	13.206762313842773
129.2838592529297	144.87457275390625	10.856359481811523	13.075647354125977
129.04244995117188	144.793212890625	10.757535934448242	12.956622123718262
129.70761108398438	144.1154327392578	10.941534996032715	13.178235054016113
129.68603515625	144.48922729492188	10.89319896697998	13.120018005371094
129.73809814453125	145.11898803710938	10.969321250915527	13.211702346801758
129.9119110107422	145.68931579589844	10.87171745300293	13.094146728515625
130.66433715820312	145.24559020996094	10.725773811340332	12.918368339538574
131.53561401367188	144.59951782226562	10.840818405151367	13.05693244934082
131.73707580566406	144.45248413085938	10.763616561889648	12.963949203491211
131.78077697753906	145.00657653808594	10.822041511535645	13.034317016601562
131.75440979003906	145.0740509033203	10.883257865905762	13.108047485351562
130.30288696289062	145.98736572265625	11.125678062438965	13.4000244140625
129.85104370117188	145.44705200195312	11.378613471984863	13.704666137695312
130.11924743652344	144.8340301513672	11.376029968261719	13.701553344726562
129.6355743408203	145.16085815429688	11.357999801635742	13.679837226867676
129.52711486816406	145.21267700195312	11.23039436340332	13.526145935058594
129.9637908935547	144.5657196044922	11.57159423828125	13.937095642089844
129.53941345214844	144.56631469726562	11.680209159851074	14.067914962768555
130.09542846679688	144.91932678222656	11.691923141479492	14.082025527954102
130.46603393554688	144.92904663085938	11.853495597839355	14.276626586914062
131.31869506835938	144.4921112060547	12.19938850402832	14.693227767944336
130.57518005371094	144.38597106933594	12.114011764526367	14.590397834777832
129.83152770996094	145.09194946289062	12.124216079711914	14.602688789367676
130.1816864013672	144.79861450195312	12.199472427368164	14.693328857421875
130.872802734375	145.11264038085938	12.01048469543457	14.46570873260498
129.65098571777344	145.01229858398438	12.205034255981445	14.700029373168945
129.915771484375	144.60784912109375	12.226399421691895	14.725763320922852
129.77606201171875	144.78976440429688	12.30562973022461	14.821189880371094
130.82310485839844	144.82669067382812	12.315577507019043	14.833172798156738
130.63796997070312	144.87200927734375	12.41088581085205	14.947962760925293
130.22764587402344	145.2879638671875	12.313798904418945	14.831029891967773
131.05752563476562	144.66500854492188	12.315126419067383	14.83262825012207
130.20655822753906	144.8412628173828	12.479199409484863	15.030240058898926
131.05245971679688	144.85208129882812	12.64771556854248	15.23320484161377
130.7224884033203	143.7196044921875	12.756340026855469	15.364033699035645
130.79135131835938	143.677978515625	12.817108154296875	15.437223434448242
131.00894165039062	144.4302978515625	12.815836906433105	15.435693740844727
131.0773162841797	144.21212768554688	12.96674919128418	15.617456436157227
131.73281860351562	144.5174102783203	12.827238082885742	15.449426651000977
132.083251953125	144.3270263671875	12.822860717773438	15.444154739379883
131.614013671875	145.37088012695312	12.733854293823242	15.336954116821289
131.11245727539062	144.70901489257812	12.699033737182617	15.295015335083008
130.72775268554688	145.0916290283203	12.841974258422852	15.46717643737793
131.16946411132812	145.5715789794922	12.692793846130371	15.287500381469727
130.74314880371094	145.47914123535156	12.56262493133545	15.130722045898438
131.7796630859375	145.17208862304688	12.479510307312012	15.030616760253906
131.91737365722656	145.01861572265625	12.455490112304688	15.001686096191406
132.1409912109375	144.91207885742188	12.480791091918945	15.032159805297852
131.6763916015625	144.80796813964844	12.497047424316406	15.051739692687988
131.37355041503906	144.80372619628906	12.502220153808594	15.057971000671387
131.28939819335938	144.71717834472656	12.45518970489502	15.001325607299805
130.8865509033203	144.82284545898438	12.728373527526855	15.330355644226074
131.29574584960938	145.04898071289062	12.558245658874512	15.125448226928711
131.2135009765625	144.75563049316406	12.679718971252441	15.271753311157227
131.36849975585938	145.20724487304688	12.8751859664917	15.507181167602539
132.0111846923828	144.6472625732422	12.889201164245605	15.524060249328613
132.09201049804688	145.0438232421875	12.948452949523926	15.595422744750977
131.9159698486328	144.94876098632812	12.99914836883545	15.65648365020752
132.26063537597656	144.6126708984375	12.713033676147461	15.311880111694336
132.5753631591797	144.97393798828125	12.609601974487305	15.187304496765137
132.1930389404297	145.15432739257812	12.653846740722656	15.240592956542969
132.63905334472656	144.97525024414062	12.538808822631836	15.102038383483887
132.80416870117188	144.7036590576172	12.683046340942383	15.275762557983398
132.86741638183594	144.826416015625	12.619367599487305	15.199064254760742
133.3725128173828	144.61019897460938	12.669416427612305	15.259346008300781
132.9417266845703	144.8326873779297	12.60754680633545	15.184829711914062
133.5177764892578	145.10362243652344	12.437037467956543	14.979464530944824
134.00601196289062	144.6669464111328	12.393375396728516	14.92687702178955
133.5590362548828	144.82839965820312	12.134986877441406	14.615667343139648
133.78060913085938	145.57003784179688	11.929161071777344	14.367765426635742
133.94631958007812	145.03268432617188	11.879582405090332	14.308050155639648
133.9308319091797	145.4539031982422	11.796064376831055	14.207460403442383
134.19798278808594	145.70913696289062	11.73059368133545	14.128606796264648
134.5275421142578	145.60940551757812	11.767311096191406	14.172830581665039
133.9676055908203	145.69937133789062	11.778505325317383	14.186314582824707
134.2047576904297	146.25387573242188	11.858392715454102	14.282533645629883
134.11917114257812	146.041015625	11.844732284545898	14.266080856323242
134.12432861328125	146.5091094970703	11.739230155944824	14.139012336730957
134.6639862060547	145.719482421875	11.545191764831543	13.905306816101074
134.79925537109375	146.23211669921875	11.488261222839355	13.836738586425781
134.49465942382812	146.17015075683594	11.52299976348877	13.878578186035156
135.1114959716797	146.2847442626953	11.457003593444824	13.799090385437012
135.3331756591797	146.19837951660156	11.354704856872559	13.675880432128906
133.7425079345703	145.68807983398438	11.321037292480469	13.635330200195312
133.61532592773438	146.07070922851562	11.189703941345215	13.477149963378906
136.0367431640625	145.24636840820312	11.138956069946289	13.416028022766113
137.87167358398438	144.3613739013672	11.280319213867188	13.586291313171387
138.78302001953125	144.9022216796875	11.065149307250977	13.327136039733887
138.36585998535156	144.69821166992188	10.968504905700684	13.210736274719238
139.24600219726562	144.88461303710938	10.868318557739258	13.090069770812988
138.9124298095703	143.64498901367188	10.95604419708252	13.195727348327637
138.58045959472656	144.33987426757812	11.048548698425293	13.307144165039062
138.49070739746094	144.76821899414062	10.925359725952148	13.158772468566895
138.38131713867188	145.32826232910156	10.810888290405273	13.020899772644043
137.48831176757812	146.92236328125	10.679539680480957	12.862699508666992
136.95751953125	147.01773071289062	10.647590637207031	12.82421875
136.11892700195312	147.77894592285156	10.652520179748535	12.830156326293945
136.05728149414062	145.7507781982422	10.578839302062988	12.741413116455078
135.40048217773438	145.92747497558594	10.457504272460938	12.595273971557617
134.12879943847656	146.95535278320312	10.521209716796875	12.672002792358398
133.72515869140625	147.04617309570312	10.688222885131836	12.873156547546387
132.9388885498047	146.7743682861328	10.826313018798828	13.03947639465332
133.06094360351562	147.6880645751953	10.633337020874023	12.807052612304688
131.68272399902344	147.36978149414062	10.726187705993652	12.91888427734375
130.80007934570312	147.11770629882812	11.076282501220703	13.340545654296875
130.6328125	146.923828125	11.348024368286133	13.667839050292969
129.3863067626953	147.35794067382812	11.510504722595215	13.863534927368164
129.13961791992188	147.39234924316406	11.621597290039062	13.997337341308594
128.6985626220703	145.96469116210938	11.768132209777832	14.173828125
128.6620635986328	146.00137329101562	11.996057510375977	14.448346138000488
127.4830551147461	145.75758361816406	12.00483226776123	14.458915710449219
127.7542953491211	145.0155792236328	12.139362335205078	14.620946884155273
127.82437896728516	145.020751953125	12.194483757019043	14.687336921691895
127.1690673828125	144.43942260742188	12.475282669067383	15.025537490844727
127.5015869140625	144.50860595703125	12.465265274047852	15.013470649719238
127.6321029663086	146.01101684570312	12.396267890930176	14.93036937713623
128.78285217285156	146.4323272705078	12.57507038116455	15.145723342895508
128.30691528320312	145.9170684814453	12.48638916015625	15.038912773132324
129.4940643310547	146.25479125976562	12.709718704223633	15.307896614074707
128.97769165039062	146.3361053466797	12.678671836853027	15.270503044128418
128.71888732910156	145.4575958251953	12.837274551391602	15.461527824401855
128.72312927246094	145.43576049804688	12.905937194824219	15.544227600097656
129.93946838378906	145.43753051757812	12.922124862670898	15.563725471496582
129.74720764160156	145.74610900878906	12.922266960144043	15.563898086547852
130.1007080078125	145.27110290527344	13.014532089233398	15.675024032592773
131.50453186035156	143.85183715820312	13.242483139038086	15.94957447052002
131.97109985351562	143.38235473632812	13.346870422363281	16.075302124023438
132.9046173095703	143.39549255371094	13.480560302734375	16.2363224029541
133.04129028320312	143.2401885986328	13.262629508972168	15.973841667175293
132.87625122070312	144.04269409179688	13.552011489868164	16.3223819732666
133.5762939453125	142.43875122070312	13.440893173217773	16.188549041748047
134.10116577148438	142.12120056152344	13.408933639526367	16.15005874633789
134.79742431640625	144.0913848876953	13.409574508666992	16.150829315185547
135.99993896484375	141.49700927734375	13.651311874389648	16.441984176635742
136.99270629882812	141.78050231933594	13.59864330291748	16.378551483154297
137.49856567382812	141.42718505859375	13.350030899047852	16.079116821289062
138.08154296875	142.19326782226562	13.33117961883545	16.056411743164062
138.98989868164062	142.6265106201172	13.31329345703125	16.034870147705078
138.0107421875	144.11630249023438	13.535064697265625	16.301977157592773
139.823974609375	145.20782470703125	13.714616775512695	16.518234252929688
140.50672912597656	145.98060607910156	14.109441757202148	16.993770599365234
141.88790893554688	145.41612243652344	14.220731735229492	17.127809524536133
143.0990753173828	145.59442138671875	14.437451362609863	17.388830184936523
143.43814086914062	146.97837829589844	14.519680976867676	17.487869262695312
143.1058807373047	145.48204040527344	14.567178726196289	17.54507827758789
143.19161987304688	144.8489532470703	14.575439453125	17.555028915405273
144.53091430664062	145.47312927246094	14.51689338684082	17.484514236450195
144.26190185546875	144.3013153076172	14.533243179321289	17.50420570373535
144.80758666992188	144.11669921875	14.552980422973633	17.527976989746094
145.70147705078125	142.32191467285156	14.655423164367676	17.651363372802734
146.10247802734375	140.79251098632812	14.792722702026367	17.81673240661621
146.34500122070312	143.5360565185547	14.723361015319824	17.733190536499023
146.26524353027344	144.26315307617188	14.842389106750488	17.876550674438477
147.3105010986328	145.64352416992188	14.998867988586426	18.065017700195312
148.0160369873047	144.78823852539062	14.95427131652832	18.011302947998047
148.2163543701172	145.85476684570312	14.776700019836426	17.79743003845215
148.24156188964844	145.50112915039062	14.94987964630127	18.006011962890625
147.89138793945312	145.2466278076172	15.079485893249512	18.162113189697266
146.8609619140625	142.6619110107422	15.20203971862793	18.30971908569336
146.7212677001953	140.22727966308594	15.082743644714355	18.16603660583496
146.28726196289062	139.0286407470703	15.370084762573242	18.51211929321289
145.41561889648438	138.43118286132812	15.318115234375	18.44952392578125
143.96847534179688	139.476318359375	15.210432052612305	18.319828033447266
141.33609008789062	143.4759063720703	15.00183391571045	18.06859016418457
140.75379943847656	144.1531219482422	15.296762466430664	18.423809051513672
140.19503784179688	145.02423095703125	15.109097480773926	18.19778060913086
139.69747924804688	144.09432983398438	15.087648391723633	18.171945571899414
138.9915313720703	145.09947204589844	14.955456733703613	18.01272964477539
137.22378540039062	144.6801300048828	14.729970932006836	17.74114990234375
137.16909790039062	145.25311279296875	14.494677543640137	17.45775604248047
135.09609985351562	145.69406127929688	14.439448356628418	17.391239166259766
133.80160522460938	145.42019653320312	14.474288940429688	17.43320083618164
131.6506805419922	144.49490356445312	14.380363464355469	17.3200740814209
130.60630798339844	141.49404907226562	14.574670791625977	17.554101943969727
129.47056579589844	138.87460327148438	14.46448802947998	17.421396255493164
128.29388427734375	138.7626190185547	14.502856254577637	17.467607498168945
127.283447265625	141.6160430908203	14.761225700378418	17.778793334960938
127.27082824707031	144.37110900878906	14.679760932922363	17.680675506591797
125.93913269042969	144.28121948242188	14.952563285827637	18.009246826171875
125.74143981933594	144.46133422851562	14.816162109375	17.84496307373047
124.9534683227539	143.37326049804688	15.050030708312988	18.12664031982422
124.0293197631836	142.206787109375	14.950281143188477	18.006498336791992
123.151123046875	141.92930603027344	14.745719909667969	17.760120391845703
120.65608215332031	139.4466552734375	14.9904146194458	18.054838180541992
120.12345123291016	139.30172729492188	14.766700744628906	17.785390853881836
119.08131408691406	137.8206329345703	14.983431816101074	18.04642677307129
118.3780288696289	137.50848388671875	15.037511825561523	18.111562728881836
116.00531005859375	140.36453247070312	15.240200996398926	18.355688095092773
114.20545959472656	142.85928344726562	15.129526138305664	18.222389221191406
112.468017578125	143.4849395751953	15.220457077026367	18.3319091796875
110.5567855834961	143.07752990722656	15.206730842590332	18.31537628173828
107.79243469238281	143.34498596191406	15.103541374206543	18.191091537475586
105.29576110839844	142.97946166992188	15.345934867858887	18.4830379486084
104.44549560546875	143.5252685546875	15.3125	18.442768096923828
103.26153564453125	143.30947875976562	15.1336030960083	18.227298736572266
101.77799224853516	142.67478942871094	15.067739486694336	18.147972106933594
100.37157440185547	143.95901489257812	14.817959785461426	17.847131729125977
98.98289489746094	143.99346923828125	14.887263298034668	17.930601119995117
97.75953674316406	143.73023986816406	14.977653503417969	18.03946876525879
95.40751647949219	144.06301879882812	14.82080078125	17.85055160522461
94.64828491210938	144.09661865234375	14.703863143920898	17.7097110748291
95.0592269897461	143.93154907226562	14.609509468078613	17.5960693359375
94.3647232055664	144.66647338867188	14.509279251098633	17.4753475189209
94.6015853881836	143.9871368408203	14.48438549041748	17.445363998413086
94.65541076660156	145.12203979492188	14.34997844696045	17.28348159790039
94.09497833251953	145.05052185058594	14.193063735961914	17.0944881439209
92.83589172363281	144.878662109375	14.479101181030273	17.43899917602539
92.8680191040039	145.1069793701172	14.151721000671387	17.044692993164062
92.30009460449219	144.6763153076172	13.998884201049805	16.860614776611328
93.1327133178711	144.8519287109375	13.984179496765137	16.842905044555664
93.00960540771484	144.1168212890625	14.294136047363281	17.216224670410156
90.89981842041016	144.57716369628906	14.573267936706543	17.552417755126953
90.36637878417969	144.50448608398438	14.528576850891113	17.49859046936035
89.95955657958984	143.82247924804688	14.771893501281738	17.791645050048828
89.1090316772461	143.43911743164062	14.936251640319824	17.98960304260254
88.74378204345703	142.7100067138672	14.806384086608887	17.833187103271484
88.89376068115234	142.0067901611328	14.714303970336914	17.7222843170166
88.68912506103516	142.38758850097656	14.554977416992188	17.5303897857666
89.22196960449219	142.49942016601562	14.802363395690918	17.828350067138672
88.92206573486328	142.6417999267578	14.955657958984375	18.012981414794922
88.40678405761719	142.43605041503906	15.087898254394531	18.17225456237793
87.93864440917969	141.21517944335938	15.233668327331543	18.347824096679688
88.31452941894531	142.73741149902344	15.271708488464355	18.39364242553711
87.55033874511719	142.4657440185547	15.265935897827148	18.38669204711914
87.62232208251953	142.33834838867188	15.395898818969727	18.543222427368164
87.4109878540039	142.93234252929688	15.326286315917969	18.459379196166992
86.76307678222656	142.85379028320312	15.315937995910645	18.44691276550293
85.82788848876953	144.19247436523438	14.877108573913574	17.91837501525879
85.36491394042969	144.25047302246094	15.030645370483398	18.10329818725586
85.64461517333984	143.53057861328125	14.95258903503418	18.00928497314453
85.67826080322266	143.7870330810547	15.157458305358887	18.25603675842285
