122.0	70.0	92.0	64.0
121.0	72.0	93.0	64.0
121.0	72.0	93.0	64.0
124.0	71.0	91.0	64.0
125.0	71.0	92.0	62.0
126.0	70.0	91.0	63.0
125.0	72.0	91.0	61.0
125.0	73.0	91.0	62.0
124.0	73.0	92.0	63.0
122.0	73.0	93.0	65.0
122.0	73.0	94.0	65.0
124.0	75.0	91.0	62.0
123.0	75.0	94.0	63.0
124.0	77.0	92.0	61.0
122.0	78.0	94.0	64.0
121.0	81.0	95.0	64.0
120.0	84.0	95.0	64.0
119.0	84.0	97.0	68.0
121.0	85.0	96.0	67.0
123.0	86.0	95.0	67.0
126.0	87.0	93.0	68.0
128.0	88.0	92.0	62.0
133.0	86.0	93.0	61.0
139.0	82.0	90.0	60.0
140.0	77.0	95.0	62.0
145.0	73.0	94.0	60.0
149.0	68.0	92.0	60.0
150.0	62.0	95.0	62.0
154.0	58.0	92.0	57.0
156.0	49.0	93.0	58.0
159.0	43.0	92.0	57.0
162.0	37.0	91.0	53.0
164.0	25.0	92.0	57.0
163.0	19.0	98.0	58.0
167.0	11.0	93.0	60.0
165.0	7.0	95.0	57.0
167.0	3.0	93.0	58.0
166.0	1.0	93.0	55.0
167.0	0.0	91.0	53.0
169.0	0.0	89.0	50.0
169.0	0.0	90.0	47.0
170.0	0.0	88.0	46.0
168.0	0.0	91.0	46.0
169.0	0.0	90.0	48.0
166.0	0.0	93.0	55.0
166.0	6.0	94.0	56.0
163.0	14.0	94.0	58.0
159.0	24.0	95.0	59.0
155.0	39.0	94.0	55.0
151.0	47.0	95.0	58.0
147.0	58.0	96.0	57.0
143.0	64.0	97.0	62.0
141.0	69.0	98.0	63.0
142.0	72.0	98.0	62.0
146.0	75.0	96.0	60.0
148.0	74.0	95.0	62.0
152.0	75.0	95.0	62.0
152.0	76.0	97.0	62.0
155.0	76.0	97.0	62.0
161.0	75.0	95.0	61.0
163.0	73.0	100.0	65.0
170.0	73.0	99.0	64.0
172.0	73.0	104.0	65.0
175.0	73.0	103.0	66.0
176.0	73.0	104.0	68.0
174.0	74.0	108.0	69.0
175.0	74.0	112.0	70.0
175.0	72.0	115.0	74.0
174.0	71.0	117.0	76.0
174.0	72.0	117.0	75.0
172.0	69.0	120.0	77.0
170.0	68.0	121.0	79.0
165.0	68.0	121.0	79.0
163.0	68.0	122.0	81.0
161.0	71.0	120.0	79.0
159.0	72.0	122.0	79.0
158.0	73.0	122.0	79.0
158.0	70.0	123.0	81.0
160.0	68.0	122.0	78.0
161.0	59.0	124.0	80.0
170.0	48.0	122.0	76.0
180.0	36.0	120.0	73.0
187.0	19.0	120.0	75.0
200.0	4.0	118.0	75.0
203.0	0.0	118.0	66.0
197.0	0.0	127.0	56.0
200.0	0.0	134.0	44.0
205.0	0.0	127.0	44.0
204.0	0.0	129.0	44.0
209.0	0.0	128.0	43.0
201.0	0.0	136.0	43.0
201.0	0.0	134.0	41.0
197.7214813232422	0.9750343561172485	137.4740753173828	42.062965393066406
197.0	0.0	137.0	50.0
206.0	0.0	113.0	55.0
199.0	0.0	117.0	65.0
205.0	0.0	111.0	71.0
205.0	2.0	111.0	68.0
207.0	1.0	110.0	69.0
208.0	1.0	111.0	65.0
209.0	1.0	112.0	64.0
208.0	0.0	111.0	65.0
207.0	0.0	109.0	61.0
206.0	0.0	104.0	57.0
205.0	0.0	104.0	59.0
206.0	0.0	105.0	60.0
205.0	0.0	105.0	60.0
209.0	0.0	103.0	64.0
209.0	0.0	104.0	64.0
211.0	1.0	103.0	62.0
213.0	2.0	103.0	66.0
211.0	4.0	107.0	66.0
213.0	7.0	105.0	65.0
205.0	9.0	109.0	68.0
201.0	15.0	109.0	68.0
200.0	26.0	105.0	65.0
199.0	36.0	103.0	64.0
194.0	48.0	103.0	62.0
189.0	59.0	101.0	63.0
178.0	68.0	107.0	67.0
175.0	78.0	104.0	66.0
172.0	86.0	101.0	63.0
166.0	89.0	105.0	68.0
164.0	95.0	102.0	62.0
163.0	94.0	103.0	66.0
163.0	89.0	104.0	69.0
165.0	90.0	101.0	61.0
167.0	83.0	102.0	63.0
166.0	77.0	105.0	69.0
166.0	74.0	108.0	69.0
170.0	73.0	108.0	69.0
168.0	73.0	111.0	70.0
170.0	72.0	110.0	72.0
165.0	72.0	114.0	71.0
164.0	72.0	115.0	74.0
161.0	71.0	117.0	77.0
162.0	73.0	116.0	75.0
160.0	74.0	118.0	74.0
159.0	71.0	119.0	77.0
160.0	63.0	120.0	76.0
166.0	57.0	115.0	72.0
173.0	46.0	116.0	73.0
179.0	33.0	116.0	72.0
185.0	21.0	119.0	68.0
198.0	6.0	114.0	70.0
199.0	1.0	116.0	66.0
198.0	0.0	121.0	58.0
200.0	0.0	117.0	58.0
199.0	0.0	120.0	57.0
199.0	0.0	118.0	61.0
200.0	0.0	114.0	69.0
199.0	6.0	116.0	72.0
195.0	17.0	114.0	71.0
192.0	25.0	114.0	71.0
194.0	33.0	111.0	69.0
193.0	40.0	110.0	66.0
193.0	46.0	108.0	65.0
193.0	51.0	105.0	62.0
193.0	53.0	101.0	62.0
194.0	52.0	103.0	61.0
195.0	50.0	103.0	61.0
199.0	48.0	101.0	61.0
201.0	48.0	100.0	59.0
201.0	48.0	100.0	60.0
201.0	49.0	100.0	63.0
201.0	52.0	101.0	60.0
202.0	53.0	102.0	62.0
204.0	55.0	101.0	62.0
203.0	58.0	107.0	62.0
203.0	60.0	112.0	65.0
203.0	62.0	113.0	68.0
203.0	64.0	114.0	69.0
201.0	65.0	118.0	74.0
201.0	69.0	116.0	73.0
200.0	68.0	117.0	77.0
196.0	69.0	118.0	78.0
190.0	69.0	123.0	80.0
185.0	67.0	124.0	82.0
174.0	66.0	135.0	88.0
169.0	66.0	138.0	92.0
163.0	63.0	141.0	96.0
161.0	65.0	141.0	93.0
158.0	66.0	141.0	92.0
157.0	68.0	141.0	91.0
158.0	69.0	137.0	89.0
157.0	70.0	141.0	96.0
157.0	74.0	140.0	91.0
159.0	75.0	139.0	91.0
164.0	73.0	139.0	93.0
171.0	75.0	135.0	89.0
185.0	71.0	123.0	84.0
192.0	69.0	120.0	80.0
198.0	67.0	120.0	76.0
201.0	64.0	122.0	71.0
205.0	58.0	124.0	73.0
207.0	58.0	122.0	71.0
208.0	59.0	120.0	67.0
213.0	59.0	115.0	67.0
215.0	58.0	112.0	68.0
217.0	60.0	110.0	65.0
216.0	61.0	111.0	67.0
215.0	63.0	110.0	67.0
214.0	74.0	108.0	61.0
214.0	75.0	109.0	64.0
216.0	76.0	109.0	64.0
220.0	75.0	108.0	64.0
223.0	69.0	106.0	66.0
228.0	68.0	101.0	58.0
231.0	52.0	100.0	64.0
235.0	43.0	102.0	60.0
240.0	33.0	102.0	61.0
247.0	19.0	98.0	63.0
246.0	14.0	99.0	61.0
249.0	9.0	97.0	61.0
249.0	7.0	97.0	63.0
246.0	14.0	98.0	61.0
242.0	22.0	100.0	63.0
235.0	38.0	100.0	56.0
226.0	52.0	103.0	55.0
221.0	58.0	103.0	58.0
220.0	62.0	101.0	61.0
218.0	68.0	100.0	60.0
216.0	70.0	103.0	61.0
214.0	71.0	105.0	61.0
212.0	67.0	108.0	65.0
211.0	68.0	108.0	64.0
209.0	69.0	107.0	64.0
206.0	67.0	106.0	67.0
205.0	69.0	104.0	64.0
205.0	68.0	106.0	64.0
208.0	69.0	102.0	60.0
206.0	71.0	103.0	58.0
206.0	71.0	99.0	56.0
201.0	71.0	102.0	61.0
204.0	78.0	94.0	51.0
206.04586791992188	72.18266296386719	94.62809753417969	51.34077835083008
203.1925506591797	75.68709564208984	94.02860260009766	51.015525817871094
201.7053680419922	77.89177703857422	94.72916412353516	51.3956184387207
201.42666625976562	80.76217651367188	94.78712463378906	51.42706298828125
198.50595092773438	81.61871337890625	93.3833999633789	50.66546630859375
194.75955200195312	87.01280975341797	92.2397689819336	50.044986724853516
192.15367126464844	94.71998596191406	93.2483139038086	50.59218215942383
192.8850860595703	97.96280670166016	94.04686737060547	51.02544403076172
188.67088317871094	97.59410858154297	95.07688903808594	51.58428955078125
173.0	92.0	103.0	67.0
177.66383361816406	97.06063079833984	104.62100982666016	68.054443359375
181.0	108.0	105.0	66.0
184.0	112.0	93.0	62.0
181.0	108.0	100.0	68.0
182.91360473632812	103.30628967285156	99.56449890136719	67.70386505126953
187.31394958496094	97.59249114990234	100.11149597167969	68.07582092285156
196.0	94.0	99.0	59.0
202.0	94.0	96.0	58.0
201.0	96.0	98.0	60.0
194.96438598632812	101.03055572509766	98.93638610839844	60.57329559326172
202.90292358398438	103.10282897949219	99.08871459960938	60.66656494140625
270.0	125.0	105.0	57.0
217.0	103.0	96.0	60.0
220.0	102.0	99.0	62.0
230.0	101.0	97.0	65.0
237.0	100.0	96.0	65.0
245.0	101.0	96.0	64.0
248.0	101.0	96.0	62.0
250.0	103.0	100.0	64.0
251.0	110.0	98.0	60.0
249.0	115.0	105.0	63.0
252.0	117.0	103.0	66.0
254.0	117.0	112.0	68.0
257.0	118.0	108.0	67.0
262.0	118.0	104.0	67.0
264.0	119.0	101.0	66.0
267.0	120.0	99.0	67.0
268.0	121.0	99.0	67.0
269.0	120.0	99.0	68.0
270.0	119.0	100.0	67.0
270.0	119.0	103.0	66.0
271.0	118.0	101.0	63.0
272.0	114.0	101.0	67.0
274.0	112.0	99.0	64.0
269.0	107.0	106.0	67.0
269.0	105.0	105.0	63.0
270.0	100.0	106.0	72.0
268.0	96.0	109.0	73.0
279.0	96.0	97.0	56.0
282.0	88.0	95.0	57.0
283.0	76.0	96.0	62.0
284.0	67.0	97.0	62.0
287.0	63.0	97.0	61.0
288.0	54.0	96.0	64.0
289.0	49.0	96.0	62.0
293.0	48.0	95.0	55.0
292.0	42.0	99.0	58.0
292.0	41.0	98.0	59.0
291.0	47.0	96.0	55.0
290.0	49.0	96.0	56.0
288.0	50.0	97.0	64.0
283.0	62.0	97.0	60.0
278.0	71.0	96.0	61.0
270.0	82.0	100.0	57.0
267.0	89.0	101.0	57.0
263.0	94.0	103.0	59.0
261.0	97.0	98.0	59.0
261.0	102.0	96.0	58.0
255.0	106.0	105.0	62.0
256.0	105.0	101.0	64.0
257.0	107.0	102.0	62.0
260.0	104.0	103.0	66.0
261.0	105.0	106.0	67.0
266.0	106.0	104.0	65.0
271.0	109.0	103.0	64.0
272.0	113.0	102.0	62.0
278.0	119.0	98.0	60.0
280.0	121.0	101.0	60.0
283.0	120.0	103.0	62.0
286.0	122.0	104.0	60.0
289.0	119.0	106.0	62.0
292.0	122.0	108.0	60.0
292.0	122.0	110.0	59.0
290.0	122.0	110.0	61.0
295.0	123.0	103.0	60.0
291.0	124.0	108.0	59.0
299.0	125.0	99.0	53.0
306.0	122.0	90.0	52.0
301.0	120.0	92.0	54.0
291.0	120.0	99.0	55.0
287.0	118.0	99.0	57.0
280.0	114.0	102.0	62.0
276.0	109.0	105.0	69.0
269.0	105.0	107.0	69.0
267.0	102.0	105.0	68.0
265.0	100.0	100.0	63.0
258.0	100.0	103.0	61.0
251.0	96.0	99.0	62.0
243.0	96.0	100.0	61.0
236.0	94.0	98.0	63.0
228.0	96.0	97.0	59.0
279.0	125.0	97.0	55.0
213.0	98.0	97.0	58.0
208.0	98.0	97.0	60.0
205.0	96.0	97.0	60.0
204.0	96.0	98.0	60.0
206.0	95.0	97.0	62.0
208.0	93.0	99.0	63.0
214.0	92.0	100.0	60.0
220.0	87.0	99.0	62.0
225.0	83.0	101.0	60.0
235.0	78.0	98.0	59.0
242.0	71.0	98.0	60.0
247.0	67.0	95.0	60.0
251.0	63.0	98.0	59.0
257.0	59.0	96.0	59.0
260.0	55.0	96.0	60.0
265.0	55.0	95.0	59.0
267.0	53.0	95.0	60.0
267.0	54.0	93.0	59.0
264.0	55.0	94.0	58.0
262.0	57.0	94.0	57.0
261.0	60.0	94.0	55.0
263.0	60.0	93.0	55.0
264.0	62.0	93.0	54.0
264.0	63.0	93.0	55.0
265.0	64.0	92.0	54.0
265.0	65.0	92.0	52.0
266.0	61.0	93.0	54.0
268.0	58.0	93.0	55.0
272.0	53.0	94.0	59.0
274.0	51.0	96.0	60.0
275.0	53.0	96.0	59.0
275.0	57.0	98.0	61.0
276.0	65.0	96.0	59.0
273.0	74.0	98.0	62.0
267.0	82.0	101.0	62.0
262.0	92.0	107.0	69.0
256.0	98.0	112.0	68.0
257.0	106.0	101.0	64.0
252.0	114.0	104.0	60.0
251.0	115.0	105.0	63.0
252.0	115.0	103.0	63.0
252.0	113.0	106.0	61.0
257.0	103.0	109.0	63.0
262.0	94.0	106.0	73.0
269.0	86.0	100.0	57.0
272.0	77.0	100.0	59.0
271.0	66.0	100.0	62.0
272.0	64.0	99.0	57.0
269.0	55.0	99.0	62.0
267.0	54.0	99.0	60.0
264.0	51.0	97.0	63.0
260.0	59.0	98.0	56.0
254.0	63.0	97.0	59.0
247.0	71.0	97.0	57.0
242.0	75.0	96.0	57.0
235.0	81.0	95.0	55.0
220.0	85.0	103.0	58.0
215.0	90.0	98.0	58.0
207.0	93.0	102.0	61.0
198.85887145996094	101.52238464355469	100.9946060180664	60.39873504638672
201.0	97.0	98.0	57.0
202.0	88.0	99.0	60.0
202.0	81.0	102.0	60.0
204.0	69.0	101.0	59.0
210.0	61.0	96.0	57.0
211.0	55.0	94.0	55.0
207.0	48.0	94.0	55.0
204.0	45.0	93.0	55.0
198.0	43.0	93.0	55.0
193.0	47.0	90.0	50.0
188.0	45.0	90.0	52.0
183.0	46.0	90.0	53.0
179.0	48.0	88.0	52.0
177.0	49.0	87.0	52.0
175.0	48.0	89.0	53.0
176.0	48.0	87.0	52.0
178.0	47.0	87.0	50.0
178.0	46.0	89.0	51.0
180.0	45.0	90.0	51.0
182.0	45.0	91.0	50.0
185.0	43.0	91.0	52.0
186.0	43.0	92.0	52.0
186.0	45.0	92.0	53.0
185.0	48.0	94.0	54.0
184.0	50.0	95.0	57.0
182.0	57.0	94.0	57.0
177.0	62.0	97.0	60.0
172.0	70.0	99.0	62.0
170.0	73.0	99.0	64.0
167.0	80.0	101.0	64.0
164.0	81.0	101.0	63.0
166.0	84.0	98.0	62.0
165.0	84.0	99.0	62.0
164.0	81.0	101.0	65.0
165.0	74.0	101.0	65.0
167.0	68.0	100.0	65.0
168.0	63.0	97.0	61.0
168.0	57.0	99.0	60.0
168.0	54.0	95.0	56.0
165.0	48.0	95.0	58.0
165.0	46.0	90.0	55.0
162.0	43.0	91.0	53.0
160.0	42.0	92.0	52.0
157.0	41.0	91.0	51.0
156.0	42.0	90.0	50.0
156.0	43.0	90.0	51.0
156.0	45.0	89.0	50.0
155.0	48.0	89.0	50.0
155.0	47.0	90.0	51.0
156.0	47.0	89.0	50.0
158.0	46.0	90.0	51.0
160.0	45.0	92.0	51.0
162.0	44.0	91.0	54.0
163.0	43.0	93.0	56.0
164.0	47.0	94.0	56.0
164.0	48.0	95.0	59.0
161.0	55.0	97.0	59.0
161.0	63.0	93.0	60.0
154.0	73.0	96.0	58.0
146.0	80.0	99.0	60.0
142.0	87.0	99.0	63.0
137.0	98.0	100.0	63.0
134.0	102.0	102.0	67.0
133.0	102.0	103.0	68.0
137.0	100.0	104.0	66.0
139.0	93.0	103.0	68.0
145.0	85.0	104.0	68.0
147.0	83.0	106.0	65.0
150.0	80.0	105.0	63.0
157.0	74.0	102.0	66.0
153.0	64.0	111.0	71.0
155.0	60.0	111.0	71.0
160.0	59.0	109.0	64.0
161.0	60.0	110.0	62.0
162.0	59.0	109.0	60.0
165.0	57.0	107.0	60.0
166.0	56.0	107.0	58.0
94.0	104.0	91.0	62.0
94.0	105.0	91.0	60.0
93.0	104.0	93.0	62.0
92.19673156738281	57.1899299621582	94.87089538574219	63.24726486206055
107.15812683105469	37.8614387512207	95.3330078125	63.55533981323242
112.7132339477539	44.575233459472656	95.40838623046875	63.6055908203125
126.29402160644531	50.847373962402344	94.85869598388672	63.23912811279297
98.64094543457031	45.38320541381836	95.96371459960938	63.97581100463867
133.8189239501953	55.41594314575195	96.21659851074219	64.14439392089844
156.72085571289062	66.89837646484375	97.2022705078125	64.801513671875
166.7916259765625	69.48434448242188	97.80193328857422	65.2012939453125
171.24807739257812	69.929443359375	97.55670166015625	65.03780364990234
174.9045867919922	69.8440170288086	95.18771362304688	63.45847702026367
178.41444396972656	70.59379577636719	93.6373062133789	62.42487335205078
176.3165283203125	69.752197265625	92.11810302734375	61.412071228027344
177.7367401123047	63.07985305786133	90.64823913574219	60.43217086791992
166.69869995117188	51.51539993286133	91.53007507324219	61.02006149291992
168.92288208007812	49.82124710083008	90.86045837402344	60.573646545410156
175.6083526611328	41.40394973754883	91.50167846679688	61.001129150390625
179.42425537109375	35.2319221496582	91.9687728881836	61.312522888183594
183.46670532226562	31.562997817993164	92.53053283691406	61.687034606933594
187.18878173828125	32.53997802734375	93.20176696777344	62.134521484375
186.84805297851562	30.969989776611328	94.6504135131836	63.10028839111328
175.0	46.0	104.0	69.0
174.0	57.0	104.0	68.0
168.0	63.0	111.0	73.0
161.0	76.0	117.0	69.0
161.0	86.0	112.0	70.0
155.0	91.0	114.0	71.0
154.0	93.0	115.0	71.0
154.0	91.0	117.0	70.0
156.0	87.0	123.0	73.0
158.0	78.0	123.0	69.0
161.0	67.0	125.0	85.0
165.0	66.0	122.0	83.0
166.0	62.0	120.0	77.0
163.0	64.0	125.0	76.0
158.0	61.0	129.0	90.0
155.0	60.0	134.0	93.0
156.0	64.0	128.0	86.0
149.0	65.0	137.0	87.0
149.0	63.0	139.0	89.0
145.0	64.0	146.0	89.0
146.0	63.0	142.0	85.0
139.0	62.0	154.0	85.0
144.0	62.0	145.0	85.0
143.90426635742188	45.19765090942383	145.36105346679688	85.2116470336914
146.7168426513672	40.912715911865234	142.2425537109375	83.38356018066406
144.70745849609375	39.98896026611328	142.25091552734375	83.38846588134766
145.52073669433594	41.20033645629883	142.06797790527344	83.28123474121094
143.09146118164062	41.032310485839844	141.12997436523438	82.73136901855469
144.39016723632812	37.364906311035156	142.3992919921875	83.47545623779297
146.10365295410156	38.8580436706543	140.9329376220703	82.6158676147461
147.7304229736328	37.47753143310547	140.35037231445312	82.27436065673828
153.0	48.0	134.0	80.0
153.8152618408203	38.3321647644043	135.30284118652344	80.77781677246094
149.56471252441406	34.52968978881836	136.3449249267578	81.39995574951172
151.95748901367188	32.54615783691406	134.5779571533203	80.34504699707031
155.20655822753906	35.77273178100586	132.39498901367188	79.04178619384766
155.8061981201172	33.61414337158203	132.67576599121094	79.20941162109375
154.3625946044922	37.693599700927734	130.80709838867188	78.09378814697266
150.90550231933594	37.652427673339844	132.17767333984375	78.91204833984375
153.8784942626953	36.591644287109375	129.73025512695312	77.45091247558594
155.5529022216797	37.67963790893555	130.38092041015625	77.83937072753906
152.45285034179688	38.77645492553711	130.46717834472656	77.89085388183594
153.61941528320312	38.86151885986328	129.93875122070312	77.57537078857422
154.09027099609375	39.483367919921875	130.26263427734375	77.76873016357422
152.0	51.0	138.0	87.0
152.0	50.0	139.0	88.0
154.0	52.0	143.0	88.0
161.0	56.0	135.0	84.0
162.0	56.0	132.0	84.0
163.0	55.0	132.0	83.0
164.0	56.0	132.0	83.0
165.0	59.0	131.0	79.0
164.0	57.0	132.0	82.0
163.0	61.0	132.0	77.0
165.0	56.0	128.0	80.0
165.0	62.0	127.0	73.0
174.0	63.0	116.0	68.0
173.0	60.0	117.0	72.0
169.0	62.0	119.0	71.0
168.0	60.0	116.0	74.0
172.0	60.0	109.0	71.0
171.0	58.0	110.0	71.0
174.0	54.0	106.0	73.0
173.0	53.0	107.0	71.0
174.0	53.0	106.0	70.0
174.0	52.0	106.0	71.0
175.0	51.0	105.0	71.0
175.0	52.0	105.0	70.0
177.0	53.0	102.0	69.0
176.0	55.0	103.0	68.0
173.0	57.0	103.0	66.0
174.0	58.0	99.0	63.0
172.0	55.0	99.0	64.0
171.0	56.0	98.0	60.0
174.0	53.0	94.0	61.0
176.0	54.0	91.0	58.0
174.0	54.0	93.0	57.0
175.0	54.0	92.0	57.0
177.0	56.0	91.0	56.0
176.0	58.0	92.0	57.0
177.0	60.0	93.0	59.0
179.0	63.0	94.0	60.0
180.0	67.0	95.0	59.0
178.0	68.0	102.0	64.0
187.0	77.0	98.0	62.0
189.0	80.0	101.0	62.0
192.0	82.0	107.0	65.0
202.0	86.0	102.0	63.0
191.0	91.0	119.0	68.0
181.0	89.0	138.0	81.0
193.0	94.0	126.0	80.0
196.0	94.0	126.0	84.0
198.0	96.0	123.0	84.0
196.0	98.0	129.0	85.0
194.0	98.0	134.0	86.0
192.0	97.0	140.0	89.0
194.0	96.0	137.0	90.0
192.0	96.0	139.0	90.0
187.0	96.0	145.0	91.0
182.0	92.0	151.0	94.0
181.0	88.0	153.0	100.0
183.0	89.0	151.0	97.0
177.0	85.0	159.0	103.0
181.0	89.0	151.0	98.0
179.0	88.0	153.0	99.0
175.0	87.0	157.0	97.0
179.0	85.0	155.0	97.0
178.0	83.0	156.0	101.0
177.0	79.0	160.0	104.0
196.0	76.0	135.0	94.0
196.0	69.0	144.0	98.0
202.0	64.0	136.0	90.0
208.0	59.0	129.0	83.0
206.0	60.0	130.0	81.0
202.0	58.0	132.0	83.0
202.0	59.0	129.0	81.0
203.0	60.0	126.0	78.0
204.0	57.0	119.0	77.0
204.0	57.0	115.0	73.0
206.0	62.0	112.0	67.0
203.0	62.0	110.0	66.0
202.0	65.0	104.0	65.0
200.0	68.0	103.0	64.0
198.0	70.0	100.0	62.0
195.0	71.0	100.0	65.0
196.0	73.0	98.0	63.0
194.0	75.0	97.0	63.0
191.0	76.0	97.0	63.0
189.0	76.0	97.0	63.0
193.0	71.0	96.0	62.0
198.0	64.0	94.0	57.0
196.0	48.0	100.0	64.0
196.0	38.0	104.0	62.0
202.0	31.0	101.0	59.0
205.0	25.0	98.0	61.0
205.0	23.0	98.0	56.0
200.0	18.0	104.0	62.0
199.0	13.0	103.0	64.0
200.0	14.0	99.0	62.0
196.0	14.0	102.0	63.0
196.0	22.0	100.0	58.0
193.0	31.0	99.0	59.0
187.0	41.0	98.0	60.0
180.0	51.0	98.0	63.0
171.0	64.0	99.0	64.0
166.0	73.0	98.0	64.0
162.0	86.0	92.0	61.0
154.0	95.0	99.0	61.0
152.0	98.0	99.0	61.0
155.0	100.0	97.0	58.0
158.0	95.0	98.0	63.0
160.0	94.0	104.0	63.0
165.0	92.0	104.0	66.0
167.0	91.0	106.0	68.0
168.0	87.0	110.0	71.0
172.0	84.0	109.0	73.0
172.0	81.0	111.0	71.0
165.0	79.0	125.0	72.0
157.0	70.0	135.0	84.0
176.0	69.0	118.0	78.0
185.0	67.0	108.0	74.0
192.0	66.0	104.0	66.0
197.0	63.0	99.0	64.0
193.0	52.0	105.0	71.0
194.0	53.0	96.0	66.0
194.0	49.0	95.0	65.0
191.0	51.0	94.0	63.0
99.0	98.0	89.0	58.0
100.0	98.0	89.0	58.0
98.0	98.0	92.0	58.0
98.0	97.0	91.0	58.0
99.0	97.0	90.0	58.0
99.0	98.0	90.0	57.0
98.0	97.0	92.0	58.0
99.0	98.0	90.0	58.0
96.0	97.0	93.0	59.0
98.0	97.0	92.0	59.0
98.0	98.0	92.0	58.0
99.0	98.0	90.0	59.0
100.0	99.0	88.0	57.0
98.0	99.0	90.0	58.0
193.0	50.0	99.0	62.0
187.0	53.0	102.0	59.0
178.0	50.0	103.0	66.0
176.0	51.0	102.0	66.0
176.0	50.0	100.0	66.0
175.0	51.0	101.0	63.0
178.0	51.0	98.0	64.0
179.0	53.0	99.0	62.0
182.0	51.0	97.0	62.0
182.0	45.0	103.0	62.0
192.0	36.0	97.0	57.0
189.70401000976562	0.3069046139717102	98.18604278564453	57.69694900512695
190.58216857910156	-2.7331013679504395	100.3018798828125	58.940277099609375
182.09463500976562	0.984139621257782	98.99169921875	58.170379638671875
174.1250457763672	7.273054599761963	99.51728820800781	58.47922897338867
185.0777130126953	2.578233003616333	99.81271362304688	58.65283203125
187.4193115234375	-0.7314532995223999	98.3622055053711	57.80047607421875
189.76254272460938	17.691925048828125	97.77046203613281	57.45275115966797
183.0	38.0	100.0	62.0
187.0	50.0	96.0	61.0
183.0	62.0	98.0	60.0
171.0	71.0	112.0	75.0
173.0	80.0	105.0	65.0
175.0	90.0	98.0	64.0
171.0	97.0	100.0	67.0
168.0	103.0	103.0	67.0
166.0	106.0	104.0	69.0
168.0	108.0	102.0	70.0
170.0	110.0	100.0	71.0
170.0	109.0	100.0	72.0
171.0	108.0	102.0	74.0
173.0	108.0	101.0	72.0
172.0	108.0	102.0	69.0
174.0	108.0	99.0	64.0
179.0	105.0	97.0	62.0
180.0	100.0	99.0	63.0
183.0	97.0	99.0	63.0
99.0	99.0	91.0	58.0
98.0	100.0	91.0	57.0
99.0	100.0	91.0	57.0
174.0	84.0	102.0	62.0
174.0	83.0	98.0	62.0
176.0	83.0	93.0	57.0
176.0	75.0	93.0	57.0
178.0	68.0	92.0	57.0
178.0	60.0	94.0	60.0
181.0	53.0	93.0	56.0
181.0	49.0	95.0	57.0
184.0	41.0	94.0	60.0
186.0	39.0	93.0	57.0
185.0	39.0	94.0	55.0
184.0	40.0	95.0	55.0
182.0	42.0	95.0	61.0
181.0	54.0	93.0	55.0
175.0	61.0	94.0	61.0
167.0	71.0	96.0	59.0
163.0	82.0	93.0	58.0
95.0	98.0	97.0	58.0
122.26005554199219	97.87493896484375	97.93106842041016	58.55672073364258
150.0	105.0	100.0	73.0
150.0	107.0	97.0	71.0
151.0	105.0	99.0	74.0
157.0	105.0	125.0	78.0
162.0	105.0	107.0	63.0
171.0	104.0	103.0	63.0
181.0	103.0	99.0	65.0
186.0	105.0	100.0	63.0
188.0	106.0	101.0	63.0
186.0	108.0	106.0	62.0
190.0	111.0	103.0	62.0
193.0	110.0	103.0	62.0
190.0	107.0	110.0	63.0
202.0	97.0	103.0	67.0
209.0	85.0	104.0	61.0
211.0	71.0	105.0	66.0
219.0	57.0	100.0	64.0
223.0	38.0	101.0	59.0
225.0	22.0	102.0	61.0
228.0	14.0	99.0	61.0
226.0	9.0	99.0	63.0
222.0	12.0	98.0	62.0
215.0	20.0	101.0	60.0
212.0	23.0	101.0	61.0
207.0	39.0	98.0	55.0
198.0	44.0	99.0	62.0
192.0	56.0	96.0	59.0
181.0	63.0	100.0	63.0
171.0	75.0	100.0	62.0
163.0	85.0	98.0	61.0
158.0	94.0	96.0	61.0
153.0	98.0	97.0	63.0
152.0	101.0	93.0	68.0
142.0	103.0	100.0	69.0
138.0	101.0	98.0	70.0
137.0	99.0	94.0	66.0
132.0	99.0	95.0	63.0
121.0	98.0	96.0	66.0
112.0	101.0	96.0	70.0
105.0	106.0	98.0	65.0
105.0	103.0	99.0	68.0
105.0	100.0	99.0	68.0
108.0	95.0	98.0	64.0
114.0	86.0	96.0	67.0
122.0	76.0	95.0	63.0
128.0	64.0	96.0	62.0
135.0	52.0	96.0	60.0
143.0	39.0	95.0	61.0
148.0	31.0	94.0	55.0
152.0	43.0	100.0	62.0
149.0	59.0	98.0	59.0
145.0	71.0	96.0	61.0
140.0	81.0	96.0	63.0
141.0	82.0	98.0	64.0
147.0	78.0	96.0	61.0
157.0	71.0	98.0	61.0
164.0	60.0	101.0	66.0
175.0	50.0	102.0	64.0
185.0	43.0	103.0	60.0
206.0	45.0	110.0	68.0
205.0	58.0	111.0	68.0
207.0	74.0	102.0	65.0
191.0	109.0	114.0	67.0
202.0	111.0	110.0	64.0
225.0	102.0	112.0	69.0
235.0	92.0	132.0	76.0
246.0	81.0	109.0	74.0
261.0	54.0	113.0	70.0
272.0	40.0	108.0	71.0
277.0	37.0	108.0	67.0
275.0	39.0	107.0	69.0
272.0	48.0	109.0	66.0
256.0	68.0	113.0	66.0
254.0	74.0	112.0	69.0
240.0	95.0	117.0	72.0
238.0	103.0	118.0	67.0
236.0	104.0	110.0	69.0
246.0	86.0	113.0	71.0
250.0	81.0	114.0	72.0
249.0	57.0	124.0	79.0
250.0	53.0	123.0	80.0
246.0	54.0	129.0	83.0
227.0	77.0	121.0	80.0
218.0	81.0	127.0	82.0
194.0	98.0	125.0	75.0
186.0	104.0	124.0	73.0
186.0	106.0	116.0	80.0
183.0	105.0	117.0	82.0
178.0	103.0	117.0	84.0
174.0	100.0	119.0	87.0
174.0	104.0	116.0	83.0
171.0	106.0	116.0	84.0
171.0	106.0	114.0	84.0
172.0	107.0	112.0	81.0
178.0	81.0	116.0	79.0
