96.0	68.0	28.0	73.0
98.0	69.0	27.0	71.0
98.0	68.0	28.0	71.0
99.0	68.0	27.0	71.0
100.0	67.0	27.0	72.0
102.0	65.0	26.0	73.0
102.0	64.0	27.0	75.0
103.0	64.0	27.0	72.0
104.0	64.0	26.0	71.0
105.0	63.0	28.0	71.0
106.0	61.0	28.0	72.0
108.0	62.0	26.0	72.0
108.0	62.0	27.0	72.0
110.0	62.0	26.0	70.0
110.0	60.0	27.0	73.0
113.0	61.0	25.0	70.0
114.0	60.0	27.0	69.0
113.0	60.0	28.0	73.0
115.0	58.0	26.0	70.0
116.0	58.0	26.0	64.0
117.0	57.0	26.0	65.0
118.0	57.0	26.0	64.0
119.0	57.0	27.0	67.0
119.0	57.0	27.0	67.0
121.0	61.0	26.0	66.0
121.0	63.0	27.0	64.0
122.0	64.0	26.0	65.0
122.0	66.0	26.0	65.0
123.0	67.0	26.0	66.0
123.0	67.0	26.0	67.0
125.0	69.0	25.0	64.0
125.0	69.0	25.0	67.0
126.0	71.0	25.0	65.0
127.0	72.0	24.0	63.0
128.0	74.0	24.0	62.0
128.0	77.0	26.0	66.0
129.0	80.0	26.0	63.0
130.0	80.0	25.0	65.0
131.0	81.0	25.0	67.0
130.0	81.0	28.0	70.0
132.0	83.0	27.0	74.0
134.0	84.0	26.0	72.0
137.0	87.0	25.0	69.0
137.0	91.0	25.0	64.0
137.0	88.0	26.0	67.0
138.0	90.0	25.0	67.0
139.0	90.0	24.0	64.0
141.0	90.0	22.0	58.0
141.0	90.0	23.0	61.0
141.0	90.0	22.0	61.0
142.0	92.0	22.0	58.0
143.0	90.0	23.0	60.0
140.34146118164062	94.42268371582031	22.906747817993164	59.75673294067383
140.28819274902344	95.53318786621094	22.9378719329834	59.837928771972656
140.76596069335938	97.82820892333984	22.86896324157715	59.658164978027344
142.69686889648438	98.82980346679688	22.203731536865234	57.92277145385742
147.0	85.0	22.0	62.0
149.0	83.0	20.0	59.0
149.0	86.0	22.0	58.0
149.0	82.0	23.0	62.0
147.0	81.0	24.0	63.0
148.0	81.0	24.0	63.0
149.0	81.0	25.0	64.0
150.0	81.0	23.0	64.0
149.0	80.0	25.0	69.0
150.0	80.0	26.0	69.0
150.0	81.0	26.0	69.0
148.6658172607422	85.37542724609375	25.538761138916016	67.77594757080078
153.0	83.0	24.0	57.0
153.0	81.0	25.0	63.0
153.0	81.0	25.0	63.0
154.0	81.0	25.0	65.0
154.0	81.0	26.0	63.0
155.0	82.0	24.0	59.0
156.0	82.0	24.0	59.0
156.0	81.0	25.0	63.0
157.0	80.0	24.0	62.0
158.0	80.0	24.0	62.0
160.0	80.0	22.0	60.0
160.0	80.0	22.0	58.0
159.0	77.0	25.0	61.0
160.0	76.0	25.0	61.0
161.0	77.0	24.0	60.0
160.0	75.0	26.0	62.0
161.0	73.0	26.0	64.0
163.0	72.0	25.0	64.0
164.0	73.0	24.0	59.0
164.0	71.0	25.0	61.0
164.0	72.0	25.0	61.0
164.0	72.0	25.0	63.0
165.0	72.0	25.0	63.0
165.0	72.0	25.0	64.0
165.0	72.0	26.0	67.0
165.0	73.0	27.0	68.0
165.0	72.0	26.0	71.0
165.0	74.0	26.0	69.0
164.0	74.0	27.0	71.0
164.0	75.0	27.0	73.0
164.0	76.0	28.0	74.0
163.0	76.0	28.0	74.0
164.0	77.0	26.0	68.0
163.0	78.0	26.0	72.0
162.0	79.0	27.0	71.0
162.0	79.0	26.0	71.0
162.0	78.0	26.0	70.0
162.0	79.0	26.0	71.0
161.0	78.0	26.0	72.0
162.0	78.0	25.0	68.0
163.0	77.0	24.0	68.0
161.3389129638672	80.44062805175781	24.1652774810791	68.46829223632812
163.0	78.0	23.0	59.0
162.0	78.0	22.0	59.0
160.48641967773438	80.54019165039062	22.367816925048828	59.986419677734375
160.20614624023438	80.62300109863281	22.396738052368164	60.06398391723633
159.32412719726562	82.11018371582031	22.43539047241211	60.16765213012695
159.0	80.0	25.0	61.0
158.0	80.0	25.0	59.0
157.8896484375	80.45848083496094	25.322484970092773	59.76105880737305
157.8578643798828	79.03683471679688	24.713830947875977	58.32463455200195
156.22503662109375	78.93467712402344	25.044116973876953	59.1041145324707
160.0	84.0	20.0	51.0
160.91236877441406	84.65303039550781	19.81595802307129	50.53069305419922
160.32534790039062	88.35176086425781	19.36550521850586	49.38203048706055
160.69351196289062	87.55536651611328	21.104917526245117	51.90404510498047
162.0	74.0	22.0	62.0
161.72434997558594	76.69743347167969	21.768848419189453	61.34857940673828
161.0	75.0	24.0	57.0
161.32052612304688	78.31199645996094	24.213642120361328	57.50740432739258
160.57180786132812	79.7517318725586	24.716121673583984	58.7007942199707
160.67796325683594	82.23152160644531	24.863218307495117	59.05015182495117
159.8468475341797	76.77572631835938	25.261064529418945	59.99504470825195
164.0	75.0	21.0	55.0
163.0	77.0	22.0	55.0
163.0	75.0	22.0	59.0
163.0	77.0	23.0	57.0
163.0	76.0	23.0	59.0
163.0	76.0	23.0	60.0
164.0	77.0	22.0	60.0
163.0	78.0	22.0	59.0
164.0	78.0	23.0	61.0
164.0	79.0	22.0	57.0
164.0	79.0	22.0	58.0
164.0	80.0	22.0	55.0
163.0	79.0	23.0	59.0
163.0	81.0	23.0	59.0
163.0	81.0	23.0	59.0
163.0	82.0	23.0	60.0
163.0	83.0	23.0	62.0
162.0	81.0	24.0	64.0
162.0	81.0	24.0	66.0
162.0	83.0	24.0	66.0
162.0	83.0	24.0	61.0
161.0	83.0	25.0	64.0
162.0	84.0	23.0	63.0
162.0	82.0	24.0	61.0
162.78628540039062	82.50720977783203	23.910457611083984	60.77241897583008
162.1439666748047	83.75535583496094	23.85498046875	60.63141632080078
160.6779022216797	85.71539306640625	24.218460083007812	61.555259704589844
161.6800537109375	86.09232330322266	24.356351852416992	61.905731201171875
161.049560546875	84.61509704589844	23.926971435546875	60.81439208984375
160.0	83.0	24.0	57.0
158.04148864746094	84.2408218383789	24.30733871459961	57.72993087768555
157.9993438720703	83.07392883300781	24.234384536743164	57.55665969848633
158.69436645507812	78.9388427734375	24.261066436767578	57.620033264160156
156.230712890625	81.51082611083984	24.079708099365234	57.189308166503906
156.2086944580078	79.47734069824219	24.32876968383789	57.78082275390625
155.05740356445312	77.74699401855469	24.803682327270508	58.90873336791992
156.12167358398438	76.0699234008789	24.489498138427734	58.16254806518555
157.36148071289062	71.58503723144531	24.514801025390625	58.2226448059082
156.13612365722656	73.9122543334961	24.687498092651367	58.6328010559082
157.75930786132812	72.95033264160156	24.59735679626465	58.4187126159668
157.15243530273438	70.69532012939453	24.673355102539062	58.599205017089844
157.8299102783203	72.30817413330078	24.565502166748047	58.343055725097656
156.0	75.0	23.0	60.0
159.0	74.0	21.0	55.0
155.0	73.0	26.0	63.0
155.0	73.0	25.0	63.0
157.0	75.0	23.0	59.0
159.0	74.0	23.0	58.0
160.0	74.0	22.0	54.0
160.0	74.0	22.0	57.0
160.0	72.0	22.0	59.0
160.0	72.0	23.0	58.0
161.0	72.0	22.0	60.0
159.0	72.0	23.0	58.0
160.0	71.0	22.0	59.0
160.0	72.0	22.0	58.0
160.0	72.0	22.0	56.0
161.0	71.0	22.0	56.0
161.0	73.0	22.0	54.0
162.0	73.0	22.0	54.0
162.0	74.0	22.0	53.0
163.0	74.0	21.0	54.0
163.0	74.0	23.0	55.0
164.0	74.0	23.0	55.0
165.0	73.0	22.0	56.0
166.0	72.0	22.0	58.0
166.0	72.0	23.0	59.0
166.0	71.0	23.0	60.0
167.0	71.0	23.0	59.0
167.0	73.0	23.0	58.0
167.0	71.0	24.0	61.0
168.0	72.0	23.0	59.0
168.0	73.0	24.0	60.0
169.0	75.0	22.0	57.0
170.0	77.0	21.0	54.0
170.0	77.0	22.0	54.0
171.0	78.0	21.0	52.0
172.0	79.0	20.0	49.0
172.0	80.0	20.0	48.0
172.0764923095703	81.68965148925781	19.969572067260742	47.92697525024414
172.0	80.0	21.0	49.0
172.09840393066406	77.6262435913086	20.813919067382812	48.56581115722656
172.0	77.0	22.0	49.0
171.6807861328125	77.05583953857422	22.506093978881836	50.1272087097168
173.0	78.0	21.0	48.0
171.89572143554688	80.30979919433594	21.543380737304688	49.24201202392578
171.1160430908203	77.24909973144531	21.905105590820312	50.068809509277344
172.1581268310547	77.03338623046875	22.317625045776367	51.01171112060547
171.8919677734375	77.36204528808594	22.669008255004883	51.81487274169922
172.54446411132812	79.08654022216797	22.717836380004883	51.926475524902344
173.1426544189453	78.19829559326172	22.771093368530273	52.0482063293457
174.34349060058594	77.18080139160156	22.715396881103516	51.9208984375
175.5040283203125	78.35789489746094	22.647539138793945	51.76579666137695
176.3590087890625	78.88607025146484	22.73330307006836	51.961830139160156
176.5951690673828	76.49517822265625	22.869394302368164	52.27289962768555
176.82064819335938	73.49980163574219	22.745906829833984	51.990638732910156
176.97048950195312	71.9504623413086	22.626506805419922	51.71773147583008
178.39028930664062	74.3837890625	22.87862777709961	52.29401397705078
178.5902862548828	71.68858337402344	22.783138275146484	52.07575225830078
178.24362182617188	71.89990234375	23.067476272583008	52.725669860839844
179.0797576904297	68.87618255615234	23.039459228515625	52.6616325378418
180.239990234375	64.72047424316406	23.384620666503906	53.4505729675293
178.98687744140625	66.0448226928711	23.26277732849121	53.17207717895508
179.6273193359375	65.6300277709961	23.676027297973633	54.11664962768555
180.45506286621094	62.813262939453125	23.900989532470703	54.63085174560547
180.33828735351562	62.087799072265625	23.5756778717041	53.88728713989258
180.5529022216797	60.38268280029297	24.054332733154297	54.981361389160156
179.89794921875	61.28239059448242	24.04339599609375	54.95635986328125
181.65115356445312	62.639549255371094	24.14059829711914	55.17853546142578
182.2297821044922	60.884246826171875	23.926578521728516	54.68935012817383
183.0	63.0	21.0	54.0
182.01327514648438	63.104530334472656	21.133502960205078	54.343292236328125
184.0	62.0	21.0	52.0
184.0	60.0	22.0	54.0
184.0	60.0	22.0	55.0
183.0	59.0	23.0	54.0
181.0	59.0	25.0	53.0
182.46142578125	59.626747131347656	24.667495727539062	52.29508590698242
183.86361694335938	56.751930236816406	24.75363540649414	52.477699279785156
182.0	59.0	24.0	48.0
182.0	58.0	24.0	48.0
181.6394805908203	61.83489227294922	23.91733169555664	47.83466339111328
181.33738708496094	61.12345504760742	24.33583641052246	48.67167282104492
181.0754852294922	63.88087844848633	24.162328720092773	48.32465744018555
181.81060791015625	61.9676399230957	24.1987361907959	48.3974723815918
182.0	57.0	23.0	54.0
183.0	57.0	21.0	41.0
183.65805053710938	63.51994705200195	21.474567413330078	41.92653274536133
182.5436248779297	63.02558517456055	21.54183578491211	42.057865142822266
181.15492248535156	62.666847229003906	21.960315704345703	42.87489700317383
181.26565551757812	63.348663330078125	22.108253479003906	43.163726806640625
183.0	53.0	21.0	43.0
180.7914581298828	61.151283264160156	21.278757095336914	43.57078552246094
181.89344787597656	51.04364776611328	21.373493194580078	43.76476287841797
181.0	51.0	21.0	47.0
182.2425079345703	50.302635192871094	20.943260192871094	46.87301254272461
181.35855102539062	50.497230529785156	20.891132354736328	46.756343841552734
182.18862915039062	50.39963150024414	20.698026657104492	46.32415771484375
181.46853637695312	50.156288146972656	20.616519927978516	46.1417350769043
180.79302978515625	49.97449493408203	20.766292572021484	46.47693634033203
180.76637268066406	50.29209899902344	20.8493709564209	46.662879943847656
180.0	45.0	20.0	54.0
179.0	46.0	21.0	51.0
180.0	46.0	20.0	50.0
180.0	46.0	20.0	52.0
179.0	45.0	21.0	53.0
179.0	46.0	21.0	52.0
178.0	45.0	22.0	55.0
178.0	45.0	20.0	57.0
179.0	45.0	19.0	54.0
