259.0	127.0	23.0	59.0
261.0	129.0	19.0	56.0
258.0	129.0	21.0	56.0
259.0	129.0	21.0	57.0
260.0	132.0	19.0	54.0
259.0	130.0	20.0	58.0
258.0	135.0	18.0	53.0
258.0	135.0	18.0	53.0
257.0	134.0	19.0	54.0
258.0	133.0	18.0	54.0
258.0	133.0	18.0	52.0
257.0	127.0	18.0	58.0
257.0	127.0	19.0	58.0
258.0	128.0	19.0	55.0
258.0	123.0	19.0	57.0
257.0	118.0	21.0	60.0
258.0	118.0	19.0	54.0
257.0	115.0	20.0	56.0
256.0	114.0	21.0	53.0
259.0	109.0	19.0	54.0
257.0	109.0	20.0	57.0
260.0	107.0	18.0	51.0
261.0	105.0	18.0	50.0
260.0	102.0	20.0	56.0
261.0	101.0	19.0	52.0
263.0	100.0	18.0	49.0
263.0	101.0	20.0	58.0
264.0	99.0	20.0	59.0
264.0	98.0	20.0	58.0
266.0	97.0	19.0	52.0
266.0	95.0	21.0	57.0
269.0	94.0	20.0	55.0
269.0	95.0	22.0	54.0
272.0	95.0	19.0	54.0
269.0	92.0	23.0	59.0
272.0	90.0	23.0	61.0
274.0	91.0	22.0	58.0
276.0	90.0	21.0	57.0
277.0	89.0	21.0	58.0
279.0	90.0	20.0	57.0
280.0	90.0	20.0	56.0
281.0	88.0	20.0	58.0
281.0	87.0	20.0	57.0
283.0	89.0	19.0	56.0
282.0	88.0	21.0	59.0
283.0	87.0	21.0	59.0
286.0	89.0	21.0	58.0
284.0	89.0	22.0	59.0
282.0	86.0	24.0	66.0
282.0	87.0	24.0	70.0
281.0	89.0	21.0	61.0
282.232421875	88.21077728271484	20.63613510131836	59.94306564331055
281.0	87.0	23.0	69.0
282.0	90.0	21.0	64.0
281.0	90.0	21.0	67.0
281.0	90.0	20.0	64.0
280.0	89.0	21.0	66.0
281.0	89.0	20.0	64.0
282.0	89.0	21.0	61.0
284.0	90.0	21.0	59.0
285.0	89.0	21.0	62.0
286.0	87.0	22.0	63.0
286.0	86.0	22.0	63.0
287.0	87.0	22.0	61.0
290.0	87.0	19.0	57.0
289.0	88.0	21.0	57.0
291.0	90.0	21.0	55.0
292.0	87.0	21.0	58.0
294.0	91.0	19.0	52.0
295.0	90.0	19.0	53.0
295.0	86.0	20.0	59.0
295.0	90.0	21.0	54.0
296.0	88.0	20.0	59.0
296.0	89.0	20.0	56.0
297.0	87.0	21.0	60.0
298.0	84.0	20.0	58.0
300.0	86.0	20.0	53.0
301.0	83.0	20.0	54.0
300.75341796875	83.32605743408203	19.87447738647461	53.66109085083008
303.0	90.0	21.0	49.0
301.0	89.0	24.0	57.0
305.0	86.0	21.0	56.0
304.2880554199219	82.96757507324219	20.932952880859375	55.82120895385742
306.0	83.0	21.0	60.0
308.0	83.0	20.0	57.0
307.0	82.0	21.0	55.0
309.0	81.0	20.0	58.0
310.0	78.0	20.0	53.0
312.0	77.0	19.0	54.0
312.0	74.0	21.0	63.0
313.0	80.0	21.0	49.0
313.0	76.0	21.0	55.0
315.0	76.0	20.0	56.0
316.0	76.0	20.0	54.0
316.0	76.0	21.0	56.0
317.0	77.0	20.0	52.0
311.0	75.0	26.0	58.0
314.0	75.0	24.0	59.0
316.0	74.0	22.0	56.0
317.0	75.0	20.0	54.0
318.0	74.0	20.0	52.0
317.0	76.0	22.0	54.0
317.0	76.0	23.0	54.0
317.0	76.0	20.0	58.0
316.0	74.0	22.0	59.0
314.3512878417969	71.47564697265625	19.388280868530273	59.46946716308594
315.0	74.0	20.0	50.0
316.0	78.0	20.0	49.0
315.0	77.0	20.0	51.0
316.0	79.0	18.0	47.0
316.0	78.0	19.0	46.0
315.0	79.0	19.0	46.0
316.0	82.0	19.0	44.0
315.0	80.0	19.0	48.0
312.0	79.0	21.0	56.0
310.0	76.0	23.0	68.0
310.0	79.0	22.0	62.0
310.0	79.0	23.0	60.0
311.0	79.0	22.0	57.0
312.0	78.0	20.0	56.0
311.0	79.0	21.0	64.0
311.0	78.0	21.0	63.0
310.0	76.0	21.0	68.0
309.0	73.0	21.0	66.0
306.0	75.0	23.0	64.0
308.0	78.0	21.0	62.0
309.0	80.0	20.0	58.0
309.0	77.0	21.0	65.0
309.0	78.0	19.0	55.0
308.0	77.0	22.0	59.0
307.9700012207031	76.67449951171875	21.765348434448242	58.37070846557617
309.0	74.0	21.0	66.0
308.0	76.0	22.0	61.0
306.8478088378906	75.5503158569336	21.55972671508789	59.77924728393555
308.0633239746094	76.77552795410156	21.416675567626953	59.382606506347656
310.0	80.0	20.0	53.0
309.0	81.0	21.0	54.0
310.0	83.0	19.0	53.0
309.0	83.0	21.0	54.0
308.0	83.0	22.0	59.0
308.0	83.0	21.0	61.0
309.0	83.0	19.0	56.0
308.0	83.0	20.0	58.0
308.0	84.0	20.0	57.0
308.0	82.0	20.0	58.0
307.0	81.0	21.0	60.0
307.0	80.0	20.0	59.0
306.0	81.0	21.0	62.0
305.0	81.0	22.0	67.0
305.0	79.0	22.0	68.0
305.0	78.0	22.0	70.0
304.0	79.0	23.0	70.0
300.0	77.0	27.0	78.0
301.0	77.0	26.0	81.0
301.0	80.0	25.0	70.0
303.0	80.0	23.0	68.0
302.0	79.0	23.0	67.0
301.0	78.0	23.0	68.0
303.0	78.0	21.0	65.0
302.0	78.0	23.0	67.0
300.0	77.0	26.0	75.0
299.816162109375	71.17948150634766	26.029541015625	75.08522033691406
300.343017578125	71.27713775634766	25.522058486938477	73.62132263183594
303.0	76.0	22.0	63.0
301.4804992675781	73.48686218261719	21.715198516845703	62.18442916870117
303.0	79.0	23.0	64.0
303.0931701660156	75.69571685791016	23.139699935913086	64.38874053955078
306.0	80.0	20.0	51.0
304.8677062988281	77.1378173828125	19.867752075195312	50.66276931762695
304.2037048339844	78.69123840332031	20.28882598876953	51.73650360107422
304.78155517578125	79.11759185791016	19.857643127441406	50.63698196411133
302.0	80.0	23.0	61.0
303.0	76.0	22.0	64.0
304.0	76.0	21.0	62.0
302.0	78.0	22.0	60.0
303.0	76.0	22.0	61.0
304.0	76.0	22.0	60.0
305.0	75.0	22.0	61.0
305.0	76.0	21.0	62.0
306.0	79.0	20.0	56.0
307.0	77.0	21.0	61.0
307.0	79.0	20.0	58.0
308.0	78.0	19.0	59.0
309.0	77.0	18.0	57.0
308.0	79.0	20.0	56.0
305.6882629394531	82.48503875732422	19.70562744140625	55.175758361816406
304.3067321777344	79.01701354980469	19.735363006591797	55.25901412963867
309.0	85.0	19.0	46.0
306.314453125	81.74977111816406	18.87765121459961	45.703792572021484
305.24664306640625	81.17404174804688	19.117141723632812	46.28361129760742
305.775390625	81.31950378417969	19.051013946533203	46.123512268066406
304.9569091796875	82.69049072265625	19.11966323852539	46.28972244262695
305.33087158203125	83.1473159790039	19.01949119567871	46.047203063964844
305.1080627441406	82.95117950439453	19.000844955444336	46.0020637512207
304.95745849609375	83.2392807006836	19.174724578857422	46.42304229736328
305.42803955078125	82.85662841796875	19.203624725341797	46.493003845214844
309.0	88.0	17.0	37.0
307.7566833496094	87.760498046875	17.16354751586914	37.35595703125
312.0	91.0	13.0	32.0
309.0	90.0	15.0	29.0
308.0435791015625	87.62139892578125	15.147326469421387	29.284832000732422
308.794921875	86.99007415771484	15.368280410766602	29.712005615234375
307.9207763671875	85.91875457763672	15.257214546203613	29.49728012084961
308.1120910644531	85.58338928222656	15.258641242980957	29.50004005432129
307.8872985839844	86.27218627929688	15.225606918334961	29.436176300048828
303.0	87.0	22.0	39.0
302.84423828125	85.30838775634766	22.208179473876953	39.369041442871094
301.517333984375	86.68682861328125	22.516925811767578	39.91636276245117
302.24566650390625	86.4267578125	22.445669174194336	39.79004669189453
303.3780212402344	88.21623992919922	22.30180549621582	39.53501510620117
301.6985778808594	88.77705383300781	22.230789184570312	39.409122467041016
299.84228515625	88.97245788574219	21.996530532836914	38.99384307861328
299.5484619140625	89.48728942871094	21.859050750732422	38.75012969970703
301.3245849609375	90.45225524902344	21.661710739135742	38.40030288696289
300.7415466308594	90.1637191772461	21.803142547607422	38.651023864746094
301.63189697265625	91.2165298461914	21.817630767822266	38.67671203613281
301.8998107910156	92.02770233154297	21.60309410095215	38.2963981628418
301.2317199707031	91.56861114501953	21.656978607177734	38.39191818237305
301.00213623046875	93.05152893066406	21.24116325378418	37.65479278564453
300.7876281738281	93.953857421875	21.0740909576416	37.358619689941406
300.7263488769531	93.81704711914062	21.12826156616211	37.454647064208984
301.45928955078125	94.1889877319336	20.875802993774414	37.007102966308594
301.6982421875	91.30644989013672	20.829837799072266	36.92561721801758
302.0990295410156	93.01195526123047	20.90943717956543	37.06673049926758
303.81280517578125	95.3783950805664	20.795499801635742	36.86475372314453
301.9598083496094	96.36063385009766	21.022090911865234	37.266441345214844
300.3594665527344	98.74995422363281	20.902009963989258	37.05356979370117
301.5044860839844	103.0819320678711	20.49172592163086	36.32624816894531
287.434814453125	105.62651062011719	20.505264282226562	36.350242614746094
281.9868469238281	100.74884033203125	20.864696502685547	36.98741912841797
268.2768249511719	104.63536071777344	21.058460235595703	37.330909729003906
249.77420043945312	106.909912109375	20.870954513549805	36.998512268066406
263.4398498535156	113.7835922241211	20.445133209228516	36.24364471435547
249.71884155273438	120.2587661743164	20.406841278076172	36.17576217651367
244.6680145263672	120.60384368896484	20.525646209716797	36.38636779785156
227.16311645507812	139.1987762451172	20.278209686279297	35.947731018066406
244.53878784179688	133.2888946533203	20.095706939697266	35.62419891357422
246.1714324951172	120.08268737792969	20.17641258239746	35.767269134521484
243.4484405517578	129.27810668945312	20.42256736755371	36.20363235473633
225.77908325195312	127.52201843261719	20.069950103759766	35.57853698730469
240.90023803710938	124.19952392578125	20.072505950927734	35.58306121826172
232.1427001953125	116.58552551269531	20.192163467407227	35.79518127441406
235.4027099609375	120.62772369384766	19.656208038330078	34.8450813293457
237.7825164794922	120.82600402832031	19.409297943115234	34.407379150390625
