351.0	94.0	22.0	12.0
350.0	94.0	21.0	10.0
349.0	95.0	21.0	9.0
349.0	94.0	20.0	10.0
349.0	94.0	19.0	10.0
345.0	94.0	25.0	10.0
344.0	94.0	24.0	11.0
343.0	95.0	21.0	9.0
343.0	94.0	21.0	10.0
344.0	94.0	20.0	10.0
339.0	94.0	23.0	13.0
339.0	95.0	22.0	12.0
337.0	95.0	22.0	12.0
337.0	96.0	22.0	10.0
336.0	96.0	22.0	10.0
335.0	97.0	20.0	10.0
334.0	97.0	21.0	10.0
331.0	96.0	24.0	12.0
333.0	98.0	18.0	9.0
330.0	97.0	21.0	10.0
330.0	97.0	21.0	10.0
328.0	97.0	22.0	11.0
326.0	97.0	24.0	12.0
324.0	99.0	24.0	14.0
322.58343505859375	97.55574798583984	24.02885627746582	14.016833305358887
321.84490966796875	98.65250396728516	23.994417190551758	13.996744155883789
320.0	100.0	24.0	15.0
317.0	100.0	25.0	14.0
317.0	99.0	25.0	13.0
316.0	99.0	25.0	14.0
315.0	99.0	26.0	14.0
315.0	100.0	25.0	13.0
313.1171875	98.78271484375	24.652605056762695	12.819354057312012
314.0	99.0	20.0	11.0
314.0	98.0	19.0	12.0
312.58160400390625	98.59214782714844	18.956796646118164	11.9727144241333
311.4827880859375	98.57410430908203	18.917400360107422	11.947832107543945
309.77490234375	98.26008605957031	19.17135238647461	12.108222961425781
309.1246032714844	98.03688049316406	18.86697769165039	11.915987014770508
308.0188293457031	97.63359069824219	19.07904815673828	12.0499267578125
306.9102783203125	96.73883056640625	19.019603729248047	12.012384414672852
306.6845397949219	97.34404754638672	19.025493621826172	12.016104698181152
305.95062255859375	97.6356201171875	19.02437400817871	12.015397071838379
304.4246520996094	97.53327941894531	19.0793399810791	12.050111770629883
303.96441650390625	97.9270248413086	18.917865753173828	11.948127746582031
303.4417419433594	97.85189056396484	18.618144989013672	11.758831977844238
303.2227783203125	97.69290924072266	18.298553466796875	11.556984901428223
345.0	90.0	22.0	10.0
347.0	90.0	21.0	10.0
347.0	90.0	22.0	11.0
350.0	91.0	20.0	9.0
350.0	91.0	19.0	9.0
349.0	91.0	21.0	9.0
352.0	92.0	21.0	9.0
351.0	92.0	23.0	10.0
352.0	92.0	23.0	10.0
353.0	92.0	23.0	11.0
354.0	92.0	21.0	11.0
352.0	93.0	24.0	11.0
355.0	93.0	22.0	11.0
355.0	94.0	22.0	10.0
357.0	95.0	19.0	9.0
353.0	93.0	26.0	11.0
354.0	93.0	25.0	11.0
355.0	93.0	25.0	10.0
356.0	93.0	23.0	10.0
357.0	93.0	23.0	10.0
357.0	92.0	23.0	11.0
355.0	91.0	25.0	12.0
357.0	92.0	22.0	10.0
356.0	92.0	22.0	10.0
355.0	92.0	23.0	10.0
356.0	92.0	23.0	10.0
357.0	91.0	22.0	10.0
355.0	91.0	23.0	10.0
355.0	91.0	22.0	10.0
357.0	91.0	21.0	10.0
356.0	91.0	20.0	9.0
355.0	91.0	21.0	10.0
355.0	91.0	20.0	10.0
353.0	92.0	19.0	9.0
351.0	91.0	22.0	10.0
350.0	90.0	23.0	11.0
350.0	91.0	22.0	11.0
350.0	91.0	22.0	10.0
351.0	91.0	20.0	11.0
349.0	91.0	23.0	11.0
350.0	91.0	20.0	10.0
350.0	92.0	20.0	8.0
351.0	92.0	20.0	9.0
349.0	91.0	21.0	10.0
349.0	92.0	21.0	9.0
351.0	92.0	18.0	8.0
351.0	92.0	18.0	8.0
350.0	92.0	20.0	9.0
352.0	92.0	18.0	9.0
349.0	92.0	20.0	9.0
349.0	92.0	21.0	9.0
350.0	92.0	19.0	9.0
349.0	92.0	20.0	9.0
351.0	92.0	19.0	9.0
349.0	92.0	21.0	9.0
350.0	92.0	19.0	9.0
349.0	92.0	21.0	9.0
350.0	92.0	20.0	9.0
348.0	92.0	22.0	9.0
349.0	92.0	21.0	9.0
349.0	92.0	19.0	8.0
349.0	91.0	21.0	10.0
350.0	91.0	21.0	10.0
349.0	92.0	22.0	9.0
348.0	92.0	22.0	9.0
349.0	92.0	20.0	9.0
348.0	92.0	21.0	9.0
349.0	93.0	19.0	8.0
348.0	93.0	21.0	9.0
347.0	93.0	22.0	9.0
347.0	93.0	23.0	9.0
348.0	93.0	21.0	9.0
347.0	93.0	22.0	10.0
349.0	94.0	18.0	9.0
350.0	94.0	17.0	9.0
346.0	93.0	24.0	11.0
348.0	93.0	21.0	11.0
349.0	93.0	21.0	11.0
349.0	93.0	22.0	11.0
346.0	94.0	24.0	11.0
345.0	93.0	25.0	12.0
345.0	93.0	24.0	11.0
345.0	93.0	26.0	12.0
346.0	94.0	24.0	11.0
345.0	94.0	24.0	11.0
345.0	93.0	23.0	11.0
344.0	93.0	24.0	10.0
345.0	94.0	23.0	10.0
343.0	94.0	23.0	10.0
343.0	94.0	22.0	10.0
344.0	94.0	22.0	9.0
344.0	94.0	23.0	9.0
343.0	94.0	22.0	9.0
345.0	94.0	21.0	9.0
343.0	93.0	22.0	10.0
341.0	93.0	22.0	9.0
342.0	93.0	21.0	9.0
344.0	94.0	18.0	8.0
342.0	93.0	20.0	9.0
344.0	94.0	18.0	8.0
343.0	94.0	19.0	9.0
344.0	94.0	18.0	9.0
345.0	95.0	16.0	8.0
343.0	94.0	18.0	9.0
340.0	94.0	22.0	10.0
340.0	95.0	21.0	9.0
341.0	95.0	21.0	10.0
340.0	96.0	19.0	9.0
341.0	96.0	18.0	9.0
340.0	96.0	20.0	8.0
340.0	97.0	16.0	8.0
341.0	96.0	19.0	9.0
340.0	95.0	19.0	9.0
339.0	95.0	20.0	10.0
340.0	94.0	20.0	10.0
341.0	96.0	17.0	9.0
339.0	96.0	18.0	9.0
341.29833984375	95.77935028076172	18.119028091430664	10.0
340.0	95.0	21.0	10.0
341.0	96.0	19.0	9.0
340.0	97.0	19.0	10.0
341.0	96.0	19.0	9.0
341.0	96.0	21.0	9.0
343.0	97.0	15.0	8.0
342.0	96.0	19.0	9.0
343.0	96.0	19.0	8.0
341.0	96.0	20.0	9.0
342.0	96.0	18.0	9.0
342.0	96.0	21.0	10.0
341.0	97.0	20.0	9.0
342.0	96.0	19.0	9.0
342.0	96.0	22.0	10.0
343.0	96.0	22.0	10.0
342.0	97.0	21.0	9.0
343.0	97.0	22.0	9.0
344.0	97.0	21.0	9.0
344.0	97.0	22.0	10.0
343.0	98.0	21.0	10.0
343.0	98.0	23.0	10.0
343.0	99.0	22.0	10.0
342.0	99.0	22.0	10.0
344.0	100.0	22.0	10.0
343.0	100.0	22.0	10.0
343.0	101.0	22.0	10.0
342.0	101.0	27.0	11.0
342.0	102.0	25.0	11.0
343.0	102.0	25.0	12.0
343.0	103.0	24.0	11.0
343.0	102.0	24.0	12.0
342.0	103.0	25.0	12.0
341.0	102.0	27.0	13.0
342.0	103.0	25.0	11.0
343.0	102.0	25.0	12.0
342.0	102.0	25.0	12.0
343.0	102.0	24.0	13.0
343.0	103.0	24.0	13.0
343.0	103.0	24.0	12.0
343.0	104.0	22.0	12.0
342.0	104.0	24.0	12.0
342.0	104.0	25.0	12.0
341.0	104.0	24.0	12.0
340.0	104.0	26.0	12.0
342.0	105.0	25.0	12.0
346.0	106.0	17.0	9.0
342.0	104.0	24.0	12.0
342.0	105.0	25.0	12.0
341.0	104.0	25.0	12.0
342.0	103.0	22.0	11.0
345.0	104.0	17.0	9.0
342.0	101.0	21.0	11.0
340.0	100.0	25.0	13.0
342.0	100.0	22.0	10.0
342.0	99.0	20.0	11.0
341.0	98.0	21.0	10.0
340.0	97.0	22.0	10.0
341.0	96.0	19.0	8.0
340.0	94.0	23.0	10.0
342.0	93.0	20.0	9.0
343.0	92.0	19.0	9.0
342.0	90.0	18.0	9.0
343.0	89.0	17.0	8.0
343.8531188964844	86.31968688964844	16.649471282958984	10.0
343.55718994140625	86.15467834472656	16.572498321533203	10.047660827636719
344.530029296875	84.91084289550781	16.43132972717285	10.118471145629883
345.05010986328125	84.10868072509766	16.41829490661621	10.152061462402344
344.2751159667969	81.55233764648438	16.3837833404541	10.149306297302246
346.66766357421875	81.63050079345703	16.34938621520996	10.146722793579102
347.3543701171875	80.69755554199219	16.093761444091797	10.061001777648926
350.6291809082031	78.03453826904297	16.01926040649414	10.068443298339844
345.98992919921875	77.68940734863281	15.9404296875	10.11268138885498
347.3341064453125	77.67088317871094	15.67180347442627	10.094233512878418
347.66253662109375	80.07842254638672	15.953506469726562	10.275678634643555
348.2254333496094	78.52771759033203	15.814323425292969	10.239192008972168
346.40411376953125	75.25526428222656	15.816142082214355	10.284998893737793
347.38555908203125	73.19964599609375	15.703234672546387	10.25216007232666
348.5209655761719	72.85542297363281	15.642230033874512	10.258462905883789
344.9793395996094	71.74519348144531	15.63092041015625	10.253094673156738
349.40673828125	71.06246948242188	15.902704238891602	10.431370735168457
347.5716247558594	69.57665252685547	15.720664978027344	10.31196117401123
347.726806640625	69.72046661376953	15.720232009887695	10.334200859069824
346.76336669921875	71.87162017822266	15.761273384094238	10.361180305480957
350.05340576171875	69.06224822998047	15.831497192382812	10.407343864440918
350.13824462890625	67.13285827636719	15.865371704101562	10.42961311340332
348.81207275390625	68.1020278930664	15.6504545211792	10.301736831665039
347.52789306640625	66.8682861328125	15.801223754882812	10.400979042053223
350.33624267578125	67.86837768554688	15.4508638381958	10.18921947479248
348.64422607421875	68.02848052978516	15.191125869750977	10.08910846710205
346.8638610839844	67.43743896484375	15.220720291137695	10.173812866210938
344.69451904296875	67.48100280761719	15.27470874786377	10.234170913696289
339.04901123046875	67.50312042236328	15.194755554199219	10.186410903930664
335.1026306152344	65.93729400634766	15.344121932983398	10.286545753479004
335.2021484375	67.50364685058594	15.046716690063477	10.127826690673828
337.81390380859375	67.14363098144531	14.780932426452637	10.043310165405273
335.36895751953125	66.8913345336914	14.893325805664062	10.131410598754883
335.3875427246094	67.09249114990234	14.656991958618164	10.045305252075195
335.67816162109375	67.0364990234375	14.625933647155762	10.058746337890625
335.67816162109375	67.1182861328125	14.818257331848145	10.191012382507324
334.8711853027344	67.59764099121094	15.00805950164795	10.322117805480957
210.0	174.0	12.0	9.0
210.2771453857422	173.45565795898438	12.12275505065918	10.0
210.0	174.0	12.0	9.0
210.0148468017578	173.79641723632812	11.927909851074219	10.0
209.762451171875	173.1701202392578	11.954168319702148	10.149587631225586
210.06643676757812	173.15773010253906	11.921819686889648	10.172782897949219
210.1525421142578	173.86453247070312	11.873684883117676	10.146774291992188
210.4310760498047	173.5465087890625	11.916479110717773	10.233591079711914
210.2545623779297	173.03854370117188	11.743192672729492	10.127420425415039
210.1998291015625	173.0995330810547	11.736072540283203	10.156927108764648
210.0986328125	173.08265686035156	11.873876571655273	10.276189804077148
210.0371551513672	173.0949249267578	11.926336288452148	10.321589469909668
210.1338653564453	173.26698303222656	11.76170825958252	10.217463493347168
210.39053344726562	173.03518676757812	11.927031517028809	10.361082077026367
210.4229278564453	173.05250549316406	11.814607620239258	10.294160842895508
348.0	88.0	17.0	8.0
348.0	88.0	20.0	9.0
349.0	90.0	18.0	9.0
348.0	91.0	19.0	9.0
349.0	91.0	20.0	10.0
348.0	91.0	19.0	10.0
347.0	93.0	21.0	10.0
346.0	92.0	23.0	11.0
346.0	94.0	23.0	11.0
346.0	94.0	24.0	10.0
346.0	94.0	25.0	12.0
344.0	95.0	26.0	13.0
345.0	96.0	25.0	12.0
344.0	97.0	24.0	11.0
343.0	98.0	24.0	10.0
343.0	98.0	25.0	14.0
340.0	99.0	27.0	14.0
343.0	100.0	21.0	10.0
341.0	100.0	26.0	11.0
343.0	100.0	25.0	14.0
342.0	101.0	26.0	13.0
344.0	101.0	25.0	13.0
344.0	102.0	24.0	11.0
342.0	101.0	26.0	13.0
342.0	102.0	24.0	12.0
343.0	103.0	24.0	12.0
343.0	104.0	22.0	11.0
344.0	104.0	24.0	12.0
345.0	102.0	26.0	13.0
344.0	104.0	26.0	12.0
344.7890625	104.3791275024414	25.97843360900879	11.990045547485352
343.0	105.0	26.0	12.0
345.0	105.0	26.0	12.0
346.93890380859375	105.4267807006836	26.369131088256836	12.170367240905762
347.79144287109375	105.6868896484375	25.3369140625	11.69395923614502
346.0	105.0	25.0	12.0
351.0	106.0	18.0	10.0
351.0	105.0	20.0	10.0
350.0	103.0	22.0	10.0
348.0	100.0	26.0	14.0
348.0	99.0	26.0	14.0
351.0	100.0	20.0	9.0
349.0	96.0	23.0	12.0
349.0	95.0	25.0	12.0
350.0	94.0	22.0	10.0
351.0	93.0	21.0	10.0
350.0	91.0	21.0	11.0
352.0	90.0	20.0	9.0
352.0	89.0	21.0	10.0
353.0	88.0	19.0	9.0
351.40179443359375	85.39863586425781	18.77719497680664	10.0
351.0	85.0	19.0	8.0
349.0	84.0	20.0	9.0
349.46612548828125	82.37637329101562	20.023738861083984	10.0
347.76739501953125	81.21412658691406	19.87127113342285	10.002513885498047
348.3045654296875	79.25788116455078	19.825763702392578	10.090916633605957
349.55963134765625	79.14153289794922	19.76557731628418	10.170494079589844
349.4317626953125	79.13839721679688	19.862594604492188	10.222917556762695
351.61407470703125	76.52967834472656	19.883319854736328	10.263373374938965
349.0517578125	76.92874908447266	20.116687774658203	10.383832931518555
348.9144592285156	78.93900299072266	20.147212982177734	10.410962104797363
349.9370422363281	76.65736389160156	20.15549087524414	10.416032791137695
349.0	76.0	20.0	8.0
348.633544921875	73.61357116699219	20.026336669921875	10.0
348.7530212402344	73.75588989257812	19.805084228515625	10.0
348.56390380859375	73.70658874511719	19.596126556396484	10.015388488769531
348.115966796875	73.54452514648438	19.744556427001953	10.158836364746094
348.05279541015625	72.8818130493164	19.704753875732422	10.150611877441406
347.5723571777344	72.51313781738281	19.602855682373047	10.172994613647461
347.66766357421875	72.55679321289062	19.726221084594727	10.237015724182129
347.4658508300781	72.81424713134766	19.332714080810547	10.101816177368164
347.8815002441406	71.58648681640625	19.401168823242188	10.146819114685059
347.1236267089844	72.4321060180664	19.392436981201172	10.155136108398438
348.1107177734375	71.63065338134766	19.216272354125977	10.166749954223633
347.4765625	72.01549530029297	19.270084381103516	10.224435806274414
348.5329284667969	71.38961029052734	19.4200496673584	10.304006576538086
348.0	72.0	19.0	9.0
348.97625732421875	72.01032257080078	18.83172607421875	10.0
348.53594970703125	72.33707427978516	18.75868797302246	10.076226234436035
348.46966552734375	72.22352600097656	18.70353126525879	10.072019577026367
349.37445068359375	72.22196197509766	19.051725387573242	10.301082611083984
348.9185485839844	72.71366882324219	19.067306518554688	10.309507369995117
349.3293762207031	72.39556884765625	19.069149017333984	10.310503005981445
349.5775146484375	72.58051300048828	19.317752838134766	10.444921493530273
349.01153564453125	72.36678314208984	19.255512237548828	10.41126823425293
348.93048095703125	73.5776138305664	19.519433975219727	10.55396842956543
349.3280029296875	72.97258758544922	19.352567672729492	10.4637451171875
349.45928955078125	73.38977813720703	19.115447998046875	10.33553695678711
349.40948486328125	73.70149993896484	19.19561767578125	10.378883361816406
348.77996826171875	73.44954681396484	19.175518035888672	10.368017196655273
210.0	174.0	12.0	9.0
210.0	174.0	12.0	9.0
209.99990844726562	173.44862365722656	11.861170768737793	10.0
210.1199188232422	173.2635955810547	11.916975021362305	10.123126029968262
210.187744140625	173.1531219482422	11.978458404541016	10.20224666595459
211.0	174.0	10.0	9.0
210.0	174.0	11.0	9.0
210.70425415039062	173.43251037597656	10.884855270385742	10.0
210.4815673828125	173.40057373046875	11.016160011291504	10.14587116241455
211.0215606689453	173.4565887451172	11.252641677856445	10.36367130279541
210.61111450195312	172.96908569335938	11.205609321594238	10.346322059631348
210.6702423095703	172.8287353515625	11.094854354858398	10.244059562683105
210.32748413085938	172.96279907226562	11.028876304626465	10.227886199951172
210.3894805908203	173.25656127929688	11.09056282043457	10.285093307495117
210.7990264892578	173.1326141357422	11.015811920166016	10.229703903198242
210.38916015625	172.4772491455078	10.956392288208008	10.1829195022583
210.6056365966797	173.21658325195312	10.906402587890625	10.164748191833496
210.3198699951172	173.36172485351562	10.884572982788086	10.212214469909668
210.06124877929688	173.35833740234375	10.959816932678223	10.28281021118164
210.0988311767578	173.02694702148438	11.239608764648438	10.545318603515625
210.2218475341797	173.0284881591797	11.314742088317871	10.615811347961426
210.10952758789062	172.71624755859375	11.242010116577148	10.547572135925293
210.3832244873047	173.1461639404297	11.000871658325195	10.321330070495605
210.0790557861328	173.240966796875	11.114668846130371	10.428098678588867
210.41873168945312	172.92086791992188	11.190889358520508	10.499608993530273
210.521728515625	172.6728515625	11.266395568847656	10.570451736450195
209.9969482421875	173.19789123535156	11.322265625	10.622870445251465
210.04141235351562	172.96878051757812	11.34831714630127	10.647311210632324
210.7321319580078	172.82846069335938	11.388524055480957	10.685033798217773
209.8185577392578	172.68740844726562	11.553210258483887	10.839547157287598
209.80038452148438	173.12997436523438	11.496109008789062	10.78597354888916
210.6479949951172	172.98965454101562	11.431205749511719	10.725078582763672
210.3950653076172	172.93942260742188	11.369671821594238	10.667346000671387
210.00961303710938	172.95941162109375	11.262548446655273	10.566841125488281
210.19003295898438	173.0447998046875	11.226163864135742	10.532705307006836
210.04061889648438	173.0965576171875	11.37641429901123	10.673674583435059
354.0	85.0	13.0	6.0
352.88946533203125	84.68147277832031	12.918121337890625	10.0
353.0	86.0	13.0	6.0
352.4655456542969	84.75907897949219	13.261087417602539	10.0
352.0904846191406	85.12641906738281	13.391512870788574	10.155769348144531
349.0	87.0	19.0	8.0
348.23834228515625	85.51653289794922	19.386516571044922	10.0
348.46551513671875	86.05192565917969	19.330341339111328	10.077555656433105
345.0	87.0	26.0	13.0
348.0	87.0	20.0	9.0
345.0	87.0	25.0	13.0
347.0	88.0	19.0	9.0
347.0	88.0	20.0	9.0
347.0	88.0	19.0	9.0
347.0	88.0	21.0	9.0
347.0	89.0	19.0	8.0
344.0	89.0	20.0	8.0
347.0	88.0	19.0	9.0
345.0	89.0	21.0	9.0
343.0	89.0	21.0	9.0
345.0	90.0	19.0	8.0
344.0	89.0	20.0	9.0
343.0	90.0	21.0	8.0
343.0	90.0	21.0	8.0
344.0	90.0	20.0	9.0
350.0	91.0	14.0	7.0
348.1639099121094	91.57230377197266	17.420461654663086	9.358834266662598
343.0	90.0	22.0	10.0
344.0	90.0	22.0	10.0
344.0	91.0	21.0	9.0
343.0	90.0	22.0	9.0
344.0	90.0	21.0	9.0
344.0	90.0	20.0	9.0
344.0	90.0	18.0	8.0
346.0	90.0	16.0	8.0
342.0	89.0	19.0	8.0
343.0	89.0	17.0	8.0
347.0	90.0	13.0	6.0
346.707763671875	89.509765625	13.181973457336426	10.0
348.0	90.0	11.0	6.0
346.0	90.0	13.0	7.0
344.0	89.0	15.0	8.0
344.411376953125	88.89641571044922	15.129470825195312	10.0
345.0	90.0	13.0	7.0
