116.0	98.0	92.0	50.0
115.0	97.0	93.0	50.0
116.0	98.0	91.0	49.0
116.0	98.0	91.0	49.0
117.0	100.0	92.0	47.0
118.0	100.0	91.0	47.0
121.0	101.0	92.0	47.0
124.0	100.0	92.0	49.0
126.0	100.0	92.0	51.0
121.0	99.0	94.0	52.0
121.0	90.0	91.0	59.0
125.0	82.0	94.0	63.0
126.0	80.0	102.0	59.0
129.0	78.0	105.0	56.0
121.0	78.0	117.0	57.0
146.0	72.0	96.0	49.0
146.0	65.0	99.0	53.0
119.0	95.0	89.0	51.0
122.0	95.0	89.0	52.0
120.0	94.0	93.0	52.0
124.0	98.0	91.0	49.0
127.0	98.0	89.0	50.0
129.0	99.0	92.0	49.0
133.0	98.0	90.0	50.0
154.0	70.0	100.0	49.0
143.0	83.0	105.0	58.0
152.0	77.0	99.0	62.0
154.0	83.0	93.0	58.0
147.0	83.0	99.0	67.0
142.0	103.0	95.0	55.0
133.0	112.0	96.0	54.0
126.0	121.0	93.0	51.0
120.0	122.0	93.0	54.0
116.0	124.0	92.0	53.0
114.0	124.0	92.0	53.0
111.0	122.0	92.0	55.0
108.0	122.0	93.0	56.0
106.0	123.0	92.0	53.0
106.0	124.0	91.0	53.0
106.0	124.0	92.0	54.0
109.0	125.0	90.0	55.0
109.0	125.0	91.0	55.0
111.0	123.0	92.0	55.0
114.0	122.0	91.0	54.0
118.0	119.0	91.0	53.0
121.0	117.0	93.0	53.0
123.0	116.0	95.0	52.0
128.0	112.0	97.0	53.0
131.0	91.0	106.0	71.0
137.0	93.0	99.0	65.0
140.0	92.0	97.0	65.0
141.0	93.0	94.0	63.0
142.0	93.0	92.0	62.0
141.0	94.0	93.0	58.0
142.0	91.0	94.0	61.0
142.0	90.0	94.0	61.0
143.0	89.0	92.0	62.0
138.0	90.0	95.0	64.0
139.0	92.0	91.0	62.0
138.0	93.0	92.0	61.0
139.0	93.0	92.0	59.0
140.0	92.0	93.0	59.0
138.0	93.0	94.0	57.0
138.0	89.0	94.0	60.0
137.0	86.0	97.0	63.0
137.0	85.0	97.0	63.0
135.0	85.0	99.0	65.0
131.0	89.0	101.0	64.0
131.0	90.0	99.0	63.0
130.0	89.0	98.0	64.0
132.0	88.0	98.0	64.0
133.0	85.0	99.0	65.0
132.0	83.0	101.0	66.0
132.0	82.0	100.0	64.0
132.0	81.0	100.0	64.0
130.0	80.0	102.0	64.0
135.58273315429688	82.78909301757812	102.91490173339844	64.57405090332031
136.99522399902344	81.64208221435547	103.1162338256836	64.70037841796875
137.70465087890625	80.84587097167969	100.49995422363281	63.05878829956055
136.1686553955078	78.92027282714844	100.48917388916016	63.052024841308594
134.0	77.0	100.0	62.0
134.0	77.0	100.0	61.0
134.0	87.0	97.0	53.0
134.46388244628906	86.37299346923828	97.47809600830078	53.26122283935547
143.35818481445312	90.0237045288086	98.18074035644531	53.6451416015625
141.183837890625	90.5713119506836	97.24954986572266	53.13634490966797
138.40338134765625	88.64248657226562	97.44385528564453	53.24250411987305
135.4505157470703	88.69953918457031	97.97123718261719	53.530662536621094
136.52444458007812	84.57084655761719	100.82860565185547	55.0919075012207
138.18569946289062	82.96318817138672	101.91010284423828	55.682830810546875
135.4859619140625	81.20979309082031	102.63566589355469	56.07927703857422
130.02236938476562	79.77822875976562	103.38444519042969	56.4884033203125
130.746826171875	78.07025146484375	102.34090423583984	55.9182243347168
125.98008728027344	77.25672912597656	103.44698333740234	56.5225830078125
129.43203735351562	78.81595611572266	102.5907211303711	56.05472946166992
128.58029174804688	81.38108825683594	100.81484985351562	55.08440399169922
121.58851623535156	81.31755065917969	100.80940246582031	55.0814323425293
122.09529876708984	85.0638427734375	100.03672790527344	54.65924835205078
124.79588317871094	85.18473052978516	101.49703979492188	55.4571533203125
127.95870208740234	90.21731567382812	102.0628662109375	55.76631546020508
136.26141357421875	94.24180603027344	101.78221130371094	55.61296463012695
129.8919219970703	93.35910034179688	102.91536712646484	56.23210906982422
129.8616485595703	90.92173767089844	105.00282287597656	57.37267303466797
131.89242553710938	86.26285552978516	106.52339935302734	58.2035026550293
137.0	82.0	97.0	63.0
141.0	81.0	93.0	63.0
141.0	78.0	97.0	67.0
141.0	81.0	97.0	61.0
141.0	79.0	95.0	62.0
143.0	80.0	91.0	58.0
141.0	78.0	93.0	59.0
139.0	78.0	95.0	60.0
139.0	80.0	96.0	59.0
138.0	76.0	98.0	59.0
138.0	74.0	99.0	60.0
137.0	74.0	103.0	59.0
133.0	83.0	91.0	54.0
131.0	92.0	85.0	50.0
127.0	96.0	87.0	47.0
123.0	97.0	87.0	47.0
122.0	100.0	86.0	45.0
119.0	101.0	88.0	45.0
118.0	101.0	90.0	46.0
118.0	102.0	89.0	46.0
118.0	102.0	91.0	47.0
117.0	102.0	90.0	48.0
118.0	103.0	89.0	47.0
119.0	104.0	88.0	46.0
121.0	102.0	88.0	48.0
123.0	102.0	88.0	46.0
127.0	99.0	87.0	47.0
131.0	95.0	86.0	47.0
135.0	82.0	94.0	56.0
139.2972869873047	81.029296875	95.40373229980469	56.836265563964844
144.0	75.0	97.0	57.0
142.0	77.0	98.0	54.0
141.0	75.0	96.0	61.0
139.0	74.0	97.0	66.0
140.0	83.0	96.0	59.0
138.0	90.0	94.0	55.0
139.0	95.0	93.0	52.0
133.0	94.0	97.0	57.0
132.0	97.0	98.0	59.0
125.0	103.0	103.0	61.0
123.0	111.0	103.0	55.0
123.0	111.0	104.0	56.0
126.0	111.0	101.0	56.0
127.0	108.0	103.0	55.0
133.0	106.0	99.0	50.0
144.0	57.0	91.0	53.0
144.0	55.0	92.0	53.0
142.0	60.0	94.0	56.0
143.73504638671875	73.6660385131836	93.8053970336914	55.884071350097656
143.2611083984375	76.68717956542969	95.02632904052734	56.6114387512207
143.3561248779297	71.8569564819336	96.45790100097656	57.46428298950195
145.63970947265625	64.976318359375	97.07963562011719	57.834678649902344
135.01223754882812	67.14510345458984	98.36933898925781	58.60300827026367
134.32449340820312	69.4615478515625	98.05970001220703	58.418540954589844
133.09487915039062	75.12788391113281	97.8621826171875	58.300865173339844
131.30258178710938	72.54087829589844	97.47628784179688	58.07097244262695
130.79696655273438	75.21949005126953	99.2287368774414	59.11498260498047
126.9710464477539	77.05110931396484	100.33245849609375	59.77251434326172
117.89571380615234	77.3027572631836	102.53369140625	61.083885192871094
116.42637634277344	73.11326599121094	101.9310302734375	60.724853515625
108.13362121582031	73.11457824707031	101.5005874633789	60.468421936035156
109.43455505371094	73.3907470703125	104.1963882446289	62.074432373046875
114.1951675415039	72.04232025146484	104.903076171875	62.49544143676758
117.42291259765625	73.12979888916016	106.2858657836914	63.3192253112793
115.8645248413086	72.8235092163086	107.32484436035156	63.93818283081055
141.0	73.0	70.0	50.0
142.4152069091797	92.7772445678711	69.6263656616211	49.733123779296875
135.98446655273438	84.66120147705078	70.39335632324219	50.280975341796875
134.17941284179688	77.40968322753906	71.37117767333984	50.97942352294922
133.34576416015625	73.89929962158203	71.51365661621094	51.0811882019043
130.85592651367188	74.21478271484375	72.83363342285156	52.02402877807617
131.9434356689453	77.36112976074219	72.18269348144531	51.5590705871582
129.72735595703125	78.49824523925781	73.56285095214844	52.544898986816406
133.0167999267578	79.85689544677734	73.72584533691406	52.66132736206055
131.05984497070312	76.99710083007812	73.3487319946289	52.39196014404297
157.64422607421875	71.74459075927734	73.48631286621094	52.490234375
155.331787109375	76.97015380859375	74.1506118774414	52.9647331237793
155.5310516357422	74.33361053466797	75.48283386230469	53.91632843017578
141.13601684570312	68.50596618652344	76.39665222167969	54.56904983520508
134.35519409179688	67.40660095214844	76.78639221191406	54.847434997558594
133.2388153076172	64.29560852050781	77.42692565917969	55.304954528808594
130.99276733398438	62.26189422607422	77.79823303222656	55.570167541503906
132.23667907714844	66.20458984375	77.89608001708984	55.64005661010742
130.0	47.0	78.0	52.0
130.0	41.0	78.0	60.0
129.6036834716797	60.5442008972168	77.66279602050781	59.7406120300293
125.3429946899414	69.45357513427734	77.069091796875	59.283912658691406
129.5334014892578	85.55065155029297	77.74112701416016	59.80086135864258
140.59982299804688	99.07925415039062	77.69695281982422	59.76688766479492
153.7504425048828	99.77154541015625	78.04981994628906	60.03832244873047
135.0	101.0	95.0	51.0
131.0	100.0	100.0	58.0
126.0	98.0	105.0	64.0
123.0	94.0	109.0	66.0
128.0	93.0	104.0	65.0
130.0	95.0	103.0	61.0
131.0	95.0	102.0	59.0
129.0	89.0	104.0	66.0
131.0	86.0	102.0	68.0
132.0	82.0	102.0	69.0
135.0	83.0	100.0	65.0
137.0	81.0	99.0	65.0
140.0	81.0	96.0	63.0
144.0	80.0	90.0	59.0
150.0	77.0	87.0	57.0
144.0	74.0	91.0	56.0
146.0	73.0	89.0	55.0
144.0	73.0	90.0	54.0
141.0	72.0	91.0	56.0
140.0	70.0	90.0	57.0
138.0	69.0	87.0	59.0
138.0	69.0	88.0	59.0
136.0	70.0	92.0	57.0
134.0	70.0	95.0	57.0
134.0	69.0	94.0	57.0
135.0	68.0	89.0	58.0
137.0	67.0	83.0	58.0
138.0	62.0	86.0	63.0
141.9859161376953	55.41557693481445	85.2607421875	62.45844650268555
136.0	48.0	96.0	71.0
134.0	48.0	98.0	74.0
138.3239288330078	46.743812561035156	96.79765319824219	73.09210968017578
122.0	48.0	92.0	77.0
121.0	50.0	90.0	60.0
120.0	53.0	96.0	60.0
127.46009826660156	53.97187423706055	95.13622283935547	59.46013641357422
123.0	76.0	90.0	59.0
119.0	85.0	93.0	67.0
118.0	101.0	92.0	56.0
110.0	106.0	100.0	57.0
105.0	110.0	101.0	56.0
107.0	110.0	99.0	57.0
107.0	111.0	100.0	57.0
113.0	113.0	95.0	55.0
112.0	113.0	98.0	56.0
116.0	109.0	98.0	59.0
120.0	106.0	95.0	59.0
119.0	101.0	102.0	61.0
129.0	85.0	96.0	71.0
129.0	88.0	94.0	63.0
124.0	83.0	100.0	68.0
117.0	86.0	113.0	63.0
142.0	74.0	88.0	55.0
110.0	111.0	89.0	54.0
112.0	111.0	90.0	54.0
112.0	111.0	92.0	52.0
114.0	110.0	93.0	54.0
119.0	110.0	91.0	52.0
125.0	107.0	90.0	52.0
133.0	103.0	88.0	51.0
136.0	96.0	90.0	54.0
131.0	70.0	100.0	79.0
130.0	79.0	99.0	67.0
127.0	90.0	98.0	64.0
115.0	95.0	111.0	70.0
112.0	114.0	105.0	57.0
110.0	117.0	102.0	57.0
109.0	122.0	100.0	54.0
104.0	125.0	104.0	53.0
109.0	125.0	96.0	54.0
103.0	126.0	98.0	55.0
100.0	126.0	100.0	56.0
100.0	129.0	98.0	53.0
99.0	126.0	98.0	54.0
99.0	123.0	98.0	54.0
99.0	118.0	98.0	57.0
101.0	118.0	96.0	54.0
102.0	114.0	94.0	56.0
100.0	111.0	95.0	55.0
102.0	106.0	94.0	55.0
104.0	99.0	92.0	57.0
107.0	96.0	93.0	57.0
109.0	89.0	95.0	61.0
114.30841064453125	80.21196746826172	93.65076446533203	60.133644104003906
115.339599609375	75.29244995117188	93.19197082519531	59.83905029296875
118.0	49.0	106.0	70.0
119.0	48.0	107.0	71.0
120.0	51.0	105.0	70.0
119.0	52.0	103.0	70.0
118.0	55.0	103.0	67.0
114.0	54.0	107.0	66.0
110.0	53.0	111.0	67.0
107.0	51.0	114.0	66.0
109.0	51.0	112.0	65.0
111.0	51.0	110.0	66.0
109.0	51.0	112.0	66.0
109.0	53.0	112.0	67.0
109.0	50.0	112.0	73.0
117.0	54.0	104.0	70.0
117.0	50.0	106.0	72.0
121.0	49.0	101.0	68.0
116.0	64.0	105.0	73.0
117.0	79.0	96.0	60.0
116.0	89.0	93.0	57.0
115.0	97.0	92.0	55.0
114.0	99.0	92.0	57.0
114.0	102.0	92.0	56.0
114.0	101.0	93.0	58.0
115.0	97.0	97.0	63.0
116.0	99.0	97.0	62.0
115.0	104.0	99.0	59.0
116.0	104.0	100.0	58.0
120.0	101.0	100.0	57.0
122.0	98.0	102.0	56.0
120.0	88.0	107.0	65.0
128.0	83.0	99.0	66.0
129.0	75.0	104.0	66.0
132.0	68.0	102.0	72.0
130.0	65.0	105.0	70.0
132.0	69.0	103.0	64.0
126.0	71.0	112.0	56.0
113.0	70.0	125.0	68.0
111.0	66.0	130.0	63.0
107.0	65.0	136.0	71.0
98.0	65.0	146.0	70.0
134.0	66.0	111.0	60.0
146.0	65.0	101.0	61.0
151.0	66.0	98.0	61.0
148.0	65.0	104.0	63.0
148.0	66.0	104.0	62.0
149.0	65.0	104.0	63.0
149.0	64.0	103.0	63.0
149.0	63.0	104.0	64.0
150.0	63.0	103.0	65.0
151.0	65.0	100.0	61.0
153.0	65.0	95.0	60.0
129.0	65.0	117.0	62.0
143.0	66.0	105.0	60.0
118.0	64.0	127.0	61.0
119.0	64.0	122.0	61.0
124.0	64.0	115.0	61.0
131.0	66.0	103.0	59.0
135.0	64.0	94.0	59.0
125.0	66.0	104.0	66.0
115.0	66.0	112.0	68.0
117.0	70.0	105.0	65.0
113.0	72.0	103.0	65.0
103.0	78.0	103.0	62.0
101.0	79.0	105.0	66.0
89.0	85.0	111.0	62.0
159.0	65.0	91.0	52.0
84.0	91.0	107.0	61.0
83.0	93.0	105.0	60.0
79.0	91.0	106.0	62.0
77.0	93.0	105.0	60.0
79.0	96.0	99.0	58.0
75.0	95.0	101.0	63.0
75.0	95.0	98.0	62.0
76.0	92.0	97.0	62.0
76.0	93.0	97.0	60.0
76.0	93.0	97.0	60.0
74.0	93.0	96.0	61.0
73.0	93.0	95.0	61.0
71.0	91.0	95.0	61.0
69.0	92.0	95.0	58.0
68.0	89.0	96.0	58.0
68.0	85.0	95.0	59.0
70.0	83.0	93.0	59.0
71.0	83.0	94.0	57.0
73.0	79.0	92.0	57.0
75.0	72.0	90.0	59.0
78.0	66.0	96.0	64.0
79.0	63.0	92.0	58.0
79.78531646728516	65.40534210205078	94.17761993408203	57.798789978027344
79.0	55.0	131.0	56.0
84.29464721679688	53.543243408203125	130.611328125	55.83384323120117
75.0711441040039	55.535011291503906	130.4236297607422	55.75360870361328
78.57084655761719	58.86506271362305	127.8897476196289	54.6704216003418
82.0	58.0	111.0	70.0
84.0	62.0	99.0	64.0
80.0	71.0	97.0	68.0
80.0	81.0	95.0	62.0
78.0	86.0	95.0	63.0
78.0	97.0	95.0	58.0
74.0	103.0	99.0	59.0
74.0	112.0	100.0	55.0
74.0	111.0	102.0	60.0
75.0	110.0	105.0	61.0
78.0	114.0	105.0	58.0
81.0	111.0	104.0	63.0
83.0	108.0	104.0	64.0
83.0	105.0	107.0	63.0
86.0	111.0	109.0	53.0
98.0	105.0	100.0	53.0
100.0	101.0	102.0	53.0
98.0	96.0	106.0	56.0
101.0	91.0	103.0	56.0
103.0	91.0	101.0	54.0
115.69236755371094	88.75584411621094	100.45804595947266	53.71024703979492
115.2137222290039	88.42039489746094	100.52433013916016	53.745689392089844
109.90965270996094	89.89971160888672	100.76194763183594	53.87273025512695
109.05781555175781	87.26722717285156	101.59762573242188	54.31952667236328
112.7838363647461	87.47021484375	104.04154205322266	55.62617111206055
112.64176177978516	83.49091339111328	104.04283142089844	55.626861572265625
113.31002044677734	78.20967102050781	104.62890625	55.940208435058594
114.20060729980469	69.63572692871094	106.37733459472656	56.8750114440918
115.03218078613281	76.2766342163086	105.732177734375	56.53007888793945
110.77839660644531	73.80040740966797	107.62313079833984	57.54108810424805
110.89359283447266	75.1421127319336	107.28608703613281	57.36088180541992
115.25190734863281	74.49573516845703	106.54011535644531	56.9620475769043
115.76179504394531	75.02461242675781	105.26570892333984	56.280677795410156
112.48653411865234	77.24029541015625	106.39802551269531	56.886077880859375
113.61994934082031	77.86537170410156	108.21879577636719	57.85955810546875
113.2199478149414	74.29744720458984	109.45661926269531	58.5213623046875
111.50721740722656	76.95096588134766	107.4696044921875	57.4589958190918
115.22859954833984	69.97264099121094	110.54325866699219	59.10233688354492
114.00520324707031	64.72032165527344	109.86415100097656	58.73925018310547
115.50025939941406	65.5273208618164	108.734130859375	58.13508224487305
114.87638854980469	63.07041549682617	111.46659088134766	59.59599685668945
114.26097106933594	63.590187072753906	111.1047592163086	59.40254592895508
113.21673583984375	64.37168884277344	110.80712890625	59.2434196472168
117.77113342285156	63.67755126953125	110.58769226074219	59.12610626220703
110.6871337890625	69.8083267211914	111.66133117675781	59.70012664794922
110.1988754272461	72.75614166259766	111.29801940917969	59.505882263183594
113.7715072631836	77.8555679321289	112.29490661621094	60.03887176513672
116.501953125	81.44671630859375	112.73734283447266	60.275421142578125
114.85877990722656	79.12812042236328	112.39839172363281	60.094200134277344
114.03999328613281	81.25830841064453	112.56187438964844	60.181610107421875
112.0	84.0	106.0	64.0
101.0	78.0	118.0	72.0
105.0	76.0	113.0	68.0
96.0	74.0	122.0	72.0
107.0	75.0	108.0	68.0
102.0	71.0	110.0	68.0
122.0	70.0	90.0	55.0
118.0	61.0	92.0	68.0
124.0	67.0	85.0	59.0
129.39382934570312	56.867034912109375	85.43924713134766	59.30488204956055
128.60020446777344	55.44866943359375	86.4349136352539	59.99599075317383
129.36911010742188	52.4080924987793	87.24101257324219	60.555519104003906
123.13145446777344	53.05218505859375	87.06753540039062	60.43510818481445
122.88399505615234	53.745628356933594	88.51221466064453	61.43788528442383
119.32398986816406	56.894508361816406	87.53478240966797	60.759437561035156
126.0	57.0	82.0	58.0
127.0	60.0	86.0	58.0
129.3553009033203	61.7180061340332	85.0510482788086	57.360008239746094
125.0	62.0	84.0	58.0
124.0	63.0	85.0	58.0
119.0	69.0	92.0	66.0
115.0	71.0	98.0	69.0
110.0	87.0	96.0	62.0
104.0	90.0	100.0	64.0
107.0	91.0	98.0	64.0
108.0	89.0	97.0	67.0
108.0	90.0	96.0	67.0
105.0	95.0	99.0	62.0
101.0	98.0	99.0	66.0
95.0	102.0	103.0	62.0
91.0	102.0	104.0	67.0
86.0	101.0	111.0	70.0
85.0	111.0	107.0	63.0
85.0	116.0	103.0	60.0
78.0	117.0	108.0	60.0
81.0	117.0	103.0	59.0
84.0	116.0	97.0	57.0
81.0	110.0	98.0	58.0
80.0	108.0	99.0	54.0
81.0	96.0	100.0	59.0
82.0	89.0	101.0	58.0
85.0	76.0	100.0	60.0
88.0	66.0	99.0	59.0
82.0	62.0	106.0	61.0
83.0	61.0	106.0	61.0
87.0	62.0	102.0	61.0
85.0	68.0	101.0	59.0
86.0	77.0	100.0	60.0
87.0	86.0	97.0	55.0
87.0	89.0	97.0	59.0
85.0	91.0	100.0	59.0
87.0	95.0	97.0	58.0
83.0	101.0	102.0	57.0
82.0	103.0	101.0	59.0
78.0	105.0	106.0	58.0
81.0	104.0	104.0	60.0
82.0	101.0	107.0	65.0
83.0	99.0	107.0	69.0
85.0	96.0	109.0	65.0
87.0	87.0	120.0	69.0
111.0	65.0	99.0	69.0
111.0	70.0	98.0	64.0
98.0	62.0	114.0	72.0
94.0	75.0	107.0	61.0
88.0	88.0	96.0	53.0
76.0	89.0	102.0	60.0
72.0	91.0	97.0	61.0
69.0	92.0	101.0	63.0
69.0	96.0	98.0	60.0
68.0	94.0	98.0	63.0
68.0	93.0	98.0	64.0
69.0	95.0	97.0	62.0
68.0	95.0	98.0	63.0
68.0	96.0	98.0	62.0
70.0	96.0	97.0	62.0
71.0	95.0	98.0	63.0
74.0	95.0	97.0	62.0
78.0	93.0	99.0	62.0
86.0	91.0	97.0	61.0
97.0	89.0	92.0	56.0
105.0	83.0	95.0	55.0
113.0	74.0	99.0	57.0
119.0	50.0	107.0	77.0
129.0	62.0	97.0	65.0
108.0	64.0	117.0	76.0
100.0	81.0	114.0	67.0
101.0	85.0	105.0	70.0
93.0	95.0	108.0	69.0
90.0	105.0	105.0	63.0
85.0	111.0	104.0	62.0
86.0	116.0	99.0	61.0
84.0	116.0	100.0	63.0
85.0	115.0	100.0	64.0
86.0	110.0	104.0	64.0
94.0	100.0	105.0	65.0
100.0	85.0	116.0	67.0
114.0	72.0	102.0	68.0
110.0	67.0	108.0	70.0
108.0	90.0	96.0	54.0
98.0	94.0	100.0	58.0
93.0	100.0	99.0	57.0
91.0	101.0	98.0	56.0
93.0	103.0	99.0	54.0
97.0	100.0	97.0	56.0
98.0	98.0	97.0	56.0
97.0	92.0	100.0	61.0
99.0	94.0	100.0	58.0
104.0	94.0	95.0	53.0
109.0	80.0	103.0	59.0
113.0	66.0	108.0	70.0
125.0	67.0	95.0	63.0
106.0	75.0	115.0	73.0
102.0	92.0	110.0	64.0
94.0	102.0	108.0	64.0
85.0	108.0	111.0	64.0
83.0	122.0	106.0	56.0
81.0	124.0	104.0	54.0
78.0	119.0	105.0	56.0
80.0	117.0	99.0	53.0
76.0	110.0	99.0	60.0
74.0	107.0	98.0	59.0
75.0	106.0	95.0	57.0
85.0	105.0	88.0	50.0
92.0	92.0	85.0	52.0
121.0	43.0	95.0	57.0
119.0	47.0	96.0	55.0
109.0	49.0	107.0	56.0
87.0	93.0	87.0	43.0
88.0	97.0	85.0	43.0
72.39200592041016	99.5291976928711	84.95819091796875	42.97885513305664
75.1673355102539	108.87667083740234	85.74897003173828	43.37889862060547
95.83846282958984	113.4709243774414	85.8414077758789	43.425662994384766
105.87593078613281	113.09376525878906	86.53040313720703	43.77421188354492
115.93919372558594	112.87644958496094	86.32098388671875	43.66826629638672
124.20882415771484	99.57722473144531	86.0186996459961	43.515350341796875
113.0	64.0	111.0	57.0
107.00205993652344	90.2877197265625	113.11930847167969	58.088294982910156
108.01495361328125	83.05201721191406	115.40489196777344	59.2619743347168
113.1783676147461	80.72906494140625	116.42996978759766	59.788368225097656
118.7873764038086	74.06852722167969	116.58673095703125	59.868865966796875
132.71096801757812	66.49153900146484	115.25667572021484	59.18585968017578
133.48385620117188	60.270294189453125	114.9228515625	59.014442443847656
142.27951049804688	59.488433837890625	113.03346252441406	58.044212341308594
148.62869262695312	58.25438690185547	114.04231262207031	58.56227493286133
147.97312927246094	56.637184143066406	115.77256774902344	59.45078659057617
146.3567352294922	58.510704040527344	114.32145690917969	58.70561981201172
147.3059539794922	60.85872268676758	112.52238464355469	57.781776428222656
147.14297485351562	60.55481719970703	113.91505432128906	58.49692916870117
144.0	62.0	110.0	59.0
142.0	49.0	112.0	80.0
148.0	57.0	104.0	74.0
148.0	55.0	97.0	66.0
130.0	58.0	113.0	73.0
130.19906616210938	55.20228958129883	114.783447265625	74.15214538574219
139.0	61.0	88.0	66.0
133.31655883789062	54.14398193359375	90.0363540649414	67.52726745605469
114.0	34.0	113.0	88.0
112.41471862792969	40.487525939941406	113.2929916381836	88.2281723022461
112.4394760131836	43.71168518066406	111.4122543334961	86.7635269165039
109.0	26.0	129.0	87.0
98.0	27.0	134.0	90.0
131.0	48.0	100.0	69.0
132.0	48.0	99.0	68.0
133.0	45.0	101.0	72.0
130.0	32.0	110.0	86.0
118.19222259521484	37.78850555419922	110.32965087890625	86.25772857666016
122.51045227050781	38.644439697265625	110.03924560546875	86.03068542480469
123.0	64.0	97.0	63.0
113.0	72.0	104.0	66.0
106.0	87.0	103.0	63.0
97.0	96.0	106.0	64.0
92.0	98.0	104.0	65.0
88.0	103.0	102.0	61.0
85.0	97.0	103.0	65.0
89.0	99.0	98.0	57.0
90.0	92.0	98.0	60.0
89.0	89.0	96.0	59.0
89.0	86.0	94.0	56.0
92.0	83.0	92.0	56.0
93.0	79.0	94.0	58.0
95.0	77.0	94.0	58.0
90.0	81.0	97.0	59.0
90.0	87.0	94.0	58.0
89.0	90.0	93.0	56.0
89.0	93.0	93.0	55.0
87.0	96.0	95.0	55.0
87.0	97.0	96.0	56.0
88.0	100.0	96.0	57.0
85.0	108.0	97.0	52.0
83.0	112.0	98.0	51.0
83.0	113.0	101.0	51.0
82.0	107.0	107.0	58.0
85.0	94.0	108.0	66.0
89.0	91.0	110.0	63.0
97.0	86.0	109.0	65.0
102.0	75.0	113.0	64.0
115.0	58.0	108.0	75.0
123.0	65.0	97.0	63.0
119.0	59.0	101.0	65.0
116.0	55.0	106.0	71.0
112.0	77.0	96.0	50.0
106.0	73.0	99.0	57.0
