202.0	114.0	36.0	34.0
201.0	115.0	37.0	35.0
200.0	115.0	39.0	36.0
201.0	116.0	38.0	36.0
201.0	116.0	37.0	36.0
201.0	117.0	36.0	35.0
201.0	118.0	35.0	34.0
200.0	119.0	37.0	35.0
200.0	120.0	37.0	35.0
201.0	121.0	35.0	33.0
201.0	121.0	36.0	34.0
204.0	120.0	34.0	34.0
205.0	118.0	38.0	35.0
208.0	116.0	39.0	35.0
210.0	113.0	38.0	36.0
213.0	110.0	39.0	35.0
216.0	105.0	40.0	36.0
219.0	102.0	39.0	36.0
220.0	101.0	39.0	36.0
221.0	102.0	40.0	36.0
220.0	102.0	42.0	37.0
221.0	103.0	42.0	36.0
221.0	104.0	39.0	37.0
219.0	107.0	41.0	36.0
219.0	110.0	39.0	36.0
216.0	112.0	40.0	37.0
211.0	114.0	39.0	37.0
208.0	116.0	40.0	35.0
204.0	115.0	40.0	36.0
199.0	115.0	41.0	36.0
198.0	113.0	39.0	37.0
194.0	113.0	40.0	36.0
191.0	111.0	39.0	36.0
185.0	110.0	42.0	36.0
181.0	109.0	41.0	37.0
177.0	110.0	40.0	37.0
171.0	112.0	42.0	37.0
167.0	114.0	42.0	38.0
165.0	116.0	42.0	37.0
161.0	118.0	43.0	37.0
160.0	119.0	41.0	37.0
157.0	119.0	42.0	37.0
156.0	118.0	43.0	36.0
156.0	116.0	41.0	36.0
155.0	114.0	42.0	37.0
157.0	112.0	39.0	36.0
156.0	109.0	40.0	36.0
157.0	108.0	39.0	36.0
159.0	108.0	40.0	35.0
163.0	107.0	38.0	36.0
167.0	108.0	37.0	35.0
171.0	109.0	38.0	36.0
177.0	112.0	38.0	35.0
181.0	113.0	38.0	36.0
186.0	115.0	37.0	34.0
191.0	116.0	39.0	36.0
194.0	118.0	38.0	36.0
197.0	119.0	38.0	35.0
198.0	121.0	37.0	35.0
197.0	124.0	38.0	35.0
196.0	127.0	39.0	35.0
195.0	128.0	40.0	36.0
194.0	129.0	40.0	35.0
195.0	128.0	39.0	36.0
197.0	126.0	39.0	35.0
201.0	121.0	36.0	35.0
205.0	116.0	37.0	34.0
207.0	109.0	38.0	36.0
208.0	104.0	39.0	35.0
208.0	101.0	38.0	35.0
206.0	99.0	39.0	35.0
203.0	99.0	39.0	36.0
201.0	99.0	39.0	35.0
198.0	99.0	36.0	34.0
194.0	97.0	37.0	35.0
189.0	96.0	38.0	35.0
183.0	95.0	38.0	36.0
176.0	96.0	39.0	36.0
170.0	97.0	38.0	35.0
164.0	98.0	39.0	36.0
159.0	100.0	37.0	35.0
153.0	102.0	38.0	35.0
146.0	104.0	39.0	35.0
141.0	106.0	37.0	35.0
137.0	109.0	36.0	34.0
134.0	112.0	37.0	35.0
131.0	113.0	39.0	36.0
129.0	115.0	39.0	35.0
129.0	116.0	39.0	35.0
130.0	118.0	39.0	35.0
131.0	120.0	39.0	35.0
132.0	122.0	39.0	35.0
134.0	124.0	40.0	36.0
134.0	126.0	40.0	36.0
133.0	127.0	42.0	37.0
133.0	128.0	42.0	37.0
134.0	128.0	42.0	37.0
136.0	127.0	42.0	38.0
139.0	127.0	41.0	37.0
143.0	127.0	39.0	35.0
147.0	126.0	39.0	36.0
150.0	126.0	40.0	36.0
156.0	125.0	40.0	36.0
161.0	124.0	40.0	36.0
167.0	122.0	38.0	36.0
174.0	120.0	38.0	36.0
179.0	119.0	39.0	35.0
184.0	117.0	39.0	36.0
188.0	116.0	38.0	36.0
191.0	115.0	39.0	37.0
192.0	114.0	42.0	39.0
193.0	117.0	39.0	36.0
194.0	118.0	38.0	35.0
194.0	116.0	37.0	35.0
194.0	115.0	37.0	35.0
192.0	113.0	38.0	36.0
191.0	112.0	38.0	36.0
189.0	111.0	38.0	35.0
189.0	110.0	37.0	34.0
188.0	108.0	38.0	36.0
185.0	108.0	39.0	37.0
184.0	107.0	39.0	37.0
185.0	106.0	37.0	35.0
183.0	104.0	39.0	36.0
183.0	103.0	37.0	35.0
182.0	101.0	38.0	36.0
181.0	100.0	39.0	36.0
180.0	98.0	40.0	37.0
179.0	96.0	42.0	40.0
177.0	97.0	42.0	39.0
170.0	98.0	45.0	42.0
172.0	100.0	42.0	41.0
172.0	102.0	40.0	40.0
169.0	104.0	43.0	39.0
167.0	106.0	39.0	36.0
165.0	105.0	40.0	36.0
162.0	103.0	38.0	37.0
159.0	102.0	39.0	37.0
156.0	101.0	40.0	37.0
154.0	99.0	41.0	38.0
153.0	98.0	42.0	38.0
154.0	98.0	40.0	38.0
154.0	97.0	41.0	39.0
154.0	96.0	42.0	39.0
158.0	95.0	39.0	37.0
160.0	95.0	38.0	36.0
164.0	96.0	37.0	35.0
165.0	96.0	39.0	37.0
165.0	97.0	39.0	36.0
165.0	98.0	40.0	36.0
166.0	97.0	40.0	37.0
168.0	96.0	39.0	37.0
169.0	95.0	39.0	37.0
170.0	91.0	40.0	39.0
173.0	90.0	38.0	38.0
172.0	89.0	39.0	39.0
172.0	91.0	39.0	38.0
172.0	90.0	39.0	39.0
173.0	91.0	37.0	37.0
172.0	91.0	37.0	37.0
171.0	91.0	39.0	38.0
173.0	92.0	38.0	38.0
175.0	93.0	38.0	38.0
175.0	93.0	38.0	38.0
174.0	92.0	38.0	39.0
174.0	91.0	40.0	39.0
176.0	90.0	42.0	39.0
178.0	93.0	39.0	37.0
176.0	92.0	39.0	38.0
175.0	92.0	40.0	39.0
174.0	93.0	40.0	38.0
173.0	92.0	40.0	38.0
173.0	92.0	40.0	38.0
173.0	89.0	42.0	41.0
173.0	88.0	43.0	40.0
174.0	86.0	41.0	43.0
173.0	89.0	43.0	43.0
173.0	91.0	42.0	41.0
173.0	91.0	42.0	42.0
174.0	92.0	41.0	40.0
174.0	93.0	41.0	38.0
173.0	94.0	39.0	37.0
172.0	95.0	39.0	35.0
172.0	96.0	39.0	35.0
172.0	95.0	37.0	36.0
171.0	94.0	39.0	36.0
171.0	94.0	39.0	36.0
171.0	94.0	38.0	37.0
170.0	93.0	40.0	37.0
171.0	92.0	38.0	36.0
170.0	91.0	38.0	37.0
169.0	92.0	38.0	37.0
169.0	95.0	38.0	36.0
170.0	96.0	38.0	37.0
171.0	97.0	38.0	36.0
171.0	97.0	38.0	36.0
170.0	97.0	37.0	35.0
169.0	98.0	37.0	35.0
168.0	99.0	37.0	34.0
169.0	100.0	37.0	36.0
167.0	102.0	38.0	37.0
167.0	103.0	37.0	35.0
166.0	103.0	37.0	35.0
165.0	102.0	38.0	36.0
164.0	99.0	40.0	38.0
167.0	97.0	37.0	36.0
167.0	94.0	38.0	36.0
166.0	92.0	39.0	37.0
167.0	91.0	39.0	37.0
167.0	91.0	38.0	36.0
165.0	90.0	38.0	37.0
163.0	88.0	39.0	37.0
162.0	88.0	37.0	37.0
160.0	88.0	38.0	37.0
160.0	88.0	37.0	36.0
158.0	87.0	38.0	36.0
157.0	85.0	38.0	36.0
156.0	84.0	39.0	38.0
158.0	84.0	37.0	37.0
156.0	85.0	38.0	36.0
150.0	86.0	42.0	37.0
150.0	88.0	40.0	36.0
150.0	89.0	40.0	37.0
147.0	90.0	43.0	38.0
145.0	90.0	44.0	38.0
145.0	90.0	42.0	38.0
143.0	90.0	43.0	38.0
147.0	91.0	40.0	37.0
150.0	92.0	38.0	37.0
150.0	92.0	40.0	37.0
153.0	91.0	40.0	37.0
155.0	89.0	40.0	38.0
156.0	87.0	41.0	37.0
156.0	87.0	42.0	37.0
156.0	90.0	40.0	37.0
154.0	94.0	40.0	38.0
151.0	98.0	42.0	39.0
153.0	102.0	39.0	39.0
150.0	104.0	41.0	39.0
149.0	105.0	40.0	36.0
144.0	105.0	43.0	38.0
143.0	103.0	43.0	40.0
142.0	102.0	44.0	40.0
143.0	102.0	43.0	40.0
143.0	102.0	45.0	39.0
143.0	102.0	44.0	39.0
146.0	104.0	41.0	37.0
148.0	104.0	41.0	37.0
149.0	104.0	40.0	38.0
151.0	103.0	39.0	37.0
151.0	103.0	41.0	37.0
151.0	102.0	42.0	39.0
152.0	102.0	41.0	38.0
150.0	101.0	44.0	40.0
151.0	100.0	42.0	39.0
152.0	99.0	43.0	41.0
153.0	98.0	44.0	41.0
153.0	97.0	44.0	41.0
153.0	97.0	45.0	41.0
153.0	96.0	44.0	41.0
153.0	94.0	43.0	40.0
151.0	94.0	44.0	41.0
152.0	94.0	43.0	40.0
151.0	92.0	45.0	43.0
153.0	93.0	43.0	39.0
154.0	95.0	41.0	37.0
153.0	94.0	42.0	38.0
154.0	94.0	41.0	37.0
154.0	93.0	41.0	37.0
154.0	93.0	43.0	38.0
155.0	92.0	43.0	39.0
155.0	92.0	44.0	39.0
156.0	92.0	43.0	40.0
155.0	93.0	44.0	41.0
155.0	93.0	44.0	42.0
156.0	96.0	42.0	39.0
154.0	97.0	44.0	40.0
155.0	98.0	43.0	40.0
153.0	98.0	45.0	41.0
155.0	97.0	42.0	40.0
154.0	94.0	44.0	41.0
155.0	94.0	43.0	39.0
158.0	94.0	39.0	37.0
156.0	89.0	40.0	41.0
154.0	83.0	42.0	45.0
155.0	86.0	39.0	40.0
153.0	82.0	40.0	39.0
150.0	79.0	44.0	42.0
150.0	79.0	45.0	41.0
154.0	84.0	43.0	38.0
152.0	84.0	43.0	39.0
153.0	84.0	44.0	41.0
153.0	86.0	44.0	40.0
153.0	87.0	44.0	40.0
155.0	88.0	41.0	39.0
155.0	89.0	41.0	39.0
154.0	91.0	43.0	38.0
155.0	93.0	41.0	37.0
155.0	95.0	41.0	37.0
155.0	96.0	42.0	38.0
156.0	94.0	44.0	41.0
155.0	95.0	45.0	42.0
156.0	95.0	45.0	42.0
156.0	95.0	45.0	42.0
157.0	98.0	41.0	36.0
157.0	98.0	41.0	36.0
157.0	97.0	41.0	37.0
153.0	95.0	45.0	40.0
154.0	93.0	44.0	40.0
153.0	93.0	46.0	42.0
154.0	93.0	45.0	42.0
156.0	93.0	43.0	40.0
156.0	93.0	43.0	40.0
156.0	93.0	43.0	39.0
157.0	93.0	42.0	38.0
157.0	93.0	43.0	40.0
157.0	97.0	42.0	39.0
158.0	98.0	41.0	37.0
157.0	98.0	41.0	36.0
155.0	97.0	42.0	37.0
154.0	97.0	43.0	39.0
153.0	96.0	44.0	40.0
152.0	96.0	44.0	40.0
152.0	97.0	44.0	41.0
152.0	97.0	44.0	40.0
153.0	98.0	42.0	38.0
151.0	97.0	42.0	38.0
150.0	94.0	45.0	39.0
153.0	92.0	43.0	40.0
148.0	93.0	44.0	42.0
147.0	94.0	44.0	41.0
147.0	92.0	44.0	42.0
148.0	91.0	43.0	42.0
148.0	90.0	44.0	42.0
147.0	88.0	44.0	43.0
148.0	88.0	43.0	42.0
147.0	88.0	42.0	42.0
147.0	88.0	41.0	41.0
145.0	89.0	42.0	41.0
145.0	92.0	41.0	39.0
146.0	91.0	42.0	41.0
145.0	91.0	43.0	41.0
145.0	89.0	43.0	42.0
144.0	88.0	43.0	41.0
145.0	87.0	43.0	41.0
144.0	86.0	45.0	42.0
145.0	88.0	44.0	41.0
146.0	88.0	42.0	41.0
145.0	87.0	44.0	40.0
146.0	87.0	43.0	40.0
147.0	88.0	41.0	39.0
147.0	89.0	42.0	38.0
149.0	91.0	41.0	38.0
151.0	93.0	41.0	37.0
154.0	96.0	40.0	37.0
159.0	97.0	40.0	38.0
165.0	97.0	39.0	38.0
169.0	97.0	40.0	39.0
175.0	97.0	39.0	38.0
178.0	91.0	41.0	42.0
178.0	87.0	42.0	44.0
177.0	86.0	43.0	44.0
177.0	84.0	41.0	44.0
177.0	84.0	39.0	42.0
170.0	86.0	41.0	43.0
164.0	92.0	39.0	38.0
157.0	94.0	39.0	41.0
150.0	97.0	39.0	39.0
144.0	99.0	38.0	38.0
139.0	99.0	39.0	39.0
135.0	100.0	38.0	38.0
132.0	100.0	39.0	39.0
132.0	102.0	38.0	38.0
131.0	102.0	40.0	39.0
133.0	102.0	38.0	37.0
136.0	101.0	38.0	37.0
140.0	99.0	39.0	38.0
145.0	96.0	38.0	38.0
148.0	92.0	40.0	39.0
153.0	92.0	39.0	36.0
156.0	91.0	40.0	38.0
162.0	92.0	39.0	37.0
168.0	93.0	37.0	36.0
172.0	93.0	39.0	38.0
177.0	93.0	39.0	37.0
180.0	93.0	38.0	37.0
183.0	91.0	39.0	38.0
185.0	90.0	39.0	37.0
186.0	89.0	39.0	37.0
186.0	88.0	39.0	36.0
184.0	88.0	39.0	37.0
180.0	88.0	40.0	37.0
175.0	88.0	42.0	38.0
172.0	88.0	40.0	38.0
169.0	87.0	39.0	39.0
165.0	87.0	38.0	39.0
161.0	88.0	37.0	39.0
156.0	90.0	38.0	39.0
152.0	92.0	38.0	39.0
150.0	93.0	39.0	38.0
150.0	93.0	38.0	37.0
151.0	92.0	38.0	38.0
152.0	91.0	38.0	37.0
157.0	90.0	35.0	33.0
159.0	89.0	35.0	32.0
162.0	90.0	34.0	29.0
166.0	90.0	32.0	26.0
168.0	90.0	31.0	24.0
170.0	89.0	31.0	24.0
173.0	88.0	31.0	25.0
173.0	87.0	35.0	30.0
173.0	88.0	39.0	39.0
177.0	88.0	39.0	40.0
180.0	87.0	39.0	39.0
182.0	88.0	40.0	37.0
183.0	87.0	40.0	39.0
186.0	87.0	39.0	41.0
185.0	87.0	40.0	42.0
183.0	89.0	42.0	41.0
183.0	92.0	40.0	40.0
181.0	92.0	41.0	42.0
180.0	91.0	42.0	43.0
179.0	90.0	41.0	42.0
178.0	88.0	40.0	42.0
176.0	89.0	39.0	39.0
176.0	90.0	39.0	38.0
175.0	87.0	39.0	39.0
175.0	87.0	37.0	36.0
174.0	83.0	37.0	36.0
171.0	82.0	39.0	38.0
170.0	80.0	39.0	40.0
168.0	78.0	40.0	43.0
167.0	81.0	40.0	40.0
164.0	82.0	42.0	42.0
164.0	84.0	40.0	38.0
163.0	85.0	38.0	36.0
159.0	86.0	41.0	40.0
157.0	88.0	43.0	41.0
156.0	90.0	41.0	38.0
156.0	93.0	41.0	39.0
157.0	94.0	41.0	39.0
159.0	95.0	40.0	38.0
160.0	95.0	40.0	37.0
162.0	95.0	39.0	37.0
162.0	95.0	38.0	37.0
160.0	94.0	41.0	38.0
161.0	93.0	40.0	37.0
163.0	92.0	40.0	37.0
166.0	91.0	39.0	37.0
171.0	91.0	38.0	37.0
168.0	87.0	43.0	42.0
166.0	84.0	49.0	47.0
162.0	82.0	56.0	51.0
171.0	83.0	50.0	47.0
177.0	81.0	47.0	46.0
180.0	80.0	46.0	45.0
186.0	78.0	45.0	45.0
185.0	78.0	51.0	45.0
195.0	78.0	43.0	40.0
197.0	76.0	41.0	39.0
197.0	76.0	41.0	38.0
197.0	78.0	41.0	36.0
197.0	80.0	40.0	36.0
193.0	79.0	43.0	39.0
189.0	80.0	44.0	40.0
185.0	81.0	45.0	41.0
182.0	81.0	45.0	42.0
180.0	83.0	44.0	41.0
177.0	84.0	44.0	41.0
176.0	85.0	42.0	41.0
173.0	85.0	43.0	42.0
172.0	83.0	46.0	44.0
173.0	83.0	46.0	43.0
177.0	81.0	43.0	45.0
177.0	77.0	45.0	45.0
178.0	77.0	43.0	45.0
177.0	77.0	44.0	44.0
180.0	78.0	41.0	41.0
177.0	79.0	42.0	41.0
176.0	84.0	40.0	40.0
175.0	87.0	40.0	40.0
175.0	88.0	40.0	41.0
174.0	88.0	41.0	42.0
173.0	86.0	43.0	43.0
176.0	82.0	42.0	46.0
178.0	80.0	42.0	46.0
180.0	80.0	39.0	41.0
184.0	75.0	38.0	42.0
184.0	72.0	39.0	40.0
183.0	69.0	39.0	37.0
182.0	67.0	40.0	38.0
183.0	65.0	39.0	37.0
182.0	64.0	38.0	35.0
178.0	64.0	39.0	37.0
176.0	66.0	38.0	36.0
172.0	68.0	40.0	37.0
169.0	69.0	40.0	39.0
166.0	71.0	39.0	37.0
163.0	70.0	41.0	40.0
165.0	70.0	40.0	38.0
164.0	66.0	40.0	40.0
162.0	64.0	43.0	43.0
165.0	66.0	42.0	41.0
167.0	67.0	43.0	42.0
170.0	71.0	42.0	41.0
173.0	75.0	41.0	40.0
177.0	81.0	40.0	35.0
178.0	85.0	39.0	37.0
178.0	89.0	38.0	38.0
179.0	90.0	37.0	38.0
177.0	90.0	39.0	43.0
174.0	93.0	41.0	43.0
173.0	100.0	39.0	39.0
172.0	103.0	40.0	38.0
172.0	99.0	41.0	40.0
175.0	96.0	39.0	40.0
177.0	92.0	39.0	40.0
178.0	90.0	38.0	40.0
179.0	87.0	39.0	41.0
182.0	84.0	39.0	42.0
184.0	84.0	37.0	40.0
183.0	82.0	37.0	40.0
179.0	81.0	39.0	37.0
176.0	77.0	42.0	39.0
177.0	75.0	41.0	37.0
176.0	71.0	42.0	39.0
174.0	71.0	43.0	39.0
173.0	73.0	42.0	38.0
174.0	77.0	39.0	36.0
173.0	78.0	42.0	37.0
170.0	78.0	43.0	40.0
170.0	78.0	43.0	39.0
170.0	78.0	43.0	38.0
171.0	78.0	41.0	38.0
170.0	77.0	42.0	39.0
