137.0	141.0	13.0	30.0
138.0	142.0	12.0	30.0
137.0	140.0	13.0	31.0
137.0	141.0	12.0	30.0
137.0	143.0	11.0	28.0
136.0	142.0	12.0	29.0
135.67630004882812	141.16075134277344	12.1014404296875	29.245147705078125
134.4256591796875	141.6251983642578	12.078841209411621	29.19053077697754
136.0	142.0	11.0	29.0
134.0	141.0	12.0	30.0
133.0	141.0	13.0	31.0
133.0	141.0	13.0	31.0
133.0	141.0	13.0	31.0
133.0	141.0	13.0	31.0
133.0	141.0	12.0	31.0
132.0	141.0	14.0	30.0
132.0	142.0	13.0	30.0
132.0	142.0	13.0	30.0
132.0	142.0	13.0	30.0
132.0	141.0	14.0	31.0
132.0	142.0	13.0	30.0
132.0	141.0	14.0	31.0
133.0	141.0	12.0	30.0
133.0	142.0	14.0	30.0
133.0	141.0	13.0	31.0
133.0	142.0	14.0	30.0
129.98765563964844	140.94155883789062	13.940828323364258	29.87320327758789
129.19033813476562	141.41574096679688	13.83180046081543	29.639572143554688
128.2798309326172	140.52613830566406	13.821662902832031	29.617849349975586
129.0291748046875	141.2410125732422	13.545567512512207	29.026214599609375
127.6270751953125	142.16847229003906	13.454299926757812	28.830642700195312
127.3132095336914	143.8242645263672	13.249322891235352	28.391408920288086
127.24046325683594	144.896484375	13.176355361938477	28.235050201416016
136.0	144.0	10.0	27.0
134.4335174560547	142.7998046875	10.13447093963623	27.363073348999023
134.0	142.0	11.0	28.0
133.7869415283203	143.10324096679688	10.946441650390625	27.86366844177246
132.75936889648438	143.17471313476562	10.8931303024292	27.727970123291016
131.97642517089844	143.50167846679688	11.004533767700195	28.01154136657715
132.2069091796875	143.44775390625	10.87331771850586	27.677536010742188
130.02635192871094	143.55288696289062	10.888192176818848	27.71539878845215
129.5162811279297	143.426513671875	10.992277145385742	27.980342864990234
129.50238037109375	143.8131866455078	10.94511890411377	27.860301971435547
128.8650360107422	143.08090209960938	11.048673629760742	28.1238956451416
127.91007995605469	143.07565307617188	11.13798713684082	28.351238250732422
127.30794525146484	142.46609497070312	11.171354293823242	28.436172485351562
126.95686340332031	142.62271118164062	11.23126220703125	28.588668823242188
126.03487396240234	141.90306091308594	11.313040733337402	28.796833038330078
125.37447357177734	141.54495239257812	11.363729476928711	28.925861358642578
125.01436614990234	141.07400512695312	11.469118118286133	29.19412612915039
124.60426330566406	140.94558715820312	11.316792488098145	28.806386947631836
125.1606216430664	141.27081298828125	11.215533256530762	28.548635482788086
124.2816162109375	141.37388610839844	11.332871437072754	28.84731101989746
125.4667739868164	141.15725708007812	11.485882759094238	29.23679542541504
124.84141540527344	142.0906982421875	11.611340522766113	29.556142807006836
126.09187316894531	142.06930541992188	11.611897468566895	29.557559967041016
125.6444320678711	142.03317260742188	11.64576244354248	29.643762588500977
125.45599365234375	142.3683624267578	11.679819107055664	29.730449676513672
131.0	142.0	14.0	30.0
133.0	140.0	13.0	32.0
132.0	140.0	15.0	32.0
124.49345397949219	140.19509887695312	14.903607368469238	31.794363021850586
123.84095764160156	141.03793334960938	14.585769653320312	31.116308212280273
124.16951751708984	141.1469268798828	14.78038501739502	31.531484603881836
124.23722076416016	141.0052032470703	14.665853500366211	31.287155151367188
124.06441497802734	141.07345581054688	14.339303970336914	30.59051513671875
124.38871002197266	140.98876953125	14.267924308776855	30.438236236572266
124.99007415771484	142.2819061279297	13.9983549118042	29.8631534576416
124.67399597167969	142.6273651123047	13.719525337219238	29.2683162689209
124.26744079589844	142.13815307617188	13.43217658996582	28.65530776977539
124.09393310546875	142.25173950195312	13.202322006225586	28.164953231811523
123.69293212890625	142.61207580566406	13.235984802246094	28.236766815185547
127.0	141.0	9.0	28.0
126.6666488647461	142.0708770751953	10.0	28.13766098022461
125.51298522949219	141.56851196289062	10.039276123046875	28.06344223022461
162.0	142.0	10.0	29.0
163.0	140.0	9.0	33.0
130.0	141.0	16.0	31.0
132.87506103515625	141.4431610107422	16.18899154663086	31.366174697875977
133.92129516601562	140.57858276367188	16.080167770385742	31.15532875061035
131.59194946289062	140.56011962890625	16.092676162719727	31.179561614990234
134.70986938476562	140.2392120361328	16.235469818115234	31.456226348876953
135.52716064453125	140.37396240234375	15.99132251739502	30.983190536499023
135.92547607421875	140.96519470214844	15.850479125976562	30.710302352905273
136.78021240234375	140.76376342773438	15.968856811523438	30.939661026000977
136.93699645996094	140.5696563720703	15.825368881225586	30.66165542602539
136.8209991455078	139.9582061767578	15.733407974243164	30.48348045349121
137.3151092529297	141.29922485351562	15.561561584472656	30.150531768798828
135.76031494140625	140.90634155273438	15.68883991241455	30.397130966186523
136.790283203125	140.53616333007812	15.755151748657227	30.525609970092773
136.51292419433594	141.42532348632812	15.606338500976562	30.237285614013672
137.5760955810547	141.03050231933594	15.605232238769531	30.23514175415039
137.0	141.0	12.0	30.0
137.0	141.0	13.0	31.0
137.1763458251953	139.8281707763672	13.077596664428711	31.185039520263672
138.63502502441406	139.72552490234375	13.17943286895752	31.427881240844727
138.63067626953125	140.00186157226562	13.200765609741211	31.478755950927734
138.36721801757812	140.01580810546875	13.033164978027344	31.0790958404541
139.213623046875	139.95602416992188	12.933191299438477	30.8406982421875
138.90127563476562	141.03416442871094	12.979647636413574	30.951480865478516
137.73757934570312	140.06631469726562	13.034448623657227	31.0821590423584
136.28683471679688	138.77383422851562	13.188241958618164	31.448894500732422
273.0	19.0	8.0	33.0
271.52252197265625	17.279727935791016	10.0	33.264408111572266
271.7319641113281	18.51332664489746	10.122220993041992	33.28246307373047
271.5536193847656	17.55531883239746	10.221451759338379	33.608741760253906
272.0	19.0	9.0	33.0
271.6321105957031	18.580961227416992	10.0	33.019081115722656
272.0	19.0	9.0	33.0
271.73199462890625	17.88289451599121	10.0	33.21649169921875
272.0	18.0	9.0	34.0
271.4332580566406	18.008892059326172	10.0	33.806053161621094
271.67218017578125	17.88348960876465	10.030545234680176	33.603240966796875
272.0	18.0	9.0	34.0
272.0	18.0	9.0	34.0
272.0	19.0	9.0	33.0
272.0	19.0	9.0	33.0
272.0	19.0	9.0	33.0
272.0	19.0	9.0	33.0
272.0	19.0	9.0	33.0
272.0	18.0	9.0	34.0
272.0	19.0	9.0	33.0
271.58306884765625	19.54673194885254	10.0	33.24784469604492
272.0	19.0	9.0	33.0
272.0	19.0	9.0	33.0
271.88800048828125	18.022037506103516	10.0	32.91167449951172
271.7207946777344	18.87408447265625	10.05960464477539	32.89631271362305
271.4395446777344	17.510990142822266	10.248636245727539	33.51447296142578
271.5076904296875	17.465290069580078	10.424607276916504	34.08992385864258
271.3990783691406	16.49478530883789	10.334000587463379	33.789894104003906
271.41754150390625	17.95083236694336	10.375539779663086	33.92572021484375
271.50030517578125	18.302963256835938	10.22260570526123	33.33836364746094
272.0	19.0	9.0	33.0
271.635498046875	18.292903900146484	10.0	33.30645751953125
271.8050842285156	17.204721450805664	10.281510353088379	34.24406814575195
271.6202087402344	17.885168075561523	10.409993171691895	34.6719970703125
271.6176452636719	16.801837921142578	10.154757499694824	33.74980926513672
271.57574462890625	17.24905776977539	10.298828125	34.20336151123047
271.63751220703125	17.767318725585938	10.308080673217773	34.106834411621094
271.1585998535156	17.378915786743164	10.367419242858887	34.30316925048828
271.7767028808594	18.486852645874023	10.355531692504883	34.26383590698242
272.0	16.0	9.0	36.0
271.80633544921875	17.506206512451172	10.0	35.8538703918457
271.91363525390625	15.946067810058594	10.092023849487305	36.18082046508789
271.79571533203125	16.145357131958008	10.246280670166016	36.57246780395508
271.7300720214844	16.716320037841797	10.06528377532959	35.72079086303711
271.9262390136719	16.88991355895996	10.087799072265625	35.584571838378906
272.0	18.0	9.0	34.0
272.058349609375	16.485933303833008	10.0	33.89805221557617
271.7862854003906	17.175556182861328	10.017552375793457	33.55253601074219
271.72747802734375	17.603410720825195	10.124963760375977	33.61479949951172
271.6414794921875	17.78787612915039	10.098599433898926	33.444339752197266
273.0	17.0	8.0	34.0
272.05694580078125	17.707645416259766	10.0	34.54006576538086
271.485107421875	17.898635864257812	10.168474197387695	35.0263671875
271.5882568359375	17.737701416015625	10.345674514770508	35.55889129638672
271.5098571777344	16.372203826904297	10.471539497375488	35.99149703979492
271.51458740234375	17.53530502319336	10.507621765136719	36.11551284790039
271.6087341308594	18.04881477355957	10.45775032043457	35.94409942626953
271.54302978515625	17.084531784057617	10.402875900268555	35.7554931640625
271.5879821777344	17.048240661621094	10.333357810974121	35.51655197143555
271.7176818847656	16.544260025024414	10.3891019821167	35.60171890258789
271.5799560546875	16.21722984313965	10.253741264343262	35.13785934448242
272.0	18.0	9.0	34.0
271.7608947753906	17.783823013305664	10.0	34.4734001159668
272.0	19.0	9.0	33.0
271.5135192871094	17.607257843017578	10.0	32.99173355102539
271.7514343261719	18.424400329589844	10.0	32.56787109375
271.800048828125	17.908611297607422	10.080080032348633	32.67081832885742
271.6250305175781	18.39375877380371	10.240172386169434	32.930458068847656
272.0	17.0	9.0	35.0
271.9433898925781	18.097497940063477	10.0	35.32790756225586
271.3957214355469	17.22780418395996	10.156810760498047	35.67922592163086
271.8227233886719	17.404903411865234	10.182694435119629	35.64336395263672
271.96820068359375	17.57709312438965	10.14365005493164	35.506690979003906
271.31365966796875	17.93174934387207	10.140790939331055	35.202423095703125
271.614501953125	16.848957061767578	10.261486053466797	35.54703903198242
272.075927734375	16.608428955078125	10.18597412109375	35.28545379638672
271.4324951171875	17.969879150390625	10.109830856323242	34.8000373840332
271.6064147949219	17.28014373779297	10.10251522064209	34.45846176147461
271.522705078125	17.617666244506836	10.266366004943848	34.783103942871094
271.7616882324219	17.682994842529297	10.216615676879883	34.443946838378906
271.25689697265625	16.319103240966797	10.3207426071167	34.77293395996094
271.57196044921875	18.250957489013672	10.284055709838867	34.621456146240234
271.5452575683594	17.230255126953125	10.400197982788086	35.012451171875
271.6695861816406	18.2969970703125	10.34869384765625	34.83905792236328
272.16607666015625	17.208703994750977	10.397915840148926	35.00476837158203
271.6172790527344	17.7752742767334	10.418888092041016	35.07537078857422
271.4625244140625	18.33457374572754	10.51557731628418	35.40087890625
271.65643310546875	18.010269165039062	10.596634864807129	35.67375946044922
271.3333435058594	17.739177703857422	10.647265434265137	35.844207763671875
271.2353210449219	18.231693267822266	10.625537872314453	35.77106475830078
271.3792419433594	17.284006118774414	10.502631187438965	35.357295989990234
271.3789978027344	17.10084342956543	10.59874153137207	35.68084716796875
271.22686767578125	17.19024085998535	10.557945251464844	35.54350662231445
271.7190246582031	17.31473159790039	10.534196853637695	35.463558197021484
271.5411071777344	16.799840927124023	10.550271987915039	35.517677307128906
271.8460998535156	16.92071533203125	10.710180282592773	36.05601119995117
271.53497314453125	17.274335861206055	10.641011238098145	35.82315444946289
271.90325927734375	17.135986328125	10.432818412780762	35.12227249145508
271.68170166015625	17.356430053710938	10.255823135375977	34.52641677856445
271.4894714355469	18.81465721130371	10.204008102416992	34.35198211669922
271.4944152832031	17.208486557006836	10.385374069213867	34.87531280517578
271.61993408203125	17.114795684814453	10.4634428024292	35.137474060058594
271.21282958984375	17.557456970214844	10.587967872619629	35.55564498901367
271.25030517578125	16.46541976928711	10.520737648010254	35.32987976074219
271.7577819824219	17.62842559814453	10.380861282348633	34.86016082763672
271.77001953125	19.12291145324707	10.415512084960938	34.97652053833008
271.72113037109375	18.095901489257812	10.270639419555664	34.45413589477539
271.0071716308594	18.599246978759766	10.33880615234375	34.68280792236328
271.3779602050781	17.825576782226562	10.380468368530273	34.71957015991211
273.0	19.0	8.0	33.0
271.9422912597656	17.42755699157715	10.0	33.8141975402832
271.3001403808594	18.45016098022461	10.07196044921875	33.68627166748047
271.2604675292969	17.124950408935547	10.231451034545898	34.145606994628906
271.50994873046875	18.03402328491211	10.307809829711914	34.33076858520508
271.34600830078125	19.165225982666016	10.341779708862305	34.44390869140625
271.17437744140625	17.185832977294922	10.440366744995117	34.77225875854492
271.342529296875	17.172855377197266	10.538942337036133	35.1005744934082
271.4617919921875	17.72182273864746	10.574459075927734	35.21886444091797
271.02435302734375	17.41598129272461	10.745899200439453	35.789859771728516
272.0	19.0	9.0	33.0
271.69158935546875	18.273883819580078	10.0	32.65324783325195
272.0	19.0	9.0	33.0
271.63427734375	18.272729873657227	10.0	33.218177795410156
271.5395812988281	18.797832489013672	10.108107566833496	33.237937927246094
271.5469970703125	18.1468505859375	10.03463077545166	32.64371871948242
271.6414489746094	18.051542282104492	10.256742477416992	33.21949005126953
271.2759094238281	17.439640045166016	10.331107139587402	33.46034240722656
271.517822265625	17.246288299560547	10.293065071105957	33.337135314941406
272.01715087890625	17.967205047607422	10.212850570678711	33.07163619995117
271.34759521484375	18.76302719116211	10.238663673400879	33.15522384643555
271.6502685546875	17.61716079711914	10.258493423461914	33.21944046020508
271.45941162109375	17.293701171875	10.370505332946777	33.58216094970703
271.741455078125	18.61177635192871	10.421822547912598	33.74833679199219
271.7374572753906	18.513330459594727	10.353154182434082	33.525970458984375
271.78948974609375	18.099285125732422	10.444502830505371	33.821781158447266
271.9543762207031	17.917041778564453	10.352505683898926	33.48963928222656
271.7062683105469	17.841190338134766	10.40098762512207	33.64647674560547
271.4854431152344	17.626140594482422	10.336380004882812	33.437477111816406
271.70416259765625	18.183168411254883	10.402958869934082	33.63135528564453
271.9253845214844	18.8336124420166	10.28966999053955	33.265106201171875
271.822509765625	16.94486427307129	10.442118644714355	33.75795364379883
271.3002014160156	17.301532745361328	10.473971366882324	33.825286865234375
271.7386169433594	16.647518157958984	10.548707008361816	34.050628662109375
271.39703369140625	18.090091705322266	10.668850898742676	34.438446044921875
271.7418518066406	17.429119110107422	10.784194946289062	34.81077194213867
271.59814453125	17.55201530456543	10.964941024780273	35.39420700073242
271.58941650390625	17.052549362182617	11.035602569580078	35.62229537963867
271.1869201660156	17.03021812438965	10.986698150634766	35.464439392089844
271.5068664550781	17.967506408691406	10.940268516540527	35.3145637512207
271.9999694824219	16.66722869873047	10.905640602111816	35.20278549194336
271.74822998046875	17.934797286987305	10.775629997253418	34.78312301635742
271.72772216796875	17.901691436767578	10.79868221282959	34.85753631591797
271.3285827636719	17.985218048095703	10.79898452758789	34.8585090637207
271.61016845703125	17.88691520690918	10.921937942504883	35.255393981933594
271.54144287109375	17.711048126220703	10.946210861206055	35.33374786376953
271.23809814453125	17.960002899169922	10.854826927185059	35.03876495361328
271.2985534667969	18.10688591003418	10.743819236755371	34.68043899536133
271.6600036621094	17.38824462890625	10.670241355895996	34.442935943603516
271.5718688964844	17.340917587280273	10.530841827392578	33.99296188354492
271.3648376464844	18.42486572265625	10.687981605529785	34.50020217895508
271.6593017578125	18.09701919555664	10.606649398803711	34.2376708984375
271.63604736328125	18.639230728149414	10.566110610961914	34.106815338134766
271.630615234375	18.96270751953125	10.682638168334961	34.48295974731445
273.0	16.0	8.0	35.0
271.77789306640625	17.31169319152832	10.0	34.10973358154297
271.623291015625	18.02570152282715	10.02492618560791	33.855403900146484
271.61529541015625	18.397872924804688	10.130369186401367	33.91559982299805
272.0	16.0	9.0	35.0
271.74835205078125	17.738983154296875	10.0	35.03162384033203
272.0	16.0	9.0	36.0
271.854248046875	17.526411056518555	10.0	36.19740676879883
271.6429443359375	16.663616180419922	10.126218795776367	36.55229949951172
271.6919860839844	17.781280517578125	10.020276069641113	35.54460144042969
271.6452331542969	18.195758819580078	10.042543411254883	35.30727005004883
271.5416259765625	18.175390243530273	10.19107437133789	35.56486129760742
271.5964050292969	16.92782974243164	10.392753601074219	36.24993133544922
271.3868408203125	16.616724014282227	10.562074661254883	36.84052276611328
271.51483154296875	17.160215377807617	10.450078964233398	36.44988250732422
271.355712890625	18.112552642822266	10.601295471191406	36.97732162475586
271.65948486328125	17.07077407836914	10.656163215637207	37.16869354248047
271.35845947265625	19.17622184753418	10.492283821105957	36.597084045410156
271.46588134765625	17.528823852539062	10.663346290588379	37.193748474121094
271.24285888671875	16.89458656311035	10.603616714477539	36.98541259765625
271.59112548828125	15.919580459594727	10.603409767150879	36.98469161987305
271.23138427734375	16.68346405029297	10.680278778076172	37.25281524658203
271.4771728515625	16.294189453125	10.853349685668945	37.856483459472656
271.7531433105469	17.550357818603516	10.815335273742676	37.72389221191406
271.473876953125	16.07861328125	10.85731315612793	37.87030792236328
271.4742736816406	15.855791091918945	10.829920768737793	37.7747688293457
271.3135681152344	16.166278839111328	10.96699047088623	38.25286865234375
271.4376525878906	16.41457176208496	10.974493026733398	38.27903747558594
271.6076354980469	16.60049819946289	10.978615760803223	38.29341506958008
270.9941711425781	16.189504623413086	11.118459701538086	38.78119659423828
271.516357421875	16.720937728881836	11.103693962097168	38.72969436645508
271.21209716796875	16.920787811279297	11.245134353637695	39.2230339050293
281.0	139.0	11.0	30.0
281.0	140.0	11.0	29.0
280.1599426269531	140.06375122070312	10.97492790222168	28.93389892578125
280.1861877441406	139.79115295410156	11.09028148651123	29.238012313842773
280.25445556640625	140.10147094726562	11.016334533691406	29.043060302734375
273.0	15.0	8.0	37.0
271.6904296875	16.636356353759766	10.0	37.21898651123047
271.8359375	18.106258392333984	10.003820419311523	36.60474395751953
272.120361328125	17.272422790527344	10.002448081970215	36.29300308227539
271.5522155761719	18.023365020751953	10.000798225402832	36.234195709228516
271.6819152832031	18.135377883911133	10.02118968963623	36.276039123535156
271.57659912109375	17.326210021972656	10.179756164550781	36.70474624633789
271.45977783203125	17.135452270507812	10.135461807250977	36.14336013793945
271.2960510253906	17.34870147705078	10.154370307922363	36.07994842529297
271.44818115234375	17.948514938354492	10.130987167358398	35.767311096191406
271.5149230957031	17.9422607421875	10.109786987304688	35.4825553894043
271.6607360839844	17.18610191345215	10.167669296264648	35.424842834472656
271.3786926269531	17.421939849853516	10.200971603393555	35.3203239440918
271.6170959472656	18.004425048828125	10.216318130493164	35.31953048706055
271.8470764160156	16.987567901611328	10.23721981048584	35.3504753112793
271.7198791503906	18.72276496887207	10.410324096679688	35.9482307434082
272.0	19.0	9.0	32.0
271.58209228515625	19.50442123413086	10.0	31.886281967163086
271.59332275390625	19.29938507080078	10.014154434204102	31.378299713134766
271.791259765625	19.704317092895508	10.083413124084473	31.335796356201172
271.4601745605469	20.26092529296875	10.142255783081055	31.33791732788086
271.59527587890625	19.028871536254883	10.237576484680176	31.632442474365234
271.599609375	19.908666610717773	10.3037691116333	31.731616973876953
271.3997497558594	19.252887725830078	10.348271369934082	31.868667602539062
271.3370361328125	19.173290252685547	10.384073257446289	31.968297958374023
271.2400207519531	19.66793441772461	10.247440338134766	31.47968101501465
272.0	15.0	9.0	37.0
271.89007568359375	17.066139221191406	10.0	36.84050369262695
271.88873291015625	16.390256881713867	10.100171089172363	37.03744125366211
271.781005859375	16.921222686767578	10.13548755645752	37.09040069580078
271.7671813964844	18.128292083740234	10.157428741455078	37.132774353027344
271.7426452636719	16.07302474975586	10.405016899108887	38.03395080566406
271.81414794921875	17.049419403076172	10.391385078430176	37.98412322998047
271.48614501953125	17.30650520324707	10.255574226379395	37.3364372253418
271.7539978027344	17.47275733947754	10.348108291625977	37.673316955566406
271.95587158203125	17.657581329345703	10.345447540283203	37.55830001831055
271.49957275390625	16.9310245513916	10.388010025024414	37.71281814575195
271.7847595214844	16.091922760009766	10.289697647094727	37.27874755859375
271.532470703125	17.0815486907959	10.249391555786133	37.12846374511719
271.6032409667969	17.3237361907959	10.25178337097168	37.1135139465332
273.0	15.0	8.0	37.0
271.9114990234375	18.09334373474121	10.0	37.11574935913086
271.93988037109375	17.311935424804688	10.007974624633789	36.54740524291992
271.9901428222656	16.085739135742188	10.010887145996094	35.957237243652344
272.0875244140625	17.178085327148438	10.0	35.258094787597656
271.79443359375	17.22488784790039	10.03136920928955	35.003257751464844
271.4376525878906	17.691144943237305	10.10229778289795	34.90668487548828
271.6758728027344	17.646711349487305	10.04304313659668	34.31867218017578
271.694091796875	18.302539825439453	10.234977722167969	34.730812072753906
271.65643310546875	16.78046226501465	10.258779525756836	34.772727966308594
271.4754943847656	16.660778045654297	10.449923515319824	35.42061996459961
271.38153076171875	17.152149200439453	10.461755752563477	35.460731506347656
271.44830322265625	18.03194808959961	10.23160171508789	34.68061065673828
271.3952331542969	17.529354095458984	10.274215698242188	34.75209426879883
271.4799499511719	17.767593383789062	10.189510345458984	34.46558380126953
271.5711975097656	17.4537353515625	10.419071197509766	35.233482360839844
271.44195556640625	16.917724609375	10.483627319335938	35.45178985595703
271.7235412597656	16.529521942138672	10.697912216186523	36.176422119140625
271.10809326171875	16.786426544189453	10.802685737609863	36.530731201171875
271.112548828125	18.36324119567871	10.815871238708496	36.575321197509766
270.9573669433594	16.919029235839844	10.926637649536133	36.94989776611328
270.79193115234375	18.057559967041016	10.923994064331055	36.940956115722656
271.52862548828125	17.754140853881836	10.72022819519043	36.25189971923828
271.3425598144531	17.262008666992188	10.717944145202637	36.24417495727539
272.0	19.0	9.0	33.0
271.4966125488281	18.12936019897461	10.0	32.8502082824707
271.65509033203125	18.363201141357422	10.111225128173828	33.060546875
271.93572998046875	17.359243392944336	10.219734191894531	33.41106414794922
271.37774658203125	18.71531867980957	10.162534713745117	33.04953384399414
271.3605041503906	17.15538787841797	10.244287490844727	33.31540298461914
271.4450988769531	18.75660514831543	10.423818588256836	33.83555603027344
271.49591064453125	17.38292694091797	10.498619079589844	34.0783576965332
271.32513427734375	16.836416244506836	10.390802383422852	33.72838592529297
271.3935241699219	18.06536102294922	10.394903182983398	33.74169921875
271.6148376464844	18.384765625	10.49638557434082	34.07111358642578
271.4630126953125	18.1124210357666	10.593206405639648	34.3853874206543
271.2992248535156	18.142488479614258	10.608413696289062	34.434749603271484
271.4750061035156	18.09613037109375	10.584047317504883	34.355655670166016
271.102294921875	18.199615478515625	10.479499816894531	34.01629638671875
271.3834228515625	18.60983657836914	10.519619941711426	34.14652633666992
271.2527770996094	17.416257858276367	10.524394035339355	34.162025451660156
271.37738037109375	19.223703384399414	10.494233131408691	34.064125061035156
271.1945495605469	18.742107391357422	10.525177001953125	34.16456985473633
271.4197692871094	17.227813720703125	10.686020851135254	34.68666458129883
270.89569091796875	18.287797927856445	10.706120491027832	34.75190734863281
271.3585510253906	15.953453063964844	10.795435905456543	35.04182052612305
271.5676574707031	17.887752532958984	10.648661613464355	34.56539535522461
272.0	16.0	9.0	36.0
271.62176513671875	16.99047088623047	10.0	35.23524475097656
271.84698486328125	17.65248680114746	10.046860694885254	34.89302444458008
271.6910705566406	18.461544036865234	10.145459175109863	35.23381423950195
271.4508361816406	17.319904327392578	10.22629165649414	35.51453399658203
271.80841064453125	16.807571411132812	10.485949516296387	36.416290283203125
271.41546630859375	16.607091903686523	10.625238418579102	36.9000244140625
271.63226318359375	16.412065505981445	10.471898078918457	36.36749267578125
271.34002685546875	17.411645889282227	10.353280067443848	35.955543518066406
271.5535583496094	16.687965393066406	10.350534439086914	35.868408203125
271.1685485839844	17.113399505615234	10.471948623657227	36.289154052734375
271.33062744140625	17.248645782470703	10.505712509155273	36.40616226196289
271.6632385253906	17.001174926757812	10.413274765014648	36.08583068847656
271.59918212890625	17.36756706237793	10.383279800415039	35.97779083251953
271.23455810546875	17.868297576904297	10.48869514465332	36.343055725097656
271.51873779296875	18.109773635864258	10.41013240814209	36.070838928222656
271.60736083984375	18.392704010009766	10.346423149108887	35.8500862121582
271.2906799316406	18.095088958740234	10.357558250427246	35.859283447265625
271.1315612792969	18.004478454589844	10.419748306274414	36.07459259033203
271.6416320800781	17.771343231201172	10.458643913269043	36.20925521850586
271.35687255859375	17.66766929626465	10.457438468933105	36.18597412109375
271.554443359375	17.69858741760254	10.530353546142578	36.43828582763672
271.3638610839844	16.967363357543945	10.439738273620605	36.124732971191406
271.80609130859375	18.29415512084961	10.361814498901367	35.85509490966797
271.35614013671875	17.703325271606445	10.317830085754395	35.61181640625
271.4537048339844	17.734111785888672	10.37257194519043	35.80075454711914
271.2619323730469	18.725200653076172	10.407750129699707	35.92217254638672
271.3752136230469	17.55145263671875	10.254768371582031	35.39415740966797
271.6421203613281	17.978322982788086	10.303446769714355	35.481754302978516
271.59588623046875	17.628549575805664	10.214795112609863	35.16826629638672
271.7843933105469	16.277023315429688	10.258773803710938	35.319679260253906
271.66326904296875	17.8427734375	10.232240676879883	35.07013702392578
271.8952941894531	17.156055450439453	10.238382339477539	35.083946228027344
271.55255126953125	18.286636352539062	10.371620178222656	35.531982421875
271.57916259765625	18.115936279296875	10.306650161743164	35.22562789916992
271.8243103027344	17.36254119873047	10.387170791625977	35.500831604003906
271.39068603515625	17.05864906311035	10.37053394317627	35.4439697265625
271.91864013671875	17.359607696533203	10.383623123168945	35.48870086669922
271.46002197265625	16.050006866455078	10.561686515808105	36.09728240966797
271.70721435546875	17.551002502441406	10.39295482635498	35.52059555053711
271.36431884765625	17.440837860107422	10.364474296569824	35.42325973510742
271.7138977050781	17.151721954345703	10.3407564163208	35.34219741821289
271.57940673828125	18.377086639404297	10.456341743469238	35.73723602294922
271.68072509765625	17.293222427368164	10.244047164916992	34.983245849609375
271.5809631347656	18.106046676635742	10.272146224975586	34.91271209716797
271.82586669921875	18.05584716796875	10.256726264953613	34.86030197143555
271.96380615234375	18.862192153930664	10.252472877502441	34.845848083496094
271.866455078125	18.308441162109375	10.101529121398926	34.25188064575195
271.416015625	18.88340187072754	10.305428504943848	34.901954650878906
271.27996826171875	18.76191520690918	10.265996932983398	34.64289093017578
271.83489990234375	18.608076095581055	10.153651237487793	34.059364318847656
271.6283874511719	18.449901580810547	10.217313766479492	34.27291488647461
271.488037109375	18.15659523010254	10.20904541015625	34.149436950683594
271.5774841308594	17.946212768554688	10.284242630004883	34.400970458984375
271.7093505859375	17.24576759338379	10.376737594604492	34.71036911010742
271.5287780761719	17.774219512939453	10.40953254699707	34.82006072998047
271.4947509765625	17.087779998779297	10.398111343383789	34.781856536865234
271.1620788574219	17.659915924072266	10.575465202331543	35.3751106262207
271.4703369140625	17.25754737854004	10.723657608032227	35.87081527709961
271.0042419433594	17.255390167236328	10.78669548034668	36.0816764831543
271.21429443359375	17.03502082824707	10.823251724243164	36.203956604003906
271.19195556640625	18.115127563476562	10.872148513793945	36.367515563964844
271.13116455078125	17.6420955657959	10.688078880310059	35.751800537109375
271.3352355957031	17.00937271118164	10.651983261108398	35.63105773925781
271.37939453125	18.06133460998535	10.711121559143066	35.82887649536133
271.43853759765625	17.482402801513672	10.81896686553955	36.18961715698242
271.4325866699219	16.471704483032227	10.879254341125488	36.39127731323242
271.10858154296875	17.887598037719727	10.949267387390137	36.62547302246094
271.35394287109375	17.731685638427734	11.02399730682373	36.87544631958008
270.72882080078125	17.655092239379883	11.000372886657715	36.796424865722656
271.20501708984375	16.898998260498047	10.860677719116211	36.32914352416992
271.3741149902344	16.834430694580078	10.876716613769531	36.38279724121094
270.93487548828125	17.736934661865234	11.192110061645508	37.43779754638672
271.27679443359375	17.802356719970703	11.172532081604004	37.37230682373047
271.18572998046875	17.415634155273438	11.13947868347168	37.261741638183594
271.4355773925781	16.36249351501465	11.025182723999023	36.879417419433594
271.51873779296875	18.44687271118164	10.860576629638672	36.32880783081055
271.12213134765625	16.940649032592773	11.0595064163208	36.99422836303711
271.4605712890625	17.224933624267578	10.917863845825195	36.52042770385742
271.2489318847656	17.13856315612793	10.984952926635742	36.744842529296875
271.01446533203125	15.738177299499512	10.938309669494629	36.58882522583008
271.15130615234375	16.97252082824707	11.03447151184082	36.910484313964844
271.22979736328125	18.118450164794922	10.847603797912598	36.28540802001953
270.96734619140625	16.46881103515625	11.063000679016113	37.00591278076172
271.343017578125	16.68854331970215	11.13569164276123	37.24906539916992
271.37567138671875	16.60674285888672	11.405269622802734	38.15081024169922
271.0135192871094	18.320661544799805	11.496596336364746	38.456298828125
273.0	16.0	8.0	36.0
271.34942626953125	16.400991439819336	10.0	36.14136505126953
271.7835388183594	16.41682243347168	10.150598526000977	36.623573303222656
271.35174560546875	16.565832138061523	10.202775955200195	36.65385055541992
271.21038818359375	16.446895599365234	10.143830299377441	36.393367767333984
271.77105712890625	18.317066192626953	10.213951110839844	36.64493942260742
271.6203918457031	17.378742218017578	10.361757278442383	37.17522430419922
271.45233154296875	17.703369140625	10.45147705078125	37.49711227416992
271.65570068359375	16.63081932067871	10.363330841064453	37.180870056152344
271.28662109375	17.690275192260742	10.390756607055664	37.18586349487305
271.0521545410156	16.48432159423828	10.42750358581543	37.31737518310547
271.34161376953125	16.585372924804688	10.346835136413574	37.0078125
271.1060485839844	16.5006046295166	10.34476089477539	37.000396728515625
271.4025573730469	16.848526000976562	10.460004806518555	37.41259002685547
271.73358154296875	17.42673110961914	10.44514274597168	37.359432220458984
271.0561828613281	16.384714126586914	10.594827651977539	37.894813537597656
271.37945556640625	16.57211685180664	10.504971504211426	37.57342529296875
271.69317626953125	17.123676300048828	10.366602897644043	37.078521728515625
271.4371643066406	17.27101707458496	10.454306602478027	37.3922119140625
271.68414306640625	16.360143661499023	10.524728775024414	37.64409637451172
271.3287048339844	15.608055114746094	10.709440231323242	38.30475997924805
271.58074951171875	17.327228546142578	10.753127098083496	38.46101379394531
271.41900634765625	15.797131538391113	10.824735641479492	38.717132568359375
270.6994323730469	16.125900268554688	11.133113861083984	39.82011795043945
271.2768249511719	16.52958106994629	11.068272590637207	39.588199615478516
271.342529296875	14.997682571411133	10.995244979858398	39.327003479003906
271.52886962890625	15.562494277954102	11.06821060180664	39.58797836303711
271.5179138183594	16.90228843688965	10.920845031738281	39.060890197753906
271.4927062988281	16.65386390686035	11.020391464233398	39.41694259643555
271.42132568359375	16.448299407958984	10.850605964660645	38.809661865234375
271.65447998046875	15.524319648742676	10.914604187011719	39.03856658935547
271.3768005371094	16.426555633544922	11.036752700805664	39.47545623779297
271.33197021484375	17.49700164794922	10.857481002807617	38.83424758911133
271.4345397949219	15.854594230651855	10.921853065490723	39.064491271972656
271.4915771484375	16.470348358154297	10.907031059265137	39.011474609375
271.3399963378906	16.00676155090332	11.026378631591797	39.43834686279297
271.68499755859375	16.283018112182617	10.990527153015137	39.31011199951172
271.2884521484375	16.225238800048828	10.992208480834961	39.316123962402344
271.25811767578125	16.27513885498047	11.070637702941895	39.596641540527344
271.54229736328125	16.165821075439453	10.887481689453125	38.94154739379883
271.22698974609375	15.118762016296387	10.967897415161133	39.22916793823242
271.44140625	16.338050842285156	10.907354354858398	39.01262283325195
271.3224182128906	15.444485664367676	10.982770919799805	39.2823600769043
271.48345947265625	16.88286781311035	10.873369216918945	38.89105987548828
271.1796569824219	16.3438777923584	10.85887622833252	38.83922576904297
271.6937561035156	16.112751007080078	10.804210662841797	38.64370346069336
271.1614685058594	16.350143432617188	10.956883430480957	39.18976974487305
271.1833801269531	15.977215766906738	10.968889236450195	39.23271179199219
270.9629821777344	16.488189697265625	11.020671844482422	39.41792678833008
271.13494873046875	16.919132232666016	11.082403182983398	39.63872528076172
271.0908203125	16.088497161865234	11.191664695739746	40.02952194213867
271.4017028808594	15.771581649780273	11.17698860168457	39.977027893066406
271.1754150390625	17.219655990600586	11.34477424621582	40.57715606689453
271.20709228515625	15.400728225708008	11.337321281433105	40.550498962402344
270.9947204589844	16.13203239440918	11.291065216064453	40.38505935668945
270.943603515625	16.143733978271484	11.318109512329102	40.481788635253906
271.15179443359375	17.59943199157715	11.319820404052734	40.48790740966797
271.15435791015625	16.25933837890625	11.172905921936035	39.962432861328125
271.66851806640625	17.343257904052734	11.017563819885254	39.40681457519531
271.10223388671875	15.149622917175293	11.024572372436523	39.431884765625
271.1192626953125	17.399728775024414	10.944873809814453	39.146827697753906
271.5484619140625	16.206401824951172	10.789592742919922	38.591426849365234
271.12322998046875	17.404104232788086	10.753816604614258	38.463462829589844
270.875	16.367496490478516	10.939452171325684	39.12743377685547
271.5331115722656	16.574234008789062	10.768983840942383	38.51771545410156
271.329833984375	16.51334571838379	10.701704025268555	38.277076721191406
271.3176574707031	15.53522777557373	10.731818199157715	38.384788513183594
271.603759765625	17.198551177978516	10.653669357299805	38.10527038574219
271.3890686035156	17.607999801635742	10.658164978027344	38.12135314941406
271.5853576660156	16.954675674438477	10.805432319641113	38.64808654785156
271.22845458984375	16.567296981811523	10.77537727355957	38.540592193603516
271.28619384765625	16.116714477539062	10.801441192626953	38.633811950683594
271.1277770996094	18.00235366821289	10.915607452392578	39.042152404785156
271.53399658203125	16.953935623168945	10.84865951538086	38.802696228027344
271.2506408691406	16.712448120117188	10.866899490356445	38.8679313659668
271.4480285644531	17.915306091308594	10.995241165161133	39.32697296142578
271.2720031738281	16.624759674072266	11.037858963012695	39.479408264160156
270.9106140136719	16.282634735107422	11.140275001525879	39.845726013183594
271.33453369140625	15.88268756866455	11.142711639404297	39.85444259643555
270.96759033203125	15.888940811157227	10.885400772094727	38.934104919433594
271.03485107421875	16.596471786499023	11.0368070602417	39.475643157958984
271.07049560546875	15.979711532592773	11.248594284057617	40.2331428527832
271.1431579589844	15.74688720703125	11.346216201782227	40.58230972290039
271.24224853515625	16.52099609375	11.372213363647461	40.67529296875
271.0311279296875	15.3128080368042	11.562873840332031	41.35723114013672
271.0872497558594	14.349215507507324	11.611385345458984	41.53074264526367
271.2174377441406	16.193294525146484	11.553207397460938	41.322654724121094
271.4094543457031	16.0958309173584	11.522709846496582	41.21357345581055
271.15966796875	16.28134536743164	11.515396118164062	41.187416076660156
271.2087097167969	16.340087890625	11.660917282104492	41.70790481567383
271.1539001464844	15.607324600219727	11.630188941955566	41.59799575805664
271.39202880859375	14.292024612426758	11.775468826293945	42.11762237548828
271.2243957519531	15.308172225952148	11.890485763549805	42.52901077270508
270.91424560546875	17.707368850708008	11.808633804321289	42.236244201660156
271.1451110839844	15.180551528930664	11.826094627380371	42.29869842529297
271.19793701171875	15.93616008758545	11.763362884521484	42.07432174682617
271.041015625	14.244512557983398	11.769701957702637	42.09699630737305
270.97833251953125	14.371548652648926	11.814444541931152	42.25702667236328
272.05902099609375	16.490816116333008	11.438885688781738	40.913753509521484
271.1153869628906	17.638832092285156	11.366521835327148	40.65492630004883
271.15130615234375	15.730981826782227	11.334616661071777	40.54081344604492
271.4473571777344	16.39661407470703	11.48233413696289	41.06916046142578
271.33709716796875	16.257875442504883	11.366434097290039	40.65461349487305
271.45367431640625	16.170400619506836	11.25658893585205	40.26172637939453
271.5152587890625	15.695425033569336	11.315667152404785	40.47303009033203
271.3210754394531	15.324005126953125	11.412991523742676	40.821128845214844
271.17474365234375	15.829119682312012	11.47474479675293	41.0420036315918
271.0528259277344	15.043256759643555	11.38646125793457	40.726234436035156
271.0982360839844	17.520931243896484	11.43946361541748	40.915809631347656
271.2648620605469	17.007308959960938	11.489502906799316	41.094783782958984
271.4052734375	16.922119140625	11.364785194396973	40.64870071411133
270.930419921875	15.783174514770508	11.3909912109375	40.742431640625
271.00439453125	15.774816513061523	11.515722274780273	41.188560485839844
270.7237243652344	15.246073722839355	11.53149127960205	41.244964599609375
271.17803955078125	15.386853218078613	11.369890213012695	40.66695785522461
271.276123046875	14.865350723266602	11.167645454406738	39.943580627441406
271.7056884765625	17.406864166259766	11.094082832336426	39.68046569824219
271.1374206542969	15.763168334960938	10.917356491088867	39.04836654663086
271.324462890625	15.983380317687988	10.984720230102539	39.289310455322266
271.3443298339844	18.03868293762207	10.89171314239502	38.9566535949707
271.620361328125	17.8815860748291	10.835254669189453	38.75471878051758
271.44189453125	17.92519760131836	10.761225700378418	38.48993682861328
271.69464111328125	17.056385040283203	10.740800857543945	38.41687774658203
271.7196350097656	16.148197174072266	10.679303169250488	38.19691848754883
271.58282470703125	17.224769592285156	10.683832168579102	38.21311950683594
271.18939208984375	16.926883697509766	10.693068504333496	38.246150970458984
271.42279052734375	17.302499771118164	10.708361625671387	38.30084991455078
271.5009460449219	15.899978637695312	10.672091484069824	38.171119689941406
271.4046630859375	16.775358200073242	10.756631851196289	38.4734992980957
271.413818359375	17.57269859313965	10.577428817749023	37.83253860473633
271.93206787109375	16.315298080444336	10.458111763000488	37.40576934814453
271.6337890625	17.014225006103516	10.312093734741211	36.88350296020508
271.51995849609375	16.70855140686035	10.545852661132812	37.71959686279297
271.45684814453125	17.053564071655273	10.556131362915039	37.75636291503906
271.82855224609375	17.91989517211914	10.48873519897461	37.51530838012695
271.4593200683594	17.241134643554688	10.468609809875488	37.44332504272461
272.01068115234375	17.408870697021484	10.614192008972168	37.96403503417969
271.9440612792969	17.180057525634766	10.535395622253418	37.68220138549805
