363.0	128.0	14.0	29.0
362.0	129.0	12.0	28.0
361.0	130.0	11.0	27.0
359.0	129.0	12.0	28.0
358.1382751464844	128.9004364013672	11.70641803741455	27.31497573852539
357.0	129.0	11.0	26.0
356.70745849609375	128.59500122070312	11.114572525024414	26.27080726623535
355.6089782714844	127.5103530883789	11.092901229858398	26.219585418701172
355.41357421875	126.529296875	11.11401653289795	26.269495010375977
350.131591796875	126.69108581542969	11.115986824035645	26.274150848388672
349.2904968261719	128.24887084960938	11.254378318786621	26.601261138916016
350.0	128.0	8.0	27.0
348.49774169921875	128.7080841064453	10.0	27.057804107666016
346.0	128.0	11.0	26.0
344.0	126.0	12.0	29.0
342.53631591796875	125.6220703125	11.792988777160645	28.49972152709961
342.0	125.0	13.0	30.0
341.0	126.0	14.0	28.0
340.0	126.0	12.0	28.0
339.0	128.0	13.0	27.0
338.0	127.0	11.0	26.0
336.48846435546875	126.33709716796875	11.147225379943848	26.34798812866211
336.23272705078125	127.1361083984375	11.284490585327148	26.67243003845215
335.2049255371094	126.69120025634766	11.177640914916992	26.419879913330078
334.433837890625	126.11341857910156	11.273530006408691	26.646526336669922
333.0	126.0	13.0	26.0
332.0	125.0	15.0	29.0
331.0	125.0	14.0	28.0
332.0	126.0	11.0	27.0
333.0	126.0	9.0	28.0
333.0	125.0	8.0	27.0
332.0	125.0	10.0	26.0
331.0	124.0	12.0	27.0
330.9939880371094	123.6971435546875	12.095416069030762	27.21468734741211
331.1072692871094	123.8522720336914	12.2915620803833	27.656015396118164
330.0	124.0	14.0	28.0
331.0	125.0	12.0	25.0
330.2388000488281	125.85520935058594	11.946611404418945	24.888774871826172
330.0	125.0	10.0	24.0
329.5531005859375	125.4914779663086	10.029329299926758	23.583297729492188
327.52862548828125	124.9080810546875	10.087054252624512	23.611059188842773
327.0085144042969	125.16646575927734	10.362903594970703	24.25674819946289
327.44122314453125	125.4787368774414	10.490388870239258	24.555156707763672
327.7516174316406	125.1539535522461	10.380894660949707	24.298858642578125
327.09991455078125	125.73087310791016	10.550481796264648	24.695812225341797
327.1788635253906	126.40218353271484	10.479637145996094	24.529985427856445
326.0	125.0	10.0	29.0
325.0	125.0	11.0	27.0
325.0	124.0	10.0	26.0
324.0	122.0	11.0	29.0
323.0	122.0	12.0	29.0
323.0	122.0	14.0	29.0
325.0	122.0	14.0	28.0
327.0	121.0	10.0	30.0
330.0	124.0	7.0	24.0
328.6975402832031	126.27003479003906	10.0	24.121389389038086
328.8006591796875	124.444091796875	10.159747123718262	24.26962661743164
330.0350646972656	125.5222396850586	10.31801700592041	24.60123634338379
332.0	125.0	11.0	24.0
334.0	124.0	12.0	26.0
336.0	123.0	13.0	28.0
338.0	124.0	13.0	28.0
341.0	124.0	12.0	27.0
342.84423828125	125.1932144165039	12.073883056640625	27.166234970092773
345.0	125.0	10.0	27.0
346.0	126.0	10.0	26.0
345.0	126.0	12.0	27.0
344.0	126.0	13.0	27.0
343.0	126.0	13.0	28.0
340.0	127.0	13.0	28.0
339.0	128.0	12.0	27.0
336.0	128.0	12.0	29.0
334.0	129.0	11.0	27.0
332.0	129.0	10.0	27.0
331.0	129.0	10.0	27.0
329.0	129.0	11.0	27.0
326.0	129.0	12.0	26.0
324.0	129.0	13.0	27.0
323.0	129.0	12.0	27.0
321.0	129.0	12.0	28.0
320.0	129.0	10.0	29.0
318.3872985839844	129.9927978515625	10.059844017028809	28.602630615234375
317.0	130.0	9.0	28.0
315.0	130.0	10.0	27.0
313.0	129.0	11.0	28.0
311.0	129.0	11.0	27.0
308.0	129.0	13.0	27.0
307.0	129.0	12.0	27.0
306.0	130.0	11.0	27.0
304.0	130.0	10.0	28.0
302.0	130.0	10.0	27.0
300.0	130.0	10.0	28.0
299.0	131.0	10.0	25.0
297.0	131.0	11.0	25.0
294.0	130.0	13.0	28.0
293.0	130.0	13.0	27.0
292.0	131.0	12.0	27.0
290.0	131.0	11.0	27.0
289.0	132.0	10.0	26.0
286.84686279296875	131.50918579101562	10.098203659057617	25.892675399780273
285.67791748046875	130.705810546875	10.180185317993164	26.042383193969727
284.0	130.0	10.0	28.0
282.0	129.0	12.0	29.0
280.0	131.0	13.0	27.0
278.0	130.0	13.0	28.0
277.0	131.0	11.0	27.0
275.0	131.0	11.0	27.0
274.0	131.0	10.0	28.0
271.8391418457031	131.1775665283203	10.01780891418457	27.792449951171875
270.4272155761719	131.1868133544922	10.06272029876709	27.712366104125977
269.0	131.0	11.0	27.0
266.0	131.0	13.0	27.0
264.0	131.0	13.0	28.0
263.0	131.0	13.0	27.0
261.0	132.0	12.0	27.0
260.0	132.0	10.0	27.0
259.0	133.0	10.0	27.0
257.0	132.0	10.0	26.0
254.0	132.0	12.0	26.0
254.0	131.0	11.0	27.0
251.0	131.0	13.0	27.0
250.0	131.0	12.0	27.0
248.0	132.0	11.0	26.0
247.0	131.0	11.0	29.0
245.0	132.0	11.0	28.0
242.8927459716797	132.03501892089844	10.928037643432617	27.816822052001953
241.0	133.0	10.0	26.0
239.0	133.0	11.0	27.0
237.0	133.0	12.0	26.0
235.0	133.0	13.0	26.0
232.0	133.0	16.0	27.0
229.2691192626953	132.8780975341797	16.093000411987305	27.156940460205078
230.0	134.0	10.0	25.0
228.2386016845703	134.5699920654297	10.063253402709961	25.092546463012695
227.05123901367188	134.1538848876953	10.23622989654541	25.52385902404785
224.9249725341797	133.6146697998047	10.501133918762207	26.18439292907715
223.0	133.0	11.0	28.0
221.0	134.0	12.0	26.0
220.0	134.0	10.0	25.0
217.0	135.0	13.0	26.0
214.6986846923828	133.7616729736328	13.14030933380127	26.28061866760254
216.0	135.0	11.0	26.0
216.0	135.0	10.0	26.0
217.66531372070312	134.00851440429688	10.0	25.677906036376953
221.0046844482422	133.9016571044922	10.101699829101562	25.894306182861328
223.0	134.0	13.0	25.0
226.0	132.0	13.0	28.0
228.0	133.0	14.0	26.0
232.0	133.0	15.0	27.0
235.39706420898438	133.05484008789062	15.196290969848633	27.353321075439453
241.8833770751953	132.5997314453125	15.388201713562012	27.698760986328125
248.6278839111328	132.26858520507812	15.183782577514648	27.330806732177734
257.4824523925781	131.60595703125	14.995266914367676	26.991479873657227
265.40740966796875	131.47628784179688	14.923917770385742	26.863052368164062
269.94073486328125	131.9134979248047	14.879611015319824	26.783300399780273
273.9820861816406	132.03182983398438	14.717889785766602	26.492202758789062
280.0	133.0	12.0	28.0
279.9683837890625	132.96237182617188	12.065805435180664	28.153545379638672
279.9995422363281	134.02511596679688	12.293911933898926	28.685794830322266
281.0	135.0	11.0	29.0
280.0	136.0	10.0	26.0
278.42108154296875	135.99435424804688	10.087800025939941	26.147953033447266
275.0	136.0	12.0	27.0
273.24700927734375	135.66749572753906	11.964546203613281	26.92022705078125
270.0	136.0	14.0	27.0
268.0	136.0	14.0	28.0
265.92926025390625	136.435546875	13.9279146194458	27.8558292388916
264.20159912109375	137.33973693847656	13.618202209472656	27.236404418945312
264.0	136.0	9.0	27.0
261.0	137.0	11.0	27.0
260.37359619140625	136.69004821777344	10.969346046447754	26.924755096435547
258.0	136.0	11.0	27.0
256.0	136.0	12.0	27.0
253.48648071289062	135.64462280273438	12.045119285583496	27.10152244567871
252.0	137.0	12.0	26.0
249.81729125976562	137.56668090820312	11.989609718322754	25.97748374938965
249.0	138.0	11.0	27.0
246.4403533935547	137.254638671875	11.199935913085938	27.490753173828125
244.0	138.0	11.0	26.0
242.96163940429688	137.86477661132812	10.976663589477539	25.944839477539062
240.7863311767578	137.8910369873047	11.175743103027344	26.415393829345703
238.0	136.0	13.0	29.0
236.0	137.0	13.0	28.0
234.5415496826172	137.72500610351562	12.701995849609375	27.358144760131836
233.0	140.0	12.0	25.0
232.0	139.0	10.0	26.0
230.0	139.0	10.0	26.0
228.0	140.0	10.0	25.0
227.0	139.0	10.0	26.0
225.0	138.0	11.0	26.0
221.0	137.0	13.0	28.0
220.0	138.0	12.0	28.0
219.0	139.0	10.0	26.0
217.0	140.0	10.0	26.0
215.5323028564453	139.5876007080078	10.141817092895508	26.368724822998047
214.0	140.0	9.0	25.0
212.43380737304688	140.72091674804688	10.0	24.77168846130371
210.0	139.0	11.0	27.0
207.0	139.0	13.0	27.0
205.0	138.0	13.0	28.0
204.0	140.0	13.0	26.0
203.0	140.0	11.0	27.0
202.0	142.0	10.0	23.0
200.0	140.0	9.0	27.0
198.5165252685547	139.90553283691406	10.0	26.71748924255371
196.0	139.0	11.0	27.0
194.0	139.0	11.0	27.0
192.0	139.0	11.0	26.0
189.0	139.0	14.0	27.0
189.0	140.0	11.0	26.0
187.0	141.0	10.0	26.0
185.0	140.0	10.0	28.0
183.1427764892578	140.2443084716797	10.096915245056152	28.002124786376953
181.0	140.0	10.0	28.0
178.0	141.0	12.0	26.0
177.0	140.0	12.0	27.0
175.0	140.0	12.0	28.0
172.0	140.0	15.0	29.0
171.0	141.0	12.0	27.0
170.0	142.0	10.0	27.0
168.1329803466797	141.7389678955078	10.07929515838623	26.888341903686523
166.0	141.0	10.0	27.0
164.0	142.0	10.0	25.0
162.0	141.0	11.0	26.0
160.0	140.0	12.0	28.0
158.0	141.0	13.0	27.0
156.0	141.0	12.0	27.0
155.0	141.0	11.0	28.0
153.0	142.0	10.0	28.0
152.29071044921875	140.63380432128906	10.109170913696289	28.217687606811523
150.0	141.0	10.0	29.0
147.0	142.0	11.0	25.0
145.0	141.0	13.0	27.0
142.0	141.0	15.0	28.0
141.0	140.0	15.0	29.0
139.0	141.0	14.0	29.0
139.0	143.0	10.0	24.0
137.3046875	143.7670440673828	10.189043998718262	24.34017562866211
135.56410217285156	143.29055786132812	10.31573486328125	24.60955238342285
132.0	142.0	12.0	27.0
131.12513732910156	141.6098175048828	11.925249099731445	26.83180809020996
128.74526977539062	141.00973510742188	12.108156204223633	27.243350982666016
127.0	141.0	13.0	28.0
124.0	142.0	14.0	27.0
124.0	142.0	11.0	27.0
122.0	142.0	10.0	28.0
120.48265075683594	141.62313842773438	10.103062629699707	28.198802947998047
119.12858581542969	142.27674865722656	10.207575798034668	28.41259765625
116.7397232055664	140.92727661132812	10.460443496704102	29.1164493560791
113.0	141.0	13.0	29.0
111.0	142.0	14.0	28.0
110.06639099121094	141.84991455078125	13.948104858398438	27.896209716796875
108.0	142.0	13.0	28.0
108.0	143.0	12.0	27.0
107.0	145.0	9.0	24.0
105.0	143.0	9.0	26.0
102.0	143.0	11.0	27.0
100.21052551269531	142.52210998535156	11.2427978515625	27.595958709716797
98.07616424560547	141.67819213867188	11.084284782409668	27.20688247680664
95.0	142.0	13.0	27.0
93.0	142.0	14.0	27.0
91.02061462402344	142.20510864257812	14.14368724822998	27.277109146118164
89.23036193847656	142.5233917236328	14.10234260559082	27.197372436523438
86.34427642822266	143.0464630126953	14.071263313293457	27.137432098388672
84.48210906982422	142.83114624023438	14.140149116516113	27.270282745361328
82.77848815917969	142.35609436035156	14.040560722351074	27.07822036743164
80.72911071777344	142.53640747070312	13.9727201461792	26.947383880615234
78.72795104980469	142.52798461914062	14.068949699401855	27.132970809936523
76.14274597167969	141.53469848632812	14.19043254852295	27.367259979248047
74.594970703125	141.44654846191406	14.378166198730469	27.729318618774414
72.551513671875	143.02005004882812	14.525796890258789	28.014034271240234
70.30323028564453	143.0384063720703	14.504140853881836	27.97226905822754
68.87836456298828	142.8358154296875	14.443750381469727	27.85580062866211
66.66169738769531	141.95858764648438	14.624669075012207	28.204715728759766
64.55765533447266	142.19532775878906	14.617181777954102	28.19027328491211
61.828697204589844	140.8018035888672	14.406333923339844	27.783639907836914
60.74879837036133	140.8766326904297	14.533447265625	28.028783798217773
58.86487579345703	139.8331298828125	14.573222160339355	28.105493545532227
57.71331024169922	141.92410278320312	14.355802536010742	27.68618392944336
54.49689483642578	141.77554321289062	14.210331916809082	27.405635833740234
53.216102600097656	141.5191650390625	14.323699951171875	27.624277114868164
51.5360221862793	141.66331481933594	14.420476913452148	27.8109188079834
48.926536560058594	141.54025268554688	14.275415420532227	27.53115463256836
47.30657196044922	141.9280242919922	14.377426147460938	27.727890014648438
46.0	142.0	14.0	28.0
44.0	141.0	14.0	29.0
41.910736083984375	141.4539337158203	14.024728775024414	29.051223754882812
42.0	142.0	11.0	28.0
40.0	143.0	11.0	27.0
38.589202880859375	142.89959716796875	10.9810209274292	26.953414916992188
36.68632125854492	142.51858520507812	10.814976692199707	26.545852661132812
35.0	143.0	10.0	26.0
33.0	142.0	11.0	27.0
30.0	141.0	12.0	28.0
27.0	141.0	15.0	28.0
27.0	143.0	12.0	25.0
26.0	142.0	10.0	27.0
22.994033813476562	141.76382446289062	10.110690116882324	27.061742782592773
21.861116409301758	142.2154541015625	10.180964469909668	27.249835968017578
19.570232391357422	142.0121612548828	10.128708839416504	27.094646453857422
17.0	142.0	12.0	26.0
15.0	142.0	14.0	27.0
12.35352611541748	141.07635498046875	14.007186889648438	27.013858795166016
9.0	141.0	20.0	30.0
6.558382511138916	140.57522583007812	19.77345848083496	29.660186767578125
3.848325252532959	141.05226135253906	19.75205421447754	29.62807846069336
7.0	142.0	9.0	27.0
5.107753753662109	142.42800903320312	10.0	26.608057022094727
