255.0	133.0	22.0	19.0
256.0	133.0	22.0	20.0
255.0	132.0	23.0	22.0
254.0	133.0	23.0	20.0
254.0	133.0	24.0	20.0
257.0	133.0	21.0	20.0
255.0	132.0	22.0	21.0
256.0	133.0	21.0	19.0
256.0	132.0	22.0	21.0
255.0	133.0	23.0	20.0
255.0	133.0	23.0	21.0
254.0	133.0	23.0	20.0
255.0	133.0	23.0	20.0
256.0	133.0	21.0	20.0
256.0	133.0	22.0	20.0
255.0	133.0	22.0	20.0
255.0	133.0	23.0	21.0
254.0	133.0	24.0	21.0
256.0	133.0	22.0	20.0
257.0	133.0	20.0	19.0
255.0	133.0	22.0	19.0
256.0	133.0	21.0	20.0
255.0	133.0	23.0	21.0
256.0	133.0	21.0	20.0
255.0	133.0	23.0	21.0
253.0	132.0	24.0	22.0
255.0	133.0	22.0	20.0
255.0	133.0	23.0	20.0
254.0	133.0	24.0	21.0
255.0	132.0	22.0	20.0
255.0	133.0	22.0	20.0
255.0	133.0	22.0	20.0
256.0	132.0	21.0	21.0
256.0	133.0	22.0	21.0
257.0	133.0	21.0	19.0
255.0	133.0	22.0	20.0
256.0	133.0	21.0	20.0
256.0	132.0	22.0	21.0
256.0	133.0	22.0	20.0
256.0	133.0	22.0	20.0
256.0	133.0	21.0	19.0
256.0	133.0	22.0	21.0
256.0	133.0	21.0	20.0
257.0	133.0	20.0	20.0
256.0	133.0	21.0	21.0
256.0	133.0	22.0	20.0
256.0	133.0	22.0	21.0
256.0	133.0	21.0	20.0
257.0	133.0	21.0	19.0
256.0	133.0	22.0	20.0
256.0	133.0	21.0	20.0
256.0	133.0	22.0	20.0
256.0	133.0	22.0	19.0
256.0	133.0	22.0	20.0
256.0	133.0	21.0	20.0
256.0	133.0	21.0	20.0
256.0	133.0	22.0	20.0
256.0	133.0	22.0	20.0
256.0	133.0	22.0	20.0
255.0	133.0	23.0	20.0
255.0	133.0	22.0	20.0
256.0	133.0	22.0	21.0
257.0	133.0	21.0	20.0
257.0	133.0	20.0	20.0
256.0	133.0	22.0	20.0
256.0	133.0	22.0	20.0
255.0	133.0	23.0	21.0
257.0	133.0	20.0	19.0
256.0	132.0	22.0	22.0
256.0	133.0	22.0	20.0
256.0	133.0	22.0	20.0
256.0	133.0	21.0	20.0
256.0	133.0	22.0	19.0
257.0	133.0	21.0	19.0
256.0	133.0	21.0	19.0
255.0	133.0	23.0	20.0
256.0	133.0	22.0	20.0
256.0	133.0	21.0	19.0
257.0	133.0	21.0	20.0
256.0	133.0	22.0	20.0
257.0	133.0	21.0	20.0
256.0	133.0	22.0	19.0
257.0	133.0	21.0	20.0
256.0	133.0	22.0	20.0
255.0	133.0	23.0	20.0
256.0	133.0	22.0	20.0
256.0	133.0	22.0	20.0
255.0	133.0	22.0	19.0
257.0	133.0	21.0	20.0
257.0	133.0	21.0	20.0
256.0	132.0	22.0	21.0
257.0	133.0	21.0	19.0
255.20889282226562	133.4298095703125	20.968711853027344	18.971691131591797
252.6725616455078	137.6677703857422	21.009721755981445	19.0087947845459
250.0	160.0	15.0	22.0
251.0	161.0	15.0	22.0
250.0	161.0	15.0	21.0
250.0	161.0	16.0	22.0
249.7554168701172	159.96798706054688	16.003658294677734	22.005029678344727
250.0	161.0	16.0	22.0
250.7511749267578	160.14620971679688	16.10189437866211	22.140106201171875
250.2923583984375	159.79757690429688	16.042743682861328	22.058773040771484
250.3410186767578	159.5305633544922	15.865228652954102	21.814687728881836
250.4711151123047	159.8996124267578	15.905810356140137	21.870487213134766
250.0	161.0	16.0	21.0
250.3740234375	159.93112182617188	16.546619415283203	21.717437744140625
249.65280151367188	159.91851806640625	16.844837188720703	22.108850479125977
250.2484588623047	159.90194702148438	16.75067901611328	21.98526954650879
249.7563934326172	159.8800506591797	16.90744400024414	22.19102668762207
249.78964233398438	159.9412078857422	16.917495727539062	22.204219818115234
249.7749786376953	159.74302673339844	16.76834487915039	22.00845718383789
249.591552734375	160.42135620117188	16.9356689453125	22.228069305419922
249.7904815673828	159.17340087890625	17.05615234375	22.38620376586914
249.57858276367188	160.65220642089844	17.182048797607422	22.55144500732422
249.33694458007812	159.56790161132812	17.352888107299805	22.775672912597656
251.0	162.0	13.0	19.0
251.0	163.0	14.0	19.0
250.0	162.0	15.0	19.0
250.0	162.0	16.0	19.0
249.75924682617188	161.52957153320312	16.224624633789062	19.266740798950195
249.5127716064453	160.87991333007812	16.563358306884766	19.668987274169922
250.0	162.0	16.0	19.0
249.9005889892578	161.4720916748047	16.373144149780273	19.443111419677734
250.0	162.0	15.0	20.0
249.0	161.0	17.0	20.0
249.04580688476562	160.94900512695312	17.092105865478516	20.108360290527344
249.067626953125	160.6691131591797	17.533855438232422	20.62806510925293
249.232666015625	160.63270568847656	17.46541404724121	20.54754638671875
249.1844482421875	161.93247985839844	17.67544174194336	20.794639587402344
249.62411499023438	163.751953125	17.39353370666504	20.462984085083008
249.10733032226562	164.39498901367188	17.38972282409668	20.458499908447266
249.39407348632812	163.25770568847656	17.432357788085938	20.508657455444336
248.73703002929688	162.7079620361328	17.670795440673828	20.789173126220703
248.96334838867188	161.63333129882812	17.91193962097168	21.072872161865234
248.84207153320312	161.3440399169922	18.06060218811035	21.24776840209961
248.5576629638672	161.96168518066406	18.257333755493164	21.479215621948242
249.02597045898438	161.8053741455078	18.25755500793457	21.479475021362305
249.2382049560547	160.8671875	18.25163459777832	21.472509384155273
248.4161834716797	160.4563751220703	18.627140045166016	21.914281845092773
248.2051239013672	161.33734130859375	18.76383399963379	22.075098037719727
248.4755859375	159.7665557861328	18.869539260864258	22.199459075927734
248.5255126953125	159.91766357421875	19.11578941345215	22.489168167114258
248.6305389404297	160.1663360595703	18.84767723083496	22.173742294311523
248.29452514648438	159.89474487304688	18.869544982910156	22.199466705322266
248.4593048095703	160.57308959960938	18.986125946044922	22.336620330810547
248.67904663085938	160.5997314453125	19.079845428466797	22.446880340576172
248.5800018310547	160.1787109375	18.923564910888672	22.26302146911621
248.4636688232422	160.1090850830078	19.178014755249023	22.5623779296875
248.35336303710938	160.2763671875	19.336990356445312	22.749408721923828
248.2750701904297	159.6767120361328	19.268543243408203	22.66888427734375
248.53396606445312	160.53240966796875	19.017288208007812	22.373291015625
248.51144409179688	160.11338806152344	19.096271514892578	22.466211318969727
248.61209106445312	159.92745971679688	19.273509979248047	22.674728393554688
248.46432495117188	160.3242950439453	19.31703758239746	22.72593879699707
248.39041137695312	160.4749755859375	19.215038299560547	22.605937957763672
248.319580078125	160.36257934570312	19.46065902709961	22.894901275634766
249.0	161.0	17.0	22.0
249.356689453125	161.8587646484375	17.09772491455078	22.126468658447266
249.85317993164062	161.626953125	17.214033126831055	22.27698516845703
249.4437255859375	162.27413940429688	17.63927459716797	22.82729721069336
248.93295288085938	160.54598999023438	17.973657608032227	23.260028839111328
249.22488403320312	160.67437744140625	17.822811126708984	23.064815521240234
249.22274780273438	160.14678955078125	17.871000289916992	23.127178192138672
249.1515350341797	160.31423950195312	18.121984481811523	23.451980590820312
248.9599609375	160.20989990234375	18.120819091796875	23.450471878051758
249.14248657226562	160.3289337158203	17.771663665771484	22.99862289428711
250.0	161.0	16.0	20.0
249.69189453125	161.37689208984375	16.13056182861328	20.16320037841797
250.0	161.0	16.0	22.0
249.43716430664062	160.78494262695312	16.13241958618164	22.18207359313965
250.1468505859375	160.6621551513672	16.278820037841797	22.38337516784668
249.6152801513672	160.56124877929688	16.075056076049805	22.103200912475586
249.4259796142578	161.0157470703125	16.080928802490234	22.111276626586914
249.6252899169922	160.36282348632812	16.04281234741211	22.05886459350586
249.72311401367188	160.2724609375	16.352191925048828	22.4842586517334
249.4622802734375	160.18556213378906	16.48274040222168	22.66376304626465
249.32345581054688	160.14993286132812	16.65397834777832	22.899213790893555
249.2139434814453	160.7445068359375	16.814294815063477	23.119647979736328
249.431396484375	160.38201904296875	16.969486236572266	23.33303451538086
249.22073364257812	159.9808807373047	16.829608917236328	23.140703201293945
249.525634765625	160.10581970214844	16.819461822509766	23.126750946044922
249.19039916992188	160.48605346679688	16.925418853759766	23.27243995666504
249.7184295654297	159.92665100097656	16.880809783935547	23.211101531982422
249.14675903320312	160.01524353027344	17.198997497558594	23.648609161376953
249.05105590820312	159.61697387695312	17.21938133239746	23.676637649536133
248.8567352294922	160.08409118652344	17.129718780517578	23.5533504486084
249.4829559326172	160.19229125976562	17.2801456451416	23.76018714904785
248.83090209960938	160.0363006591797	17.067546844482422	23.467864990234375
249.60824584960938	159.8155975341797	17.119686126708984	23.5395565032959
249.15805053710938	160.13882446289062	17.1240291595459	23.545528411865234
249.1962127685547	159.97085571289062	16.94545555114746	23.299991607666016
249.0069122314453	160.21414184570312	17.000680923461914	23.375926971435547
249.4005126953125	159.8824920654297	16.764917373657227	23.051748275756836
251.0	162.0	14.0	19.0
250.0	161.0	16.0	19.0
250.0	161.0	17.0	20.0
250.0	161.0	15.0	20.0
250.0	161.0	16.0	20.0
249.0	161.0	17.0	20.0
250.0	161.0	16.0	20.0
251.0	162.0	14.0	19.0
251.0	161.0	14.0	20.0
250.0	161.0	16.0	20.0
251.0	161.0	14.0	20.0
250.0	161.0	15.0	21.0
251.0	161.0	14.0	20.0
250.0	161.0	16.0	20.0
250.0	161.0	15.0	21.0
250.0	161.0	16.0	20.0
251.0	161.0	14.0	20.0
250.0	161.0	16.0	20.0
250.0	161.0	16.0	21.0
250.0	161.0	16.0	20.0
249.5421142578125	160.85299682617188	15.955265998840332	19.944082260131836
250.0	161.0	16.0	20.0
250.0	161.0	15.0	20.0
251.0	161.0	14.0	21.0
250.0	162.0	16.0	19.0
249.0	161.0	17.0	20.0
250.0	161.0	15.0	20.0
250.0	161.0	15.0	21.0
250.0	161.0	16.0	19.0
251.0	162.0	14.0	20.0
250.0	161.0	15.0	20.0
250.0	161.0	15.0	20.0
250.0	161.0	15.0	20.0
249.0	161.0	17.0	19.0
250.0	162.0	15.0	21.0
249.0	161.0	17.0	19.0
250.0	161.0	15.0	20.0
250.0	160.0	16.0	21.0
249.96994018554688	160.49136352539062	16.13231658935547	21.173664093017578
251.0	161.0	14.0	20.0
250.0	161.0	15.0	20.0
251.0	161.0	13.0	20.0
249.0	160.0	16.0	21.0
249.71762084960938	160.84548950195312	16.092641830444336	21.121593475341797
249.7967071533203	160.53103637695312	16.155353546142578	21.203899383544922
249.0	161.0	17.0	20.0
249.14511108398438	161.30540466308594	17.294187545776367	20.346101760864258
248.98464965820312	160.96804809570312	17.49534797668457	20.582759857177734
248.9584503173828	161.1738739013672	17.82088851928711	20.965747833251953
248.4196319580078	160.8502960205078	18.040346145629883	21.22393226623535
252.0	162.0	14.0	20.0
251.34005737304688	165.07374572753906	14.151840209960938	20.216915130615234
254.07363891601562	169.9963836669922	14.133684158325195	20.190975189208984
255.43582153320312	170.91697692871094	14.119318962097168	20.170455932617188
253.9737548828125	172.4805145263672	14.068059921264648	20.09722900390625
238.0	199.0	14.0	16.0
237.64755249023438	198.1705322265625	13.927925109863281	15.917628288269043
237.7480010986328	198.849609375	13.956809997558594	15.950637817382812
237.40231323242188	198.53689575195312	13.80329704284668	15.77519416809082
237.68258666992188	198.51138305664062	13.911023139953613	15.898309707641602
237.5441131591797	198.90533447265625	13.849977493286133	15.828542709350586
238.0214080810547	198.99594116210938	13.8888578414917	15.872976303100586
238.0	199.0	14.0	16.0
238.0	199.0	14.0	16.0
237.4823455810547	198.54934692382812	14.151540756225586	16.173189163208008
237.97116088867188	198.1700439453125	14.257413864135742	16.294185638427734
241.4517364501953	197.57025146484375	11.905536651611328	16.75189208984375
246.26617431640625	196.01498413085938	9.795312881469727	16.933927536010742
251.55209350585938	191.91616821289062	9.281770706176758	18.825063705444336
240.93173217773438	195.77377319335938	10.0	18.782672882080078
240.7291717529297	195.42910766601562	10.15788745880127	18.894968032836914
238.0	199.0	15.0	17.0
237.20559692382812	197.5269775390625	14.850077629089355	16.830087661743164
237.33154296875	195.9663543701172	14.8881254196167	16.87320899963379
237.5892791748047	196.32830810546875	14.84846305847168	16.828258514404297
237.65707397460938	196.5889434814453	14.655357360839844	16.609405517578125
237.8404998779297	196.71511840820312	14.444992065429688	16.370990753173828
237.64401245117188	196.8277130126953	14.429372787475586	16.353288650512695
237.51205444335938	196.3968963623047	14.65153980255127	16.605077743530273
237.39794921875	196.5936279296875	14.564204216003418	16.50609588623047
237.0530242919922	196.2705535888672	14.793365478515625	16.765811920166016
237.80801391601562	196.55580139160156	14.420989990234375	16.34378433227539
238.4522247314453	196.80288696289062	14.167770385742188	16.05680274963379
238.36141967773438	197.1199493408203	14.085597038269043	15.96367359161377
237.7305908203125	196.70248413085938	14.068750381469727	15.944581985473633
238.1061248779297	196.62448120117188	14.147306442260742	16.033613204956055
238.0438995361328	196.97715759277344	13.999646186828613	15.866264343261719
238.39157104492188	197.70144653320312	14.034219741821289	15.905448913574219
237.94839477539062	196.93995666503906	14.216778755187988	16.112350463867188
238.06765747070312	197.10345458984375	14.157167434692383	16.044790267944336
237.6553497314453	196.24356079101562	14.240127563476562	16.138811111450195
237.77084350585938	196.90414428710938	14.103166580200195	15.983587265014648
237.8080291748047	196.76683044433594	14.227300643920898	16.124271392822266
237.9896240234375	197.0692138671875	14.070111274719238	15.946123123168945
237.7886199951172	196.87008666992188	14.085131645202637	15.96314525604248
238.0152130126953	197.21575927734375	14.226420402526855	16.123273849487305
237.7001495361328	196.760986328125	14.35081958770752	16.264259338378906
237.78158569335938	197.01214599609375	14.60478401184082	16.55208396911621
238.2037811279297	196.5212860107422	14.679191589355469	16.63641357421875
237.73141479492188	196.74850463867188	14.6792631149292	16.636493682861328
237.7251434326172	196.7655792236328	14.807867050170898	16.782245635986328
238.0379638671875	197.12149047851562	14.652386665344238	16.606033325195312
237.7850799560547	197.0815887451172	14.56213665008545	16.50374984741211
237.88925170898438	196.7801513671875	14.329023361206055	16.23955726623535
238.0410919189453	197.49560546875	14.343043327331543	16.255447387695312
237.66488647460938	196.68641662597656	14.361620903015137	16.276500701904297
238.11572265625	196.71914672851562	14.242431640625	16.14141845703125
237.6684112548828	196.88565063476562	14.138812065124512	16.023983001708984
237.8825225830078	196.96261596679688	14.337644577026367	16.249324798583984
237.76123046875	197.1969757080078	14.373693466186523	16.290180206298828
237.7860870361328	196.93289184570312	14.321032524108887	16.23049545288086
237.7416534423828	197.18875122070312	14.275152206420898	16.178497314453125
238.02456665039062	197.78024291992188	14.236276626586914	16.134437561035156
237.75723266601562	197.24404907226562	14.310434341430664	16.218481063842773
238.10531616210938	196.8546600341797	14.44812297821045	16.374526977539062
238.1049041748047	197.27438354492188	14.569879531860352	16.512516021728516
239.01065063476562	197.8336181640625	14.583391189575195	16.527828216552734
239.12319946289062	197.69874572753906	14.508790969848633	16.443281173706055
239.76925659179688	198.06723022460938	14.562573432922363	16.504234313964844
239.15872192382812	197.82711791992188	14.364217758178711	16.27943229675293
239.5214385986328	197.71884155273438	14.214683532714844	16.109960556030273
239.57861328125	197.50479125976562	14.226374626159668	16.123210906982422
239.60543823242188	198.03097534179688	14.360122680664062	16.274791717529297
239.520263671875	197.72796630859375	14.368733406066895	16.284549713134766
239.508056640625	197.99462890625	14.186264038085938	16.077749252319336
239.86062622070312	198.01551818847656	14.138859748840332	16.024024963378906
239.389404296875	197.5553436279297	14.138714790344238	16.02385902404785
239.14404296875	197.58148193359375	14.126330375671387	16.009824752807617
239.623046875	198.34396362304688	14.19134521484375	16.083507537841797
239.62435913085938	197.5894775390625	14.16435718536377	16.052921295166016
239.29055786132812	197.52711486816406	14.01611042022705	15.884908676147461
239.47183227539062	198.08213806152344	14.080952644348145	15.958396911621094
239.85922241210938	198.05287170410156	13.836172103881836	15.680978775024414
239.8802490234375	198.89920043945312	13.538993835449219	15.34417724609375
239.75296020507812	197.96531677246094	13.757708549499512	15.59205436706543
329.0	111.0	13.0	13.0
328.63818359375	111.5938720703125	12.875752449035645	12.875752449035645
328.7210998535156	111.2221908569336	12.798792839050293	12.798792839050293
325.3324890136719	111.08963775634766	14.690528869628906	15.838700294494629
302.0	95.0	20.0	20.0
301.8995666503906	92.84024047851562	20.260250091552734	20.260250091552734
301.73370361328125	93.86851501464844	20.206974029541016	20.206974029541016
270.0	158.0	11.0	16.0
270.4610900878906	158.28598022460938	11.010011672973633	16.014562606811523
270.4691467285156	158.2719268798828	11.019827842712402	16.02884292602539
280.0	150.0	20.0	16.0
283.26861572265625	147.01263427734375	20.3095703125	16.247655868530273
284.9137268066406	144.75643920898438	20.508689880371094	16.406951904296875
286.0	142.0	18.0	19.0
285.99407958984375	142.625732421875	17.91769790649414	18.91312599182129
284.8774108886719	145.03091430664062	17.7331600189209	18.71833610534668
283.1260986328125	146.36776733398438	17.946380615234375	18.943401336669922
269.0	157.0	13.0	19.0
302.0	93.0	19.0	21.0
302.69921875	92.6849136352539	19.122631072998047	21.135541915893555
302.0	93.0	20.0	21.0
284.0	143.0	18.0	19.0
284.23980712890625	144.46694946289062	17.912883758544922	18.908044815063477
284.2631530761719	145.3867645263672	17.67749786376953	18.659582138061523
284.5293884277344	143.797119140625	17.67384910583496	18.655731201171875
284.64910888671875	142.84417724609375	17.416179656982422	18.383747100830078
285.0192565917969	143.7504425048828	17.55613136291504	18.531475067138672
283.6813049316406	144.26947021484375	17.600053787231445	18.577838897705078
284.1678161621094	143.8329620361328	17.876768112182617	18.869930267333984
284.040771484375	143.7466278076172	18.001022338867188	19.001087188720703
283.9675598144531	144.01889038085938	17.920475006103516	18.91606330871582
283.7747497558594	143.67782592773438	17.721389770507812	18.705917358398438
283.8970642089844	143.41806030273438	17.75934410095215	18.745983123779297
284.9537048339844	143.28256225585938	17.38057518005371	18.346172332763672
284.9126892089844	144.0812530517578	17.506549835205078	18.479145050048828
284.8098449707031	143.8811492919922	17.360925674438477	18.325428009033203
284.583740234375	143.74681091308594	17.54086685180664	18.515369415283203
303.0	94.0	20.0	19.0
283.0	177.0	31.0	21.0
285.0812072753906	177.74288940429688	31.097387313842773	21.06597137451172
284.80914306640625	177.9828643798828	31.075408935546875	21.051082611083984
285.978271484375	177.72869873046875	30.956119537353516	20.97027587890625
285.2359313964844	178.1764373779297	30.683822631835938	20.785818099975586
285.50689697265625	178.06944274902344	31.037185668945312	21.025192260742188
285.42608642578125	177.9994354248047	30.831619262695312	20.885936737060547
284.46905517578125	177.34300231933594	30.79730796813965	20.862693786621094
284.59014892578125	177.1657257080078	31.498836517333984	21.33792495727539
285.8126220703125	177.62384033203125	31.893707275390625	21.605419158935547
283.0660705566406	177.5601043701172	32.573219299316406	22.065731048583984
282.9278259277344	177.25057983398438	32.935298919677734	22.311010360717773
284.49322509765625	177.22071838378906	32.26947784423828	21.859970092773438
327.0	124.0	22.0	19.0
283.0	177.0	32.0	22.0
284.2422790527344	177.0137939453125	32.39875793457031	22.27414894104004
284.3891906738281	178.0413360595703	32.0609130859375	22.041881561279297
285.004150390625	177.40664672851562	31.83245277404785	21.884817123413086
285.98455810546875	177.41891479492188	31.9636287689209	21.975000381469727
192.0	116.0	20.0	27.0
191.33834838867188	115.09234619140625	20.054677963256836	27.073816299438477
190.649658203125	114.8566665649414	20.26534080505371	27.35820960998535
191.17092895507812	113.85135650634766	20.311006546020508	27.419857025146484
191.35060119628906	114.99896240234375	20.305957794189453	27.413043975830078
191.24801635742188	114.91365814208984	20.18722152709961	27.252750396728516
191.15550231933594	114.12492370605469	20.128246307373047	27.173131942749023
191.41387939453125	114.2200927734375	20.178691864013672	27.241235733032227
191.2006378173828	114.69621276855469	20.019001007080078	27.02565574645996
191.1480712890625	115.1065673828125	20.10807991027832	27.14591407775879
283.0	177.0	33.0	23.0
281.8456726074219	177.16734313964844	33.515357971191406	23.35919189453125
282.66754150390625	177.435302734375	33.587223052978516	23.40928077697754
283.3157043457031	176.21746826171875	34.25711441040039	23.876171112060547
282.9735107421875	175.7527618408203	33.95989990234375	23.669021606445312
283.57147216796875	176.4088134765625	34.003501892089844	23.69940948486328
282.94036865234375	176.7041473388672	33.666412353515625	23.464466094970703
282.9732360839844	176.2655487060547	33.228572845458984	23.159305572509766
282.6447448730469	176.85488891601562	32.94685745239258	22.96295928955078
304.0	93.0	19.0	26.0
302.9722900390625	93.09675598144531	18.698434829711914	25.587331771850586
303.0970153808594	93.27406311035156	18.72463607788086	25.62318992614746
302.4955139160156	93.62312316894531	18.644758224487305	25.513883590698242
302.8748474121094	94.08564758300781	18.541996002197266	25.373260498046875
285.0	176.0	31.0	22.0
285.7630920410156	177.4344482421875	31.27728843688965	22.196786880493164
285.57904052734375	176.75106811523438	31.307697296142578	22.218364715576172
269.0	158.0	18.0	23.0
269.0	158.0	18.0	22.0
269.0	158.0	18.0	22.0
269.0	157.0	18.0	24.0
285.0	177.0	29.0	21.0
287.7223205566406	177.7392120361328	29.228307723999023	21.165327072143555
287.9953308105469	178.09873962402344	29.08278465270996	21.059947967529297
269.0	158.0	18.0	22.0
269.0	157.0	18.0	25.0
270.0	158.0	17.0	23.0
269.0	158.0	17.0	23.0
269.0	157.0	18.0	26.0
269.0	158.0	19.0	22.0
270.0	158.0	17.0	23.0
269.0	158.0	18.0	23.0
269.0	158.0	18.0	23.0
269.13153076171875	158.29229736328125	18.022518157958984	23.02877426147461
269.0	159.0	16.0	22.0
266.2109375	161.88290405273438	16.476871490478516	22.655698776245117
261.080078125	167.43807983398438	16.522945404052734	22.719051361083984
254.0	171.0	21.0	18.0
250.2497100830078	172.9271240234375	20.55147933959961	17.615554809570312
249.0	174.0	22.0	18.0
250.0	173.0	22.0	18.0
250.0	174.0	21.0	17.0
250.0	174.0	21.0	17.0
251.2310028076172	173.21878051757812	20.905515670776367	16.923513412475586
250.0	173.0	22.0	19.0
250.0	173.0	22.0	19.0
250.0	174.0	22.0	18.0
250.0	174.0	23.0	18.0
251.0	174.0	21.0	18.0
250.0	174.0	22.0	17.0
251.0	173.0	20.0	18.0
250.0	174.0	22.0	18.0
251.0	173.0	22.0	19.0
251.0	174.0	21.0	17.0
250.0	173.0	22.0	19.0
251.0	173.0	21.0	19.0
250.0	174.0	22.0	18.0
251.0	174.0	22.0	17.0
250.0	174.0	22.0	18.0
249.0	174.0	23.0	18.0
251.0	174.0	21.0	17.0
250.0	173.0	22.0	19.0
250.0	174.0	22.0	17.0
250.0	173.0	22.0	19.0
250.0	173.0	23.0	18.0
250.0	174.0	21.0	17.0
248.166259765625	176.40182495117188	21.126344680786133	17.102277755737305
264.0	161.0	17.0	20.0
267.0	161.0	17.0	19.0
264.40679931640625	161.20509338378906	16.97947883605957	18.977062225341797
261.0	161.0	23.0	21.0
274.0	146.0	21.0	25.0
262.0	162.0	20.0	23.0
264.0	157.0	25.0	23.0
262.0	162.0	21.0	21.0
261.0	161.0	22.0	23.0
263.0	162.0	20.0	21.0
265.0	156.0	26.0	22.0
262.0	162.0	21.0	22.0
264.0	157.0	22.0	23.0
264.0	155.0	27.0	25.0
265.0	154.0	27.0	25.0
262.6005554199219	156.63967895507812	26.606830596923828	24.63595199584961
261.0	164.0	20.0	21.0
255.37368774414062	163.16024780273438	20.130605697631836	21.137136459350586
258.0	159.0	26.0	22.0
260.0	157.0	25.0	21.0
250.80859375	152.97225952148438	24.750595092773438	20.79050064086914
248.2281951904297	151.19097900390625	24.71495246887207	20.760562896728516
267.0	168.0	15.0	19.0
267.83245849609375	168.7365264892578	15.064229011535645	19.081356048583984
264.0	163.0	20.0	24.0
262.0	164.0	18.0	23.0
273.0	154.0	20.0	15.0
274.0	155.0	19.0	15.0
273.0	154.0	21.0	16.0
273.0	154.0	21.0	16.0
274.0	154.0	20.0	16.0
274.0	154.0	20.0	16.0
273.0	154.0	21.0	16.0
274.0	154.0	19.0	16.0
274.0	154.0	20.0	16.0
274.0	154.0	20.0	16.0
273.0	154.0	21.0	16.0
274.0	154.0	20.0	16.0
