328.0	240.0	22.0	22.0
330.0	237.0	21.0	22.0
328.11444091796875	232.4521484375	21.11882972717285	22.124488830566406
337.0	229.0	17.0	17.0
335.48443603515625	222.1702880859375	17.356822967529297	17.356822967529297
338.0	219.0	18.0	17.0
337.0	217.0	21.0	22.0
338.0	215.0	21.0	20.0
338.25823974609375	210.33065795898438	20.935731887817383	19.938791275024414
336.73516845703125	204.1886749267578	20.93941879272461	19.942302703857422
344.0	207.0	17.0	17.0
335.2176818847656	203.61959838867188	17.338565826416016	17.338565826416016
327.0	203.0	18.0	16.0
318.0	201.0	15.0	15.0
307.0	200.0	17.0	17.0
300.0	202.0	18.0	15.0
293.5472717285156	196.41156005859375	17.977218627929688	14.981016159057617
285.0	195.0	17.0	17.0
276.0	193.0	17.0	16.0
267.0	191.0	13.0	15.0
258.7955627441406	190.2723846435547	12.953437805175781	14.946273803710938
251.0	192.0	18.0	15.0
245.0	188.0	17.0	18.0
238.0	184.0	17.0	17.0
229.0	183.0	18.0	16.0
220.2294464111328	180.8933563232422	17.7120418548584	15.744038581848145
214.0	186.0	13.0	13.0
207.0	186.0	17.0	15.0
202.0	180.0	16.0	16.0
195.0	176.0	16.0	17.0
187.0	176.0	18.0	17.0
179.0	173.0	17.0	18.0
173.0	170.0	19.0	18.0
193.0	169.0	19.0	17.0
215.0	170.0	20.0	17.0
237.0	170.0	14.0	14.0
260.0	167.0	19.0	17.0
282.0	170.0	21.0	20.0
306.0	173.0	21.0	20.0
310.41461181640625	175.37832641601562	21.259654998779297	20.247291564941406
309.4244079589844	177.78192138671875	21.997156143188477	20.252992630004883
308.8702087402344	179.9958038330078	22.957134246826172	20.70076560974121
304.87689208984375	180.2244110107422	23.176044464111328	20.89815902709961
308.11529541015625	181.4217071533203	22.906042098999023	20.654693603515625
306.1865539550781	180.7316131591797	22.984464645385742	20.72540855407715
303.67462158203125	174.36961364746094	22.549182891845703	20.332908630371094
304.83612060546875	176.8556671142578	22.649715423583984	20.423561096191406
307.7102966308594	177.10421752929688	22.626190185546875	20.4023494720459
305.6021423339844	173.21365356445312	22.857189178466797	20.610645294189453
301.8769226074219	170.60052490234375	23.241941452026367	20.957584381103516
303.91693115234375	169.66000366210938	22.971328735351562	20.713571548461914
317.1077880859375	166.85000610351562	22.99654769897461	20.736312866210938
327.7996520996094	166.16978454589844	22.801403045654297	20.560348510742188
329.89794921875	166.42767333984375	22.93901824951172	20.684436798095703
327.6585388183594	163.991943359375	22.6733455657959	20.444875717163086
324.1513977050781	154.06362915039062	22.842592239379883	20.59748649597168
324.68182373046875	155.7176513671875	21.742483139038086	20.467676162719727
330.4715270996094	160.20462036132812	21.60796356201172	20.34104347229004
329.681640625	156.2544403076172	21.915237426757812	20.63030242919922
323.4678039550781	168.810546875	22.06180191040039	20.768274307250977
326.1297302246094	169.1854705810547	22.31601905822754	21.007587432861328
325.7265625	166.27487182617188	22.037059783935547	20.744983673095703
338.9249572753906	166.58944702148438	22.03256607055664	20.740753173828125
328.554443359375	162.82131958007812	21.842018127441406	20.561376571655273
328.08160400390625	169.71890258789062	21.71273422241211	20.439674377441406
340.53485107421875	165.96200561523438	22.002309799194336	20.7122745513916
345.45947265625	162.69058227539062	21.67850112915039	20.407451629638672
345.933349609375	163.9497528076172	21.749027252197266	20.47384262084961
343.6440734863281	159.33914184570312	21.7884521484375	20.510957717895508
347.5762939453125	154.95346069335938	21.869970321655273	20.587696075439453
352.6546936035156	148.63748168945312	21.546451568603516	20.283145904541016
352.5181579589844	146.50326538085938	21.412199020385742	20.15676498413086
358.54364013671875	140.29493713378906	21.89011001586914	20.60665512084961
358.5556945800781	135.425048828125	22.11819839477539	20.821369171142578
359.2007141113281	135.8888702392578	22.336294174194336	21.02667808532715
357.8218688964844	136.7504425048828	22.49251365661621	21.173738479614258
357.966064453125	138.83236694335938	21.841081619262695	20.560501098632812
357.8348693847656	136.06394958496094	21.732860565185547	20.4586238861084
356.0971984863281	137.5040740966797	21.79047966003418	20.231216430664062
355.0271301269531	138.5120849609375	22.136682510375977	20.064455032348633
355.33917236328125	140.00144958496094	21.820844650268555	19.778182983398438
352.9393615722656	138.31838989257812	21.696285247802734	19.665283203125
351.1035461425781	139.776123046875	21.798789978027344	19.41065788269043
354.8003234863281	138.6060791015625	21.93143081665039	19.528766632080078
353.77728271484375	138.02005004882812	21.776884078979492	19.391151428222656
354.9078063964844	137.49343872070312	21.416643142700195	19.070377349853516
355.7496643066406	134.95938110351562	21.45527458190918	19.10477638244629
354.0267333984375	134.00433349609375	21.26641082763672	18.936603546142578
352.2130432128906	134.97891235351562	21.44645881652832	18.941740036010742
360.03558349609375	126.27665710449219	21.396896362304688	18.897968292236328
364.10723876953125	132.40805053710938	21.25528335571289	18.77289390563965
368.5360107421875	135.9497833251953	21.062047958374023	18.60222816467285
367.3802185058594	136.18955993652344	20.7618350982666	17.92408561706543
227.0	207.0	20.0	20.0
231.0	204.0	16.0	18.0
231.0	200.0	14.0	15.0
230.7776641845703	195.1066131591797	14.1040678024292	15.111501693725586
234.0	195.0	18.0	18.0
234.36068725585938	198.859375	17.673513412475586	17.673513412475586
235.95779418945312	195.29171752929688	17.405061721801758	17.405061721801758
233.0	185.0	19.0	16.0
233.0	178.0	18.0	19.0
234.0	174.0	12.0	13.0
233.66964721679688	170.5500946044922	12.0277738571167	13.0300874710083
233.8804473876953	167.66387939453125	11.789243698120117	12.771681785583496
236.0	164.0	16.0	17.0
236.9560089111328	159.735107421875	16.06058692932129	17.06437110900879
241.7841339111328	161.1556396484375	16.00442123413086	17.00469398498535
246.0	164.0	18.0	20.0
252.92236328125	168.53189086914062	17.92905616760254	19.921173095703125
258.1780700683594	166.6599578857422	17.883930206298828	19.87103271484375
265.0	170.0	18.0	18.0
271.0	173.0	17.0	16.0
277.0	176.0	19.0	20.0
283.0	182.0	20.0	21.0
287.6717224121094	183.06393432617188	19.854814529418945	20.847553253173828
293.0	188.0	19.0	17.0
299.6398010253906	187.66970825195312	18.99253273010254	16.993318557739258
304.0	189.0	20.0	21.0
309.0	193.0	19.0	21.0
315.0	193.0	17.0	18.0
321.0	193.0	18.0	19.0
326.0	194.0	20.0	20.0
331.7005310058594	194.0961456298828	19.894580841064453	19.894580841064453
336.0	193.0	20.0	18.0
341.0	186.0	20.0	21.0
347.0	179.0	20.0	20.0
351.36846923828125	172.91209411621094	19.75193977355957	19.75193977355957
358.0	175.0	19.0	20.0
364.0	180.0	19.0	19.0
368.97509765625	182.37306213378906	18.841707229614258	18.841707229614258
374.0	186.0	21.0	21.0
381.0	190.0	19.0	16.0
386.1834411621094	193.05502319335938	19.166587829589844	16.14028549194336
388.0	191.0	25.0	23.0
397.0	194.0	19.0	21.0
400.43084716796875	198.5344696044922	19.166004180908203	21.1834774017334
408.0	199.0	17.0	17.0
414.0	197.0	20.0	19.0
412.0	186.0	19.0	19.0
408.0	178.0	18.0	15.0
404.0	169.0	20.0	19.0
400.0	159.0	20.0	20.0
395.0	153.0	21.0	20.0
392.06402587890625	144.75155639648438	20.802011489868164	19.81144142150879
392.0	144.0	15.0	16.0
389.0	143.0	18.0	19.0
386.0	142.0	19.0	20.0
383.0	146.0	19.0	16.0
380.64227294921875	149.86495971679688	18.42508888244629	15.515864372253418
377.0	153.0	19.0	19.0
377.23089599609375	148.62120056152344	19.17061996459961	19.17061996459961
380.0	144.0	18.0	17.0
380.57611083984375	139.44271850585938	17.831897735595703	16.841236114501953
383.0	136.0	16.0	17.0
384.0	134.0	14.0	16.0
384.4346618652344	133.50704956054688	14.13634967803955	16.15582847595215
385.0083312988281	133.04177856445312	14.118382453918457	16.13529396057129
386.0	134.0	18.0	19.0
388.0	136.0	18.0	18.0
389.0	142.0	18.0	19.0
388.0	147.0	20.0	20.0
388.91583251953125	143.17559814453125	19.74578285217285	19.74578285217285
390.6339111328125	138.301513671875	19.628904342651367	19.628904342651367
392.11785888671875	135.7290496826172	19.345203399658203	19.345203399658203
393.8344421386719	133.33872985839844	19.51609992980957	19.51609992980957
395.81976318359375	131.55908203125	19.46390151977539	19.46390151977539
397.6453552246094	131.40567016601562	19.320281982421875	19.320281982421875
398.9475402832031	131.47088623046875	19.04660415649414	19.04660415649414
399.633544921875	133.97354125976562	19.066837310791016	19.066837310791016
401.58013916015625	134.03195190429688	18.572921752929688	18.572921752929688
392.0	133.0	20.0	20.0
369.0	139.0	15.0	16.0
355.0	141.0	18.0	16.0
339.0	139.0	23.0	19.0
331.0	140.0	19.0	20.0
320.0	140.0	22.0	20.0
312.0	141.0	18.0	19.0
302.0	140.0	17.0	17.0
291.0	139.0	19.0	19.0
281.0	141.0	19.0	19.0
273.0	143.0	18.0	19.0
264.0	142.0	20.0	20.0
256.0	144.0	20.0	18.0
252.0	143.0	15.0	15.0
241.0	143.0	17.0	16.0
232.0	143.0	16.0	16.0
222.0	144.0	18.0	19.0
214.99478149414062	144.50320434570312	17.825714111328125	18.81603240966797
205.7148895263672	150.9735107421875	17.782470703125	18.770383834838867
208.57308959960938	149.9678497314453	17.443326950073242	18.412399291992188
212.9056396484375	151.15524291992188	17.543630599975586	18.51827621459961
213.87307739257812	151.26531982421875	17.33060646057129	18.29341697692871
210.9530487060547	145.40423583984375	17.18896484375	18.143905639648438
203.4939727783203	134.38906860351562	17.149242401123047	18.101978302001953
209.82913208007812	132.9967041015625	17.37813949584961	18.34359359741211
207.85049438476562	137.03541564941406	17.166635513305664	18.120336532592773
205.30624389648438	139.81008911132812	17.354175567626953	18.318294525146484
204.63916015625	142.26113891601562	17.508464813232422	18.481151580810547
213.73953247070312	144.8522491455078	17.26363754272461	18.222721099853516
243.0	171.0	16.0	17.0
252.0	178.0	21.0	20.0
262.0	180.0	20.0	20.0
273.0	182.0	18.0	17.0
281.36273193359375	186.1105499267578	18.2459774017334	17.232315063476562
288.0	192.0	22.0	20.0
307.0	201.0	23.0	22.0
316.0	204.0	21.0	21.0
321.0	204.0	23.0	23.0
329.0	205.0	19.0	17.0
334.0	210.0	21.0	22.0
341.0	215.0	21.0	21.0
345.0	216.0	22.0	22.0
351.0	218.0	23.0	22.0
359.0	225.0	21.0	21.0
363.0	226.0	21.0	22.0
371.0	228.0	20.0	17.0
377.0	232.0	22.0	22.0
383.0	237.0	20.0	22.0
383.91595458984375	242.3783416748047	19.970443725585938	21.967487335205078
384.7223815917969	241.81491088867188	19.733783721923828	21.707162857055664
384.620361328125	241.664794921875	19.63825225830078	21.602079391479492
388.0	243.0	16.0	16.0
386.65313720703125	241.2660369873047	15.982294082641602	15.982294082641602
387.0	237.0	22.0	20.0
387.0	237.0	21.0	21.0
388.5877685546875	234.7200164794922	21.037944793701172	21.037944793701172
387.35595703125	234.8203125	20.95157241821289	20.95157241821289
387.6885070800781	234.20755004882812	20.9102840423584	20.9102840423584
387.1265869140625	232.8099365234375	20.935619354248047	20.935619354248047
385.90081787109375	232.30361938476562	20.648719787597656	20.648719787597656
388.0	234.0	17.0	18.0
385.9364929199219	233.23513793945312	17.03554916381836	18.037639617919922
386.0	234.0	18.0	20.0
383.91485595703125	234.3262481689453	18.15850257873535	20.17611312866211
386.29754638671875	232.6271209716797	18.559200286865234	20.621334075927734
385.506103515625	233.2337646484375	18.67095947265625	20.74551010131836
383.61798095703125	233.65518188476562	19.082439422607422	21.20271110534668
381.8805847167969	232.98471069335938	19.112674713134766	21.23630714416504
387.512451171875	230.27047729492188	19.004230499267578	21.115814208984375
388.86029052734375	229.29421997070312	19.229080200195312	21.36564826965332
384.83392333984375	229.20407104492188	19.460336685180664	21.62259864807129
379.12933349609375	229.58316040039062	19.226642608642578	21.362939834594727
369.73175048828125	225.1702117919922	19.397287368774414	21.55254554748535
360.0	221.0	21.0	20.0
349.0	216.0	22.0	23.0
340.0	212.0	20.0	20.0
333.0	208.0	17.0	18.0
323.0	207.0	21.0	23.0
317.0	207.0	22.0	21.0
309.0	204.0	23.0	22.0
299.0	200.0	20.0	19.0
292.0	194.0	21.0	20.0
280.0	190.0	21.0	21.0
275.0	190.0	19.0	20.0
268.0	186.0	20.0	21.0
260.0	183.0	22.0	22.0
256.0	183.0	19.0	18.0
249.0	180.0	20.0	19.0
245.0	175.0	19.0	19.0
240.0	174.0	18.0	17.0
233.0	171.0	19.0	21.0
231.3040313720703	168.29246520996094	19.046344757080078	21.051219940185547
222.0	166.0	23.0	20.0
234.0	159.0	22.0	22.0
246.0	161.0	19.0	17.0
255.0	155.0	18.0	17.0
263.0	151.0	19.0	20.0
270.0	146.0	18.0	19.0
277.28924560546875	142.091064453125	17.939437866210938	18.93607521057129
279.0	140.0	21.0	21.0
291.0	121.0	19.0	20.0
294.0	117.0	20.0	15.0
305.0	100.0	20.0	19.0
311.0	98.0	19.0	20.0
317.65545654296875	95.25647735595703	18.738407135009766	19.724639892578125
322.74859619140625	93.62765502929688	18.421344757080078	19.39089012145996
324.4786682128906	93.90885925292969	18.616655349731445	19.596479415893555
330.0	92.0	20.0	19.0
334.0	90.0	21.0	20.0
340.0	89.0	19.0	19.0
344.0	89.0	18.0	17.0
348.74285888671875	86.45773315429688	17.981094360351562	16.98214340209961
352.0	83.0	19.0	19.0
357.0	81.0	19.0	19.0
361.0	80.0	18.0	19.0
364.2846984863281	78.00291442871094	18.259265899658203	19.273670196533203
362.009765625	80.26790618896484	18.302921295166016	19.319751739501953
364.8869323730469	83.75907897949219	18.7348690032959	19.775699615478516
364.5425720214844	87.9021987915039	18.786823272705078	19.83053970336914
369.0	93.0	15.0	16.0
369.0	99.0	19.0	19.0
371.0	106.0	17.0	19.0
372.4195861816406	109.75309753417969	17.116260528564453	19.12993812561035
368.27496337890625	107.4800796508789	16.95236587524414	18.946762084960938
372.55560302734375	100.67961883544922	17.089401245117188	19.099918365478516
379.17987060546875	99.92594909667969	17.0755615234375	19.084447860717773
377.66534423828125	100.56151580810547	17.42045021057129	19.46990966796875
374.9522705078125	101.21388244628906	17.436491012573242	19.487838745117188
369.7407531738281	107.54237365722656	17.330503463745117	19.369380950927734
404.0	135.0	15.0	16.0
406.0	137.0	17.0	17.0
406.0	136.0	20.0	20.0
412.0	142.0	19.0	20.0
415.0	145.0	20.0	21.0
418.37823486328125	145.69187927246094	19.986013412475586	20.985315322875977
422.9102478027344	149.3731689453125	19.6044979095459	20.584726333618164
429.51385498046875	153.7071533203125	19.78189468383789	20.770994186401367
435.0	162.0	19.0	19.0
438.0	167.0	20.0	21.0
441.21661376953125	169.0113983154297	19.98666000366211	20.985994338989258
448.0	176.0	20.0	21.0
449.0	180.0	21.0	21.0
444.0	188.0	21.0	22.0
438.0	196.0	20.0	20.0
436.8846130371094	201.82667541503906	20.603708267211914	20.603708267211914
433.0	212.0	21.0	20.0
432.5132751464844	214.5324249267578	20.609163284301758	19.627775192260742
430.69818115234375	226.0971221923828	20.62125587463379	19.639293670654297
425.5047302246094	232.3197784423828	20.62334632873535	19.641284942626953
421.29046630859375	242.2451934814453	21.144817352294922	20.137928009033203
421.65814208984375	246.4352569580078	21.003158569335938	20.003015518188477
421.5120544433594	235.67861938476562	20.936904907226562	19.939916610717773
417.7715759277344	239.581787109375	20.83357810974121	19.841510772705078
415.68646240234375	244.39883422851562	21.285005569458008	20.271440505981445
