146.0	146.0	45.0	56.0
145.0	146.0	46.0	56.0
147.0	142.0	48.0	59.0
146.0	136.0	57.0	64.0
171.0	141.0	37.0	56.0
144.0	153.0	42.0	46.0
184.0	135.0	42.0	65.0
185.0	135.0	45.0	68.0
185.0	134.0	45.0	68.0
183.0	136.0	48.0	64.0
177.0	132.0	48.0	69.0
174.0	135.0	47.0	66.0
142.0	156.0	40.0	46.0
173.0	138.0	48.0	63.0
143.0	153.0	42.0	49.0
147.0	157.0	40.0	44.0
146.1535186767578	154.45635986328125	40.7200927734375	46.26386260986328
184.0	133.0	51.0	68.0
186.0	134.0	51.0	68.0
190.0	134.0	48.0	64.0
188.0	135.0	52.0	67.0
188.59063720703125	132.86080932617188	51.81412887573242	66.76051330566406
190.0	138.0	51.0	66.0
191.0	137.0	51.0	66.0
194.0	141.0	53.0	67.0
196.0	141.0	51.0	66.0
199.0	141.0	51.0	68.0
199.0	147.0	50.0	62.0
196.0	146.0	54.0	64.0
198.0	147.0	58.0	62.0
213.0	144.0	51.0	67.0
222.0	143.0	53.0	69.0
232.0	146.0	53.0	68.0
236.0	148.0	57.0	69.0
239.0	149.0	53.0	68.0
239.0	150.0	53.0	68.0
238.0	150.0	53.0	69.0
236.0	152.0	54.0	68.0
236.0	153.0	52.0	69.0
238.0	165.0	52.0	57.0
231.0	163.0	60.0	62.0
235.0	161.0	59.0	64.0
249.0	159.0	53.0	68.0
254.0	158.0	53.0	69.0
261.0	161.0	52.0	67.0
263.0	161.0	53.0	69.0
267.0	163.0	51.0	69.0
268.0	169.0	53.0	67.0
271.0	165.0	52.0	71.0
273.0	169.0	52.0	69.0
274.0	170.0	52.0	69.0
273.0	170.0	53.0	70.0
274.0	175.0	52.0	66.0
273.0	174.0	53.0	69.0
272.0	175.0	52.0	69.0
271.0	175.0	52.0	70.0
269.0	174.0	52.0	72.0
268.0	174.0	51.0	73.0
266.0	174.0	51.0	74.0
264.0	176.0	52.0	73.0
262.0	179.0	51.0	70.0
261.0	178.0	51.0	72.0
257.0	180.0	53.0	71.0
256.0	179.0	50.0	72.0
254.0	182.0	50.0	70.0
253.0	181.0	49.0	70.0
249.0	181.0	49.0	71.0
245.0	181.0	51.0	71.0
242.0	181.0	49.0	72.0
239.0	181.0	48.0	69.0
235.0	179.0	49.0	70.0
232.0	178.0	47.0	71.0
229.0	179.0	47.0	71.0
227.0	180.0	47.0	68.0
223.0	179.0	47.0	69.0
219.0	178.0	47.0	70.0
216.0	180.0	46.0	68.0
211.0	179.0	48.0	68.0
206.0	175.0	48.0	69.0
204.0	175.0	46.0	67.0
199.0	175.0	46.0	66.0
185.0	173.0	54.0	65.0
181.0	172.0	53.0	64.0
185.0	172.0	46.0	65.0
167.0	168.0	59.0	65.0
174.0	168.0	50.0	65.0
171.0	167.0	50.0	64.0
165.0	163.0	52.0	68.0
160.0	161.0	52.0	69.0
159.0	162.0	51.0	65.0
152.0	163.0	55.0	62.0
149.0	161.0	54.0	62.0
146.0	158.0	55.0	65.0
144.0	158.0	55.0	64.0
145.0	157.0	52.0	64.0
139.0	156.0	55.0	64.0
140.0	165.0	51.0	55.0
137.0	155.0	54.0	64.0
135.0	155.0	56.0	64.0
134.0	152.0	55.0	65.0
134.0	152.0	53.0	63.0
132.0	154.0	52.0	61.0
130.0	155.0	52.0	59.0
130.0	154.0	51.0	60.0
129.0	151.0	52.0	63.0
131.0	151.0	53.0	61.0
138.0	149.0	50.0	62.0
136.0	148.0	54.0	64.0
143.0	149.0	48.0	62.0
147.0	148.0	47.0	61.0
151.0	147.0	46.0	62.0
149.0	146.0	51.0	63.0
148.0	145.0	54.0	64.0
159.0	141.0	49.0	66.0
162.0	140.0	48.0	65.0
167.0	140.0	49.0	64.0
177.0	138.0	48.0	64.0
182.0	137.0	47.0	67.0
186.0	139.0	46.0	65.0
188.0	139.0	46.0	65.0
191.0	138.0	46.0	66.0
194.0	137.0	46.0	68.0
197.0	137.0	46.0	68.0
199.0	137.0	47.0	69.0
199.0	136.0	48.0	71.0
200.0	136.0	48.0	71.0
200.0	137.0	51.0	70.0
200.0	135.0	52.0	72.0
203.0	137.0	51.0	71.0
204.0	138.0	50.0	70.0
205.0	139.0	50.0	71.0
207.0	139.0	50.0	71.0
207.0	139.0	52.0	69.0
209.0	146.0	55.0	64.0
208.0	138.0	53.0	71.0
210.0	145.0	54.0	64.0
210.0	138.0	50.0	69.0
211.0	149.0	52.0	61.0
211.0	147.0	55.0	63.0
211.0	146.0	52.0	63.0
210.0	137.0	50.0	69.0
209.0	136.0	51.0	69.0
210.0	135.0	49.0	69.0
209.0	135.0	50.0	69.0
209.0	133.0	50.0	72.0
210.0	134.0	50.0	71.0
210.0	134.0	52.0	70.0
210.0	132.0	52.0	69.0
210.0	132.0	52.0	69.0
210.0	130.0	52.0	70.0
209.0	129.0	51.0	68.0
209.0	129.0	51.0	67.0
209.0	129.0	51.0	67.0
209.0	128.0	50.0	68.0
210.0	127.0	50.0	69.0
208.0	127.0	51.0	68.0
208.0	127.0	51.0	68.0
207.89834594726562	128.18128967285156	51.18593215942383	68.24790954589844
208.0331573486328	127.47591400146484	50.965999603271484	67.95466613769531
209.0	121.0	50.0	69.0
209.0	120.0	52.0	68.0
209.0	120.0	53.0	67.0
209.0	116.0	50.0	71.0
208.0	119.0	52.0	68.0
204.0	114.0	55.0	71.0
204.0	113.0	53.0	67.0
203.0	113.0	55.0	66.0
206.0	112.0	52.0	65.0
205.0	110.0	53.0	64.0
207.0	111.0	52.0	62.0
207.0	113.0	52.0	59.0
207.0	107.0	52.0	63.0
208.0	108.0	50.0	59.0
206.0	105.0	51.0	61.0
205.0	104.0	50.0	64.0
204.0	101.0	50.0	63.0
204.0	102.0	49.0	62.0
202.0	100.0	50.0	62.0
201.0	98.0	50.0	63.0
201.0	98.0	49.0	65.0
200.0	95.0	49.0	67.0
199.0	96.0	49.0	64.0
199.0	93.0	49.0	68.0
199.0	91.0	48.0	68.0
198.0	92.0	49.0	66.0
198.0	91.0	49.0	67.0
198.0	90.0	49.0	66.0
197.30502319335938	94.1366195678711	50.31660842895508	67.77339172363281
202.0	88.0	38.0	42.0
195.0	88.0	49.0	62.0
197.0	85.0	42.0	43.0
202.23406982421875	100.27737426757812	42.38621139526367	43.395408630371094
194.0	84.0	50.0	64.0
194.0	84.0	52.0	60.0
194.0	83.0	51.0	61.0
193.0	82.0	52.0	60.0
193.0	81.0	51.0	60.0
192.0	82.0	51.0	59.0
191.0	81.0	51.0	59.0
195.8883514404297	82.72453308105469	50.61474609375	58.55431365966797
188.0	81.0	52.0	58.0
187.0	81.0	51.0	57.0
186.0	83.0	50.0	54.0
184.0	79.0	51.0	56.0
177.0	75.0	48.0	46.0
182.0	78.0	53.0	56.0
183.0	74.0	53.0	61.0
182.46408081054688	74.38680267333984	52.652000427246094	60.59946823120117
183.0	73.0	53.0	61.0
184.5763397216797	75.78890228271484	52.8216667175293	60.79475021362305
186.0	78.0	49.0	55.0
186.0	78.0	49.0	56.0
191.4693603515625	83.33305358886719	48.61357498168945	55.558372497558594
190.81124877929688	82.04094696044922	48.465816497802734	55.389503479003906
190.62149047851562	80.9965591430664	48.10557556152344	54.9777946472168
190.0886688232422	83.73160552978516	48.13428497314453	55.0106086730957
191.87368774414062	83.39213562011719	48.82056427001953	55.794921875
192.47677612304688	82.48313903808594	48.2747688293457	55.17115020751953
193.64242553710938	77.16429138183594	48.970863342285156	55.9666862487793
196.00535583496094	77.29524230957031	48.58696746826172	55.52794647216797
195.59716796875	79.9969253540039	48.90568542480469	55.89219284057617
197.12864685058594	80.4298324584961	48.8541259765625	55.83327102661133
196.93907165527344	81.28132629394531	48.566261291503906	55.5042839050293
196.7220916748047	80.18505859375	47.85129928588867	54.68718338012695
201.0	77.0	50.0	51.0
200.46717834472656	82.04481506347656	49.864315032958984	50.86159896850586
198.55441284179688	78.50218200683594	49.66303634643555	50.65629577636719
199.7043914794922	79.75697326660156	49.81999206542969	50.8163948059082
201.9210968017578	81.53963470458984	49.995849609375	50.99577713012695
202.02670288085938	76.33662414550781	49.63994216918945	50.632747650146484
203.06356811523438	79.63487243652344	48.744178771972656	49.71906661987305
205.31338500976562	77.6789779663086	48.79497528076172	49.77088165283203
204.5849151611328	81.12337493896484	49.37250518798828	50.359962463378906
204.7669677734375	80.04399108886719	49.6201286315918	50.61254119873047
204.06735229492188	81.2380599975586	50.605533599853516	51.617652893066406
205.1385955810547	80.76165008544922	49.66264724731445	50.655906677246094
205.6084747314453	80.9774169921875	50.3093376159668	51.315528869628906
208.93576049804688	82.26814270019531	50.37455368041992	51.382049560546875
210.89187622070312	83.80409240722656	49.840179443359375	50.83698654174805
214.0	79.0	53.0	53.0
215.0	81.0	54.0	51.0
215.0	81.0	56.0	54.0
216.0	83.0	55.0	52.0
214.20486450195312	85.59429168701172	54.65979766845703	51.6783561706543
213.88525390625	85.2433853149414	53.94109344482422	50.99885177612305
211.9917449951172	85.39918518066406	53.89324951171875	50.95362091064453
215.3336639404297	84.55250549316406	53.669464111328125	50.74204635620117
216.20828247070312	83.783203125	54.214996337890625	51.2578239440918
214.68746948242188	83.53396606445312	53.824668884277344	50.88878631591797
216.6405029296875	83.8414306640625	53.103294372558594	50.20676040649414
220.26443481445312	86.5101089477539	52.81682586669922	49.93592071533203
222.8900909423828	81.4964599609375	54.42194366455078	51.45348358154297
222.96072387695312	84.68953704833984	55.733787536621094	52.69377517700195
225.7351837158203	85.6589126586914	56.17109298706055	53.10723114013672
229.0	79.0	56.0	60.0
228.0	79.0	58.0	63.0
228.77871704101562	80.99954223632812	57.2849235534668	62.22327423095703
229.2171630859375	84.86454772949219	57.68529510498047	62.65816116333008
230.3968048095703	82.28846740722656	58.47852325439453	63.519775390625
233.0	88.0	56.0	59.0
232.0	84.0	58.0	65.0
231.0	82.0	59.0	68.0
231.0	82.0	59.0	70.0
230.0	81.0	59.0	73.0
229.0	88.0	59.0	69.0
226.0	86.0	59.0	71.0
225.0	88.0	59.0	74.0
221.0	95.0	60.0	69.0
221.0	95.0	59.0	73.0
218.0	96.0	63.0	74.0
220.0	98.0	61.0	74.0
217.0	99.0	62.0	74.0
214.0	102.0	65.0	72.0
218.0	101.0	60.0	74.0
217.0	104.0	61.0	70.0
217.3354949951172	104.93341064453125	61.24272537231445	70.2785415649414
218.9043426513672	102.77964782714844	61.93732833862305	71.07562255859375
219.0	109.0	60.0	73.0
221.4705810546875	103.92501068115234	59.1590461730957	71.97683715820312
216.0	110.0	63.0	74.0
217.0	111.0	61.0	72.0
219.0	113.0	59.0	73.0
222.0	117.0	56.0	70.0
217.0	116.0	61.0	71.0
214.0	114.0	62.0	75.0
218.0	120.0	58.0	69.0
217.0	120.0	58.0	70.0
218.0	121.0	57.0	70.0
217.0	123.0	58.0	70.0
217.0	124.0	57.0	71.0
215.0	123.0	57.0	73.0
215.0	124.0	56.0	73.0
214.0	128.0	56.0	70.0
215.0	129.0	55.0	70.0
215.0	130.0	55.0	71.0
215.0	132.0	54.0	69.0
215.0	131.0	53.0	71.0
214.0	132.0	54.0	72.0
213.0	132.0	54.0	70.0
212.0	133.0	54.0	71.0
212.0	132.0	54.0	70.0
211.0	134.0	54.0	69.0
211.0	135.0	54.0	67.0
210.0	135.0	55.0	67.0
210.0	135.0	54.0	67.0
211.0	135.0	54.0	68.0
210.0	137.0	55.0	67.0
210.0	136.0	56.0	70.0
210.0	140.0	53.0	66.0
208.0	140.0	54.0	66.0
207.0	141.0	54.0	65.0
206.0	140.0	55.0	64.0
207.0	139.0	54.0	67.0
209.0	140.0	53.0	64.0
211.0	139.0	53.0	67.0
214.0	146.0	53.0	61.0
216.0	137.0	53.0	71.0
219.0	139.0	55.0	73.0
222.0	149.0	57.0	66.0
220.90371704101562	143.57431030273438	56.9628791809082	65.95701599121094
223.0	152.0	57.0	66.0
219.0	145.0	55.0	70.0
218.0	146.0	55.0	69.0
217.0	147.0	54.0	69.0
215.0	145.0	56.0	70.0
214.0	146.0	54.0	69.0
213.0	146.0	54.0	70.0
211.0	146.0	55.0	70.0
210.0	146.0	55.0	70.0
210.0	148.0	56.0	67.0
210.0	144.0	54.0	71.0
210.0	147.0	53.0	67.0
209.0	148.0	54.0	67.0
211.0	148.0	53.0	67.0
210.0	146.0	54.0	70.0
210.0	147.0	54.0	69.0
211.0	156.0	55.0	61.0
212.0	146.0	52.0	70.0
212.0	146.0	53.0	69.0
213.0	147.0	53.0	69.0
214.0	147.0	54.0	69.0
217.0	148.0	54.0	70.0
219.0	147.0	54.0	72.0
220.0	147.0	53.0	72.0
221.0	146.0	53.0	72.0
221.0	147.0	52.0	71.0
220.0	147.0	53.0	70.0
220.0	146.0	52.0	70.0
219.0	147.0	54.0	69.0
220.0	149.0	52.0	69.0
219.0	149.0	54.0	70.0
219.0	150.0	53.0	70.0
215.0	153.0	56.0	69.0
213.0	150.0	56.0	72.0
211.0	151.0	55.0	68.0
211.0	146.0	54.0	71.0
210.0	144.0	52.0	71.0
208.0	145.0	52.0	69.0
207.0	145.0	52.0	66.0
208.0	144.0	52.0	67.0
210.0	142.0	52.0	68.0
211.0	140.0	54.0	70.0
212.31173706054688	141.95352172851562	54.1528434753418	70.19813537597656
211.0	138.0	54.0	70.0
211.0	136.0	51.0	72.0
208.0	135.0	54.0	69.0
209.0	137.0	52.0	71.0
210.0	135.0	52.0	73.0
210.0	138.0	52.0	71.0
210.0	141.0	52.0	69.0
209.0	140.0	52.0	70.0
208.0	140.0	53.0	70.0
207.0	138.0	51.0	71.0
206.0	139.0	51.0	69.0
208.0	139.0	51.0	70.0
211.0	141.0	51.0	68.0
213.0	141.0	53.0	71.0
215.0	143.0	52.0	69.0
218.0	144.0	53.0	70.0
218.0	145.0	51.0	69.0
218.0	146.0	52.0	71.0
217.0	146.0	51.0	71.0
212.0	145.0	56.0	71.0
209.0	143.0	53.0	70.0
205.0	143.0	52.0	69.0
201.0	140.0	52.0	72.0
198.0	139.0	49.0	72.0
194.0	137.0	50.0	72.0
192.0	137.0	48.0	71.0
189.0	138.0	49.0	69.0
187.0	138.0	47.0	69.0
182.0	137.0	48.0	65.0
181.0	138.0	46.0	65.0
179.0	138.0	46.0	67.0
177.0	137.0	45.0	65.0
171.0	138.0	49.0	66.0
167.0	138.0	49.0	64.0
168.0	139.0	47.0	63.0
167.0	139.0	46.0	63.0
165.0	140.0	48.0	62.0
167.0	140.0	43.0	63.0
164.0	138.0	45.0	63.0
162.0	137.0	46.0	63.0
161.0	134.0	46.0	67.0
160.0	135.0	46.0	66.0
160.0	133.0	45.0	64.0
158.0	131.0	45.0	64.0
157.0	131.0	46.0	66.0
157.0	130.0	45.0	66.0
157.0	129.0	42.0	66.0
155.0	130.0	43.0	65.0
154.0	130.0	44.0	65.0
154.0	129.0	42.0	65.0
154.0	130.0	42.0	63.0
152.0	129.0	43.0	65.0
153.0	129.0	40.0	61.0
151.0	131.0	41.0	60.0
151.0	127.0	40.0	63.0
150.0	126.0	41.0	64.0
149.0	123.0	41.0	66.0
149.0	120.0	41.0	66.0
149.0	118.0	41.0	68.0
149.0	117.0	43.0	67.0
149.0	117.0	43.0	67.0
149.0	116.0	42.0	66.0
149.0	116.0	42.0	64.0
148.0	116.0	44.0	63.0
148.0	115.0	45.0	66.0
147.0	117.0	45.0	64.0
146.0	117.0	45.0	67.0
144.0	118.0	46.0	67.0
144.0	117.0	46.0	69.0
143.0	118.0	46.0	66.0
143.0	120.0	44.0	64.0
142.0	119.0	44.0	67.0
141.0	118.0	45.0	66.0
140.0	119.0	47.0	66.0
142.0	117.0	45.0	68.0
142.0	114.0	49.0	67.0
144.0	111.0	50.0	64.0
145.0	110.0	46.0	61.0
146.0	110.0	48.0	62.0
146.0	108.0	52.0	65.0
150.0	108.0	50.0	66.0
155.0	108.0	48.0	68.0
159.0	107.0	49.0	69.0
162.0	107.0	49.0	71.0
164.0	107.0	50.0	71.0
166.0	106.0	50.0	72.0
166.0	101.0	50.0	77.0
164.0	104.0	51.0	71.0
162.0	107.0	52.0	69.0
163.48806762695312	111.76873779296875	52.141815185546875	69.18817901611328
165.0	115.0	51.0	57.0
168.0	113.0	49.0	63.0
171.0	112.0	48.0	65.0
175.0	113.0	48.0	64.0
175.40536499023438	122.76240539550781	48.083595275878906	64.11146545410156
176.4034423828125	119.22727966308594	48.96880340576172	65.29173278808594
175.0	114.0	48.0	73.0
174.0	114.0	48.0	73.0
175.17630004882812	108.79339599609375	48.677825927734375	74.03086853027344
175.01333618164062	110.6849365234375	48.84087371826172	74.27883911132812
174.0	111.0	50.0	67.0
176.0	111.0	50.0	62.0
178.0	109.0	52.0	62.0
181.0	109.0	52.0	60.0
183.0	109.0	52.0	61.0
184.0	111.0	53.0	68.0
184.0	112.0	54.0	67.0
184.0	114.0	55.0	68.0
186.51473999023438	116.789794921875	55.32987594604492	68.40785217285156
186.0	122.0	57.0	69.0
192.0	122.0	54.0	71.0
195.0	124.0	53.0	70.0
197.0	123.0	52.0	71.0
197.0	124.0	52.0	72.0
196.0	123.0	51.0	70.0
190.0	118.0	52.0	74.0
185.0	119.0	54.0	70.0
181.0	122.0	53.0	70.0
177.0	125.0	53.0	69.0
180.0	122.0	52.0	70.0
184.0	119.0	54.0	70.0
188.0	118.0	54.0	71.0
195.0	119.0	50.0	72.0
195.0	123.0	51.0	70.0
192.0	119.0	54.0	72.0
190.0	117.0	56.0	73.0
185.0	117.0	58.0	72.0
186.0	119.0	56.0	71.0
186.0	122.0	55.0	70.0
187.0	121.0	56.0	71.0
187.0	122.0	57.0	72.0
191.0	124.0	54.0	71.0
193.0	123.0	54.0	72.0
193.0	125.0	54.0	71.0
194.0	125.0	52.0	71.0
193.0	126.0	51.0	69.0
189.0	126.0	52.0	69.0
189.0	123.0	52.0	72.0
189.0	123.0	52.0	72.0
190.0	123.0	52.0	72.0
191.0	124.0	51.0	71.0
192.0	124.0	51.0	71.0
190.0	125.0	52.0	71.0
190.0	125.0	51.0	71.0
187.0	124.0	53.0	71.0
187.0	122.0	52.0	75.0
184.0	124.0	52.0	73.0
180.0	126.0	51.0	71.0
176.0	126.0	50.0	71.0
170.0	125.0	51.0	72.0
167.0	124.0	52.0	72.0
166.0	128.0	53.0	71.0
168.0	126.0	54.0	71.0
175.0	126.0	52.0	73.0
182.0	129.0	53.0	69.0
189.0	132.0	51.0	68.0
191.0	136.0	52.0	68.0
192.0	138.0	52.0	69.0
190.0	138.0	51.0	66.0
188.0	136.0	50.0	66.0
184.0	129.0	49.0	71.0
181.0	126.0	46.0	73.0
178.0	127.0	45.0	68.0
176.0	126.0	46.0	71.0
178.0	126.0	45.0	70.0
178.0	127.0	48.0	70.0
179.0	126.0	49.0	72.0
178.0	127.0	50.0	71.0
178.0	127.0	48.0	70.0
177.0	126.0	48.0	72.0
178.0	126.0	46.0	70.0
178.0	122.0	45.0	73.0
176.0	121.0	48.0	73.0
180.0	121.0	45.0	72.0
181.0	119.0	46.0	71.0
183.0	121.0	45.0	69.0
188.0	121.0	40.0	70.0
185.0	121.0	43.0	69.0
185.0	121.0	42.0	69.0
183.0	122.0	43.0	67.0
184.0	121.0	41.0	69.0
181.0	121.0	47.0	69.0
182.0	119.0	48.0	72.0
186.0	119.0	46.0	70.0
191.0	119.0	42.0	71.0
190.0	119.0	44.0	68.0
191.0	120.0	42.0	69.0
191.0	121.0	42.0	71.0
192.0	123.0	43.0	72.0
193.0	123.0	43.0	73.0
190.0	123.0	48.0	74.0
193.0	123.0	49.0	73.0
201.0	124.0	44.0	73.0
203.0	135.0	48.0	63.0
207.0	127.0	44.0	71.0
209.0	128.0	45.0	70.0
204.0	128.0	49.0	70.0
208.0	130.0	44.0	68.0
201.0	130.0	49.0	68.0
197.0	128.0	48.0	70.0
191.0	128.0	49.0	70.0
183.0	128.0	52.0	70.0
188.0	150.0	40.0	52.0
176.0	131.0	46.0	69.0
174.0	129.0	41.0	71.0
167.0	131.0	42.0	69.0
162.0	129.0	41.0	69.0
155.0	131.0	43.0	67.0
151.0	127.0	40.0	73.0
146.0	125.0	41.0	73.0
143.0	123.0	40.0	72.0
139.0	122.0	40.0	73.0
135.0	121.0	40.0	73.0
129.0	120.0	41.0	72.0
129.0	118.0	38.0	74.0
125.0	122.0	38.0	69.0
120.0	120.0	41.0	71.0
116.0	118.0	44.0	71.0
114.0	120.0	42.0	71.0
113.0	117.0	38.0	74.0
101.0	115.0	47.0	76.0
102.0	118.0	42.0	73.0
99.0	119.0	41.0	74.0
95.0	120.0	44.0	73.0
91.0	121.0	47.0	70.0
93.0	118.0	45.0	74.0
91.0	118.0	48.0	74.0
92.0	118.0	47.0	73.0
91.0	117.0	50.0	75.0
98.0	117.0	43.0	72.0
98.0	117.0	49.0	73.0
103.69627380371094	119.8987808227539	49.00528335571289	73.00785827636719
109.0	118.0	43.0	69.0
116.0	118.0	40.0	68.0
123.69677734375	117.42227935791016	40.03770065307617	68.06409454345703
132.0	116.0	31.0	71.0
133.78599548339844	121.21627044677734	31.04788589477539	71.10967254638672
140.35855102539062	119.92756652832031	31.72267723083496	72.65516662597656
144.6670379638672	120.87150573730469	31.274072647094727	71.62771606445312
147.50155639648438	122.99759674072266	31.64727783203125	72.48247528076172
151.28143310546875	124.5647964477539	31.880645751953125	73.0169677734375
155.81182861328125	123.62022399902344	32.04467010498047	73.39263916015625
158.6138458251953	126.31632232666016	32.583778381347656	74.62738037109375
158.75357055664062	124.3857421875	32.82081604003906	75.17027282714844
161.6634063720703	124.78483581542969	32.37382125854492	74.1465072631836
164.12904357910156	123.23637390136719	32.96503829956055	75.5005874633789
166.33743286132812	122.09617614746094	32.8990364074707	75.34942626953125
166.426025390625	124.91461181640625	32.619834899902344	74.70997619628906
164.23861694335938	125.14353942871094	32.169586181640625	73.67876434326172
166.99563598632812	124.47444915771484	32.1331672668457	73.59535217285156
169.6829833984375	123.91007232666016	32.186302185058594	73.71704864501953
170.39315795898438	125.8318099975586	32.00939178466797	73.3118667602539
168.5338897705078	123.76927185058594	32.2703742980957	73.90959167480469
169.0584259033203	119.34004974365234	31.799449920654297	72.83102416992188
164.584228515625	122.29986572265625	32.44572830200195	74.31121063232422
162.0	129.0	38.0	53.0
155.0	124.0	41.0	54.0
149.53372192382812	125.48095703125	40.248130798339844	53.009735107421875
151.0	118.0	42.0	57.0
147.0	117.0	44.0	58.0
141.0975341796875	126.45982360839844	43.975608825683594	57.96784591674805
141.0	110.0	48.0	65.0
139.0	116.0	46.0	63.0
139.0	117.0	45.0	62.0
137.0	118.0	46.0	63.0
138.0	119.0	43.0	59.0
135.0	117.0	43.0	62.0
126.0	113.0	53.0	68.0
120.0	110.0	53.0	75.0
125.0	115.0	44.0	72.0
127.0	116.0	40.0	70.0
125.0	118.0	42.0	66.0
122.0	118.0	45.0	69.0
120.0	120.0	46.0	63.0
123.0	122.0	43.0	62.0
122.0	125.0	41.0	58.0
122.02254486083984	124.1161880493164	41.425148010253906	58.6014289855957
117.96754455566406	120.36943054199219	41.35440444946289	58.50135040283203
120.0	130.0	39.0	50.0
118.0	128.0	43.0	53.0
122.0	135.0	35.0	47.0
114.0	129.0	39.0	48.0
115.0	128.0	39.0	49.0
113.12713623046875	122.53397369384766	38.451026916503906	48.310264587402344
115.0	129.0	38.0	47.0
115.82791900634766	122.6309814453125	37.56255340576172	46.458946228027344
116.0	122.0	40.0	53.0
118.86616516113281	126.79536437988281	39.20942306518555	51.952491760253906
118.99903869628906	129.2847137451172	39.220916748046875	51.96772384643555
117.0850830078125	134.69760131835938	38.76060104370117	51.357810974121094
114.61933898925781	134.09365844726562	39.00307083129883	51.67908477783203
114.45538330078125	134.77015686035156	38.799835205078125	51.4098014831543
114.0535888671875	126.38675689697266	38.971893310546875	51.63777542114258
114.0	127.0	39.0	52.0
113.0	125.0	39.0	54.0
109.0	118.0	42.0	56.0
114.0	125.0	39.0	53.0
117.72279357910156	132.0406036376953	38.358543395996094	52.1282844543457
120.15223693847656	132.0944366455078	38.604225158691406	52.462158203125
121.87727355957031	136.8157958984375	38.60495376586914	52.4631462097168
123.0	116.0	43.0	55.0
122.79595947265625	134.3220672607422	43.304588317871094	55.38958740234375
124.58280181884766	136.1625213623047	42.97004318237305	54.9616813659668
123.47257232666016	132.84304809570312	43.3828125	55.48964309692383
121.0	119.0	46.0	54.0
121.0	114.0	45.0	58.0
120.0	111.0	46.0	63.0
117.0	111.0	49.0	66.0
113.87688446044922	109.46695709228516	48.75849151611328	63.471290588378906
112.91715240478516	104.83780670166016	48.69086456298828	63.38325881958008
114.63813781738281	105.5681381225586	48.44712448120117	63.06596755981445
120.0	113.0	53.0	68.0
114.16224670410156	106.77104187011719	53.3494987487793	68.44841003417969
113.75650787353516	109.40511322021484	53.45964431762695	68.58972930908203
80.0	81.0	37.0	42.0
79.52315521240234	70.8361587524414	36.53417205810547	41.471229553222656
71.04105377197266	72.70643615722656	36.84778594970703	41.82722473144531
82.0	82.0	36.0	41.0
84.0	81.0	34.0	41.0
85.0	82.0	37.0	42.0
83.0	85.0	37.0	42.0
85.0	87.0	37.0	40.0
82.01643371582031	87.39933776855469	36.86761474609375	39.85688018798828
83.93366241455078	88.2457275390625	36.50386428833008	39.46363830566406
86.38877868652344	90.78723907470703	36.9084358215332	39.90100860595703
82.05479431152344	85.10894775390625	36.100074768066406	39.0271110534668
88.61180877685547	86.00193786621094	35.777183532714844	38.678035736083984
91.76395416259766	87.79057312011719	35.47723388671875	38.353763580322266
90.31297302246094	90.52989196777344	35.98639678955078	38.904212951660156
87.58175659179688	88.49272918701172	34.73808670043945	37.302947998046875
77.5746078491211	77.24790954589844	34.73153305053711	37.2959098815918
84.16915130615234	82.5101089477539	34.42851638793945	36.970516204833984
89.35620880126953	90.76517486572266	34.60157012939453	37.156349182128906
87.94892883300781	91.51696014404297	35.248435974121094	37.85097885131836
88.89833068847656	90.34132385253906	35.3012809753418	37.9077262878418
89.32075500488281	90.43497467041016	36.35909652709961	39.04364776611328
87.20536804199219	90.76382446289062	36.191917419433594	38.86412811279297
87.5616455078125	91.71958923339844	36.267295837402344	38.945072174072266
87.76087188720703	91.39390563964844	36.00579833984375	38.66426467895508
88.85875701904297	92.1987533569336	36.408363342285156	39.09654998779297
87.56202697753906	90.99993896484375	36.70204162597656	39.41191482543945
88.43226623535156	87.55176544189453	36.13435745239258	38.80231475830078
87.79188537597656	89.84669494628906	36.389225006103516	39.07600021362305
88.37814331054688	86.95066833496094	36.587913513183594	39.28936004638672
89.65116119384766	86.98758697509766	36.944725036621094	39.672515869140625
89.99143981933594	90.18534851074219	36.5747184753418	39.27519226074219
89.03837585449219	89.1346664428711	36.52809524536133	39.225128173828125
91.09387969970703	89.74958038330078	35.772216796875	38.4134407043457
90.31265258789062	89.49813079833984	35.9420051574707	38.595760345458984
89.1819839477539	90.71495056152344	35.96438980102539	38.61979675292969
89.59967041015625	90.61643981933594	36.275390625	38.953758239746094
88.18836212158203	90.4853515625	36.900787353515625	39.625335693359375
89.58148193359375	89.10063171386719	36.22684097290039	38.90163040161133
88.6528091430664	88.95655822753906	35.56566619873047	38.19163513183594
89.68846130371094	90.66165924072266	35.3419075012207	37.95135498046875
91.03619384765625	87.81266021728516	35.470802307128906	38.08976745605469
90.29837799072266	88.51798248291016	35.15106964111328	37.74642562866211
99.0	89.0	43.0	47.0
84.97351837158203	83.27362823486328	43.24599075317383	47.26887512207031
86.09125518798828	85.95309448242188	42.4775505065918	46.428951263427734
88.23265838623047	85.90470123291016	41.84528350830078	45.73787307739258
88.71923828125	86.11833190917969	41.93844223022461	45.83970260620117
90.63658142089844	86.91160583496094	41.76754379272461	45.65290451049805
90.99281311035156	84.57984161376953	41.92536926269531	45.82541275024414
90.17546844482422	83.8316650390625	42.61437225341797	46.57851028442383
104.0	88.0	52.0	53.0
92.50837707519531	82.59013366699219	52.01335525512695	53.01361083984375
91.73082733154297	81.14601135253906	52.542755126953125	53.553199768066406
93.55338287353516	84.91287231445312	53.11054611206055	54.13190841674805
93.58133697509766	79.60025024414062	54.02532196044922	55.06427764892578
97.07050323486328	81.9119644165039	53.82159423828125	54.85663604736328
95.7733154296875	79.26139068603516	53.16035842895508	54.18267822265625
96.9885482788086	82.02491760253906	53.356353759765625	54.38243865966797
97.50543212890625	82.741455078125	53.14997482299805	54.172096252441406
98.81192016601562	83.48500061035156	52.70319747924805	53.71673583984375
97.71366882324219	84.79484558105469	52.928016662597656	53.94587326049805
96.97522735595703	85.69453430175781	52.76420211791992	53.778907775878906
96.57191467285156	87.70045471191406	53.105552673339844	54.1268196105957
95.45326232910156	86.87940216064453	52.607574462890625	53.6192626953125
108.0	91.0	37.0	48.0
100.43596649169922	88.7708511352539	37.4627685546875	48.60034942626953
98.54014587402344	86.16106414794922	37.530059814453125	48.687644958496094
99.6266098022461	86.94478607177734	37.56459426879883	48.732444763183594
99.88960266113281	89.48306274414062	37.24825668334961	48.322059631347656
98.59976959228516	91.13475799560547	36.833282470703125	47.78371810913086
98.39598083496094	91.08219909667969	36.57886505126953	47.45366287231445
101.85314178466797	92.2025375366211	36.26411819458008	47.04533767700195
100.75142669677734	91.49491882324219	36.57817077636719	47.4527587890625
102.39585876464844	90.25234985351562	37.3138427734375	48.40714645385742
98.40225982666016	88.3814697265625	37.4385871887207	48.56897735595703
96.69954681396484	89.52039337158203	38.12736129760742	49.462528228759766
98.009765625	90.69287109375	37.907073974609375	49.17675018310547
99.25169372558594	93.49549865722656	37.947914123535156	49.22972869873047
97.28679656982422	95.62332916259766	37.921287536621094	49.1951904296875
98.17083740234375	98.99911499023438	37.55695343017578	48.72254180908203
95.8149642944336	100.40058898925781	37.9483528137207	49.23029708862305
94.9593734741211	99.5234146118164	38.2195930480957	49.58217239379883
97.49397277832031	97.97709655761719	37.696990966796875	48.904205322265625
100.44670104980469	97.70454406738281	37.2738037109375	48.35520553588867
110.0	103.0	39.0	43.0
111.0	103.0	39.0	42.0
113.0	104.0	37.0	40.0
112.0	104.0	39.0	41.0
113.0	105.0	39.0	42.0
114.0	106.0	38.0	44.0
115.0	108.0	38.0	45.0
110.04337310791016	105.4655990600586	38.558807373046875	45.6617431640625
115.0	109.0	41.0	44.0
109.20941162109375	106.5087890625	40.943641662597656	43.93951416015625
110.85011291503906	108.44486999511719	40.91553497314453	43.90935516357422
115.81314849853516	112.2909927368164	40.35831832885742	43.311370849609375
116.60929107666016	112.2171401977539	40.597389221191406	43.56793975830078
115.05168151855469	108.67427062988281	40.89559555053711	43.887969970703125
115.20368957519531	109.05595397949219	41.272666931152344	44.29263687133789
108.31101989746094	104.28627014160156	41.4835205078125	44.51891326904297
112.81846618652344	102.9034194946289	42.51103591918945	45.621612548828125
109.0051040649414	98.9935302734375	42.607276916503906	45.72489547729492
109.57450103759766	96.3967056274414	43.012550354003906	46.159820556640625
109.36164855957031	94.52349853515625	42.913455963134766	46.05347442626953
107.72991943359375	95.2000961303711	42.96196746826172	46.10553741455078
106.39810943603516	97.30769348144531	44.03877639770508	47.261138916015625
103.26541900634766	101.21553802490234	43.90148162841797	47.113792419433594
105.4781723022461	102.01615142822266	44.132450103759766	47.361656188964844
105.05906677246094	104.6850357055664	43.62507247924805	46.81715393066406
102.8030776977539	101.31332397460938	43.26710891723633	46.43299865722656
106.7140121459961	102.4729232788086	42.93169403076172	46.07304763793945
108.66801452636719	101.1512451171875	43.50121307373047	46.684234619140625
117.0	104.0	37.0	44.0
113.01835632324219	100.93145751953125	37.16313171386719	44.193992614746094
115.03653717041016	103.99928283691406	38.11290740966797	45.32345199584961
118.73344421386719	102.97456359863281	37.97180938720703	45.155662536621094
121.0	107.0	38.0	45.0
121.0	107.0	38.0	44.0
122.0	107.0	38.0	43.0
123.0	107.0	38.0	45.0
118.17962646484375	105.81361389160156	38.2520866394043	45.298526763916016
123.0	107.0	39.0	46.0
119.8396987915039	106.79109954833984	38.96565628051758	45.95949172973633
121.7619400024414	105.89642333984375	39.6558952331543	46.77362060546875
120.39256286621094	106.69466400146484	40.30928421020508	47.544281005859375
123.45389556884766	107.19047546386719	40.1375732421875	47.34174728393555
123.9102783203125	110.7782974243164	39.69742202758789	46.822593688964844
124.34757995605469	109.3833999633789	39.63562774658203	46.74970626831055
127.7996597290039	109.9423828125	38.996543884277344	45.995914459228516
127.4970703125	109.55789947509766	38.61811065673828	45.549556732177734
130.34432983398438	105.3309097290039	38.70185470581055	45.64833450317383
129.8751220703125	108.28202056884766	38.77153778076172	45.73052215576172
131.41659545898438	108.22303771972656	38.547325134277344	45.466060638427734
131.57492065429688	108.00886535644531	37.924346923828125	44.73126220703125
128.75772094726562	107.66242980957031	38.7180290222168	45.66740036010742
129.4474639892578	107.48746490478516	38.01385498046875	44.83683776855469
131.0141143798828	109.94866943359375	38.26741027832031	45.13590621948242
130.52215576171875	110.87809753417969	38.22130584716797	45.0815315246582
129.4764862060547	110.14372253417969	37.869911193847656	44.66706848144531
130.4078369140625	109.5286636352539	37.469642639160156	44.1949577331543
131.81747436523438	108.61334228515625	37.12470245361328	43.788108825683594
130.6575469970703	108.9459457397461	37.00804138183594	43.650508880615234
131.28338623046875	108.31494140625	37.167625427246094	43.83873748779297
131.51760864257812	108.63587951660156	37.69385528564453	44.45941925048828
129.9340057373047	109.49747467041016	37.69591522216797	44.46185302734375
131.54470825195312	107.97386169433594	37.925880432128906	44.73308563232422
131.27647399902344	108.11036682128906	37.79689407348633	44.58095169067383
130.95681762695312	105.8121566772461	37.84152603149414	44.63359451293945
131.98776245117188	107.57148742675781	37.94095230102539	44.7508659362793
130.93472290039062	109.69293212890625	37.63969802856445	44.395538330078125
131.24905395507812	108.74888610839844	37.21147537231445	43.89045333862305
133.2737274169922	109.0223388671875	36.920223236083984	43.54692840576172
132.66200256347656	108.2315673828125	36.68803024291992	43.2730598449707
130.68399047851562	109.80488586425781	36.8751106262207	43.49371337890625
131.8456268310547	109.68475341796875	36.61368179321289	43.18535614013672
131.0380096435547	108.85862731933594	36.55067443847656	43.11103820800781
132.5955810546875	111.2087173461914	36.3715705871582	42.89978790283203
134.4488525390625	115.66866302490234	36.132259368896484	42.61751937866211
133.71458435058594	117.20985412597656	35.89612579345703	42.3390007019043
131.96096801757812	119.6243667602539	36.21631622314453	42.7166633605957
129.60443115234375	121.31819152832031	36.07411575317383	42.5489387512207
116.66825866699219	116.32316589355469	35.4458122253418	41.80786895751953
101.30462646484375	106.8333740234375	35.47929382324219	41.84735870361328
103.8746337890625	106.20831298828125	35.46202850341797	41.82699203491211
90.15484619140625	99.80674743652344	35.29902267456055	41.63473129272461
99.76475524902344	102.12528991699219	35.543880462646484	41.92354202270508
94.41153717041016	100.04239654541016	35.68357467651367	42.08831024169922
91.70833587646484	107.31709289550781	36.02547073364258	42.49156951904297
87.9375991821289	100.83104705810547	35.6378059387207	42.034324645996094
90.0572738647461	98.90968322753906	35.455101013183594	41.818824768066406
96.88445281982422	101.56900024414062	35.32691192626953	41.667625427246094
110.47530364990234	107.5283432006836	35.35973358154297	41.706336975097656
112.2031478881836	108.59033203125	35.360260009765625	41.70695877075195
114.24576568603516	109.83723449707031	35.00129318237305	41.283565521240234
113.58015441894531	108.2296371459961	35.51051330566406	41.884178161621094
117.37699127197266	104.98077392578125	35.79878616333008	42.22418975830078
116.28163146972656	106.37662506103516	35.587650299072266	41.975154876708984
115.6781997680664	106.1537857055664	36.153648376464844	42.642738342285156
116.23844909667969	107.3298568725586	36.899349212646484	43.52228546142578
113.39991760253906	107.3553237915039	38.106903076171875	44.94658279418945
113.90104675292969	106.70455169677734	38.33812713623047	45.219303131103516
112.5963134765625	106.29963684082031	38.33067321777344	45.21051025390625
115.8599624633789	104.21915435791016	38.13054275512695	44.974456787109375
115.22734069824219	104.11875915527344	37.853126525878906	44.647247314453125
115.35374450683594	102.92201232910156	38.0881233215332	44.92442321777344
115.1734848022461	107.09002685546875	37.96785354614258	44.782569885253906
116.28627014160156	104.81327819824219	38.642967224121094	45.57886505126953
113.94712829589844	105.7749252319336	38.520721435546875	45.43468475341797
114.78424072265625	109.18965148925781	38.67750930786133	45.6196174621582
113.96390533447266	110.08970642089844	38.43399429321289	45.332393646240234
117.13932037353516	112.21229553222656	38.186073303222656	45.03997039794922
110.0	106.0	49.0	55.0
105.14656066894531	112.9157485961914	49.318321228027344	55.3572998046875
101.20819091796875	111.03489685058594	49.62688446044922	55.703643798828125
102.11097717285156	117.12184143066406	49.462867736816406	55.5195426940918
104.9886703491211	113.61727142333984	49.364830017089844	55.40950393676758
106.44944763183594	115.1505355834961	49.0191764831543	55.02153396606445
