11.0	1.0	37.0	52.0
12.0	2.0	40.0	60.0
14.0	4.0	44.0	68.0
17.0	4.0	43.0	78.0
22.0	6.0	40.0	81.0
25.0	19.0	39.0	71.0
30.47335433959961	23.00851821899414	38.909881591796875	70.8359375
38.0	13.0	34.0	77.0
47.52404022216797	18.03595542907715	34.75676727294922	78.71385192871094
52.48896408081055	21.19965171813965	34.66572952270508	78.50767517089844
53.930381774902344	21.04743766784668	33.9642219543457	76.91896057128906
54.0	29.0	26.0	71.0
50.0	35.0	28.0	72.0
49.0	43.0	29.0	67.0
48.0	49.0	33.0	68.0
46.0	58.0	34.0	69.0
44.0	70.0	34.0	65.0
40.0	76.0	36.0	67.0
27.0	103.0	42.0	61.0
38.0	110.0	47.0	57.0
65.0	113.0	39.0	64.0
80.0	120.0	41.0	66.0
97.0	125.0	39.0	69.0
114.0	135.0	38.0	67.0
128.0	141.0	41.0	68.0
141.0	143.0	40.0	69.0
153.0	145.0	38.0	67.0
158.0	143.0	40.0	68.0
164.0	143.0	37.0	67.0
166.0	142.0	39.0	67.0
168.0	142.0	40.0	67.0
170.0	142.0	38.0	68.0
171.0	146.0	38.0	63.0
171.0	145.0	39.0	64.0
172.0	143.0	36.0	65.0
174.56146240234375	142.6045684814453	36.34351348876953	65.62023162841797
177.0997772216797	141.3989715576172	36.96168899536133	66.73637390136719
179.0	146.0	40.0	60.0
185.0	141.0	39.0	66.0
194.0	146.0	40.0	62.0
201.0	147.0	37.0	64.0
202.49618530273438	148.35035705566406	37.18708038330078	64.32359313964844
205.51296997070312	147.86361694335938	37.30685806274414	64.53077697753906
209.2386016845703	144.6468963623047	36.92681884765625	63.87340545654297
208.8052215576172	143.02487182617188	37.19573211669922	64.33855438232422
207.61416625976562	138.62789916992188	37.528358459472656	64.9139175415039
207.29989624023438	131.89273071289062	37.433815002441406	64.75038146972656
210.08090209960938	132.31430053710938	37.14849853515625	64.2568588256836
212.85226440429688	132.66317749023438	37.08301544189453	64.14359283447266
214.0777587890625	131.5611572265625	36.80606460571289	63.6645393371582
216.8375701904297	133.37295532226562	36.23162078857422	62.6709098815918
218.08486938476562	132.96678161621094	35.71601867675781	61.77906036376953
216.69717407226562	136.2727508544922	35.134605407714844	60.77337646484375
214.4894561767578	143.610107421875	35.15026092529297	60.800453186035156
216.11135864257812	154.8016357421875	34.895870208740234	60.36042404174805
210.7326202392578	143.6407470703125	35.46410369873047	61.34331130981445
204.68417358398438	147.99530029296875	36.24575424194336	62.69535446166992
194.8190460205078	156.1765594482422	35.995140075683594	62.261863708496094
188.53231811523438	159.7272186279297	35.20079040527344	60.887855529785156
187.0	161.0	31.0	65.0
179.76846313476562	161.00302124023438	31.401195526123047	65.8412094116211
175.1238250732422	163.0392303466797	31.71451759338379	66.4981689453125
174.1308135986328	162.87261962890625	32.15065383911133	67.41264343261719
173.53115844726562	164.0198974609375	31.867572784423828	66.81908416748047
174.37826538085938	164.18411254882812	31.62832260131836	66.31742858886719
175.15528869628906	162.5589141845703	31.744720458984375	66.5615005493164
178.56297302246094	157.5870361328125	31.840469360351562	66.76226806640625
184.56723022460938	154.12783813476562	31.32326889038086	65.67781829833984
189.31124877929688	151.1668701171875	31.122600555419922	65.25706481933594
195.3441925048828	147.02391052246094	31.031230926513672	65.06547546386719
202.2189178466797	146.264404296875	31.137588500976562	65.2884750366211
207.0858917236328	141.9197235107422	31.282360076904297	65.59202575683594
210.6509552001953	141.9660186767578	31.85736656188965	66.79769134521484
211.6685028076172	142.7608642578125	32.665435791015625	68.49202728271484
211.7454071044922	144.9019775390625	32.82396697998047	68.82443237304688
209.1692352294922	145.699951171875	33.068641662597656	69.33746337890625
78.0	182.0	34.0	66.0
81.0	180.0	34.0	67.0
82.0	179.0	34.0	67.0
84.0	179.0	34.0	67.0
87.4145278930664	182.07412719726562	34.56864929199219	68.12057495117188
88.73846435546875	180.66806030273438	34.940521240234375	68.85337829589844
93.0	182.0	35.0	64.0
97.0	175.0	35.0	71.0
104.0	171.0	35.0	72.0
105.79927062988281	170.05296325683594	35.39354705810547	72.80958557128906
109.0	171.0	35.0	70.0
110.0	172.0	34.0	69.0
109.0	174.0	37.0	66.0
110.54756164550781	172.7974090576172	37.714439392089844	67.2744140625
110.81607818603516	171.30047607421875	37.454158782958984	66.81013488769531
111.9263687133789	170.5253143310547	37.36351776123047	66.64845275878906
111.94454193115234	171.1589813232422	37.4832649230957	66.86205291748047
111.0	174.0	36.0	67.0
106.0	174.0	37.0	71.0
98.63972473144531	176.37771606445312	37.6335563659668	72.21574401855469
91.62461853027344	183.2671661376953	37.270423889160156	71.5189208984375
80.4889144897461	183.31985473632812	37.387664794921875	71.74388885498047
77.0	196.0	25.0	60.0
64.0	200.0	29.0	56.0
52.0	201.0	29.0	55.0
44.0	201.0	26.0	55.0
33.0	207.0	29.0	49.0
27.0	207.0	26.0	49.0
22.0	208.0	27.0	48.0
22.86318016052246	206.9428253173828	27.486141204833984	48.86425018310547
24.0	207.0	28.0	49.0
30.0	206.0	29.0	50.0
40.94468307495117	205.64645385742188	28.850093841552734	49.741546630859375
54.725120544433594	204.25889587402344	29.060571670532227	50.10443878173828
65.62516021728516	202.04196166992188	29.695226669311523	51.198673248291016
80.0	189.0	38.0	65.0
92.0	179.0	38.0	69.0
107.0	176.0	35.0	66.0
118.0	181.0	39.0	55.0
131.0	179.0	36.0	51.0
147.0	187.0	31.0	36.0
168.46278381347656	190.8768310546875	31.209060668945312	36.24278259277344
171.14808654785156	187.42596435546875	31.50962257385254	37.98003387451172
156.0	197.0	34.0	57.0
149.65750122070312	196.12998962402344	34.091800689697266	57.153892517089844
140.7870635986328	197.08059692382812	34.026763916015625	57.04486083984375
133.0	200.0	35.0	56.0
126.7872085571289	198.3867950439453	35.14595031738281	56.2335205078125
122.0	200.0	29.0	56.0
116.0	202.0	29.0	54.0
113.0	204.0	27.0	52.0
109.0	203.0	29.0	53.0
109.0	203.0	26.0	53.0
108.0	203.0	28.0	53.0
109.0	203.0	29.0	53.0
113.5200424194336	202.01809692382812	29.435062408447266	53.79511642456055
115.0	202.0	30.0	54.0
120.0	208.0	32.0	48.0
128.0	204.0	31.0	52.0
137.0	197.0	29.0	59.0
145.0	201.0	37.0	52.0
145.0	184.0	41.0	69.0
162.20462036132812	184.25576782226562	40.83684539794922	68.72541809082031
174.0	189.0	37.0	57.0
184.94332885742188	184.57566833496094	36.979251861572266	56.968040466308594
199.09519958496094	179.52664184570312	36.65233612060547	56.46440887451172
203.5482635498047	165.22230529785156	36.00316619873047	55.46433639526367
210.3988037109375	161.97677612304688	35.99900817871094	55.45792770385742
215.7625274658203	157.90431213378906	35.73551940917969	55.0520133972168
223.28713989257812	153.77110290527344	36.19530487060547	55.76033401489258
229.6328582763672	149.67401123046875	36.08208465576172	55.58591842651367
234.9375457763672	148.31045532226562	35.808860778808594	55.165008544921875
238.5477294921875	144.25616455078125	35.71638870239258	55.022544860839844
239.75888061523438	144.30435180664062	36.229915618896484	55.81365203857422
241.475341796875	143.87855529785156	37.487403869628906	57.7508659362793
239.50390625	145.23048400878906	37.722938537597656	58.11371612548828
243.0	156.0	33.0	59.0
237.81204223632812	150.30795288085938	32.96055603027344	58.929473876953125
236.6107940673828	153.22128295898438	32.825870513916016	58.68867874145508
237.0684051513672	161.802490234375	33.708717346191406	60.2671012878418
226.9287567138672	166.15353393554688	34.4525260925293	61.5969352722168
220.88037109375	169.72943115234375	35.029415130615234	62.62834548950195
213.78500366210938	181.7133331298828	35.000328063964844	62.57634353637695
204.40963745117188	189.87417602539062	35.26007080078125	63.04072952270508
193.46554565429688	189.39181518554688	35.237953186035156	63.001182556152344
181.57681274414062	189.81056213378906	35.49622344970703	63.46294021606445
170.0	199.0	38.0	55.0
160.67465209960938	199.77037048339844	38.102325439453125	55.148094177246094
147.05825805664062	199.69668579101562	37.791038513183594	54.69755935668945
140.0	205.0	29.0	51.0
129.93576049804688	203.70545959472656	29.553110122680664	51.97271728515625
123.0	205.0	28.0	51.0
117.0	206.0	28.0	50.0
114.0	206.0	30.0	50.0
114.0	204.0	30.0	52.0
118.0	204.0	29.0	51.0
123.06706237792969	203.11068725585938	29.14803123474121	51.26033401489258
130.92025756835938	200.2702178955078	29.50444984436035	51.88713836669922
139.5926055908203	198.5576171875	29.760202407836914	52.33690643310547
149.7346954345703	197.40127563476562	30.06869125366211	52.879425048828125
161.0	197.0	30.0	56.0
169.0	198.0	33.0	55.0
177.0	196.0	35.0	55.0
185.4878387451172	196.67959594726562	35.05651092529297	55.08879852294922
196.94027709960938	194.63442993164062	35.56758499145508	55.89191818237305
208.3358612060547	202.0501251220703	35.23330307006836	55.36661911010742
214.82101440429688	200.62034606933594	35.608970642089844	55.95695114135742
219.13119506835938	197.04330444335938	35.3371467590332	55.52980422973633
228.53414916992188	169.315673828125	35.351402282714844	55.55219650268555
234.05233764648438	163.22457885742188	35.35847854614258	55.563316345214844
239.7138671875	161.0422821044922	35.7232666015625	56.13655471801758
236.34500122070312	159.1874542236328	36.32050704956055	57.0750732421875
236.9848175048828	159.89913940429688	35.66953659057617	56.0521240234375
235.2073211669922	162.51112365722656	35.793601989746094	56.24707794189453
232.18905639648438	165.77606201171875	35.67906951904297	56.06709671020508
226.67440795898438	169.6243133544922	35.38685607910156	55.60790252685547
213.421630859375	176.3325958251953	35.72456741333008	56.13859176635742
209.3230438232422	175.8496856689453	34.41767883300781	54.42225646972656
203.0	191.0	33.0	65.0
189.7867431640625	190.2318878173828	33.136451721191406	65.26876831054688
209.0	171.0	32.0	62.0
175.0	198.0	30.0	58.0
165.0	199.0	29.0	57.0
156.0	205.0	29.0	51.0
148.0	204.0	28.0	52.0
141.0	205.0	27.0	51.0
135.0	206.0	28.0	50.0
130.0	206.0	29.0	50.0
129.0	206.0	29.0	50.0
131.0	205.0	29.0	50.0
133.69580078125	203.91976928710938	29.647594451904297	51.11654281616211
139.0	206.0	29.0	50.0
145.5876007080078	204.37081909179688	29.35638427734375	50.61445617675781
152.0	199.0	29.0	57.0
159.0	199.0	29.0	57.0
164.0	198.0	32.0	57.0
170.0	198.0	37.0	56.0
173.513671875	195.82269287109375	37.733970642089844	57.110870361328125
183.72500610351562	198.92477416992188	36.97602081298828	55.963706970214844
190.71652221679688	196.7638702392578	36.873619079589844	55.8087272644043
197.64022827148438	188.87063598632812	37.494956970214844	56.74912643432617
202.08206176757812	168.98294067382812	37.884681701660156	57.3389778137207
205.06103515625	165.2966766357422	37.853797912597656	57.292236328125
209.2375946044922	161.5470428466797	37.74396514892578	57.125999450683594
214.7722930908203	157.83409118652344	38.30852127075195	57.9804573059082
207.0	163.0	47.0	72.0
207.0	164.0	46.0	70.0
211.31301879882812	158.77926635742188	45.64989471435547	69.46723937988281
206.13784790039062	160.22171020507812	46.2393913269043	70.36430358886719
200.47998046875	163.0706329345703	45.49238967895508	69.22756958007812
198.3173828125	164.91006469726562	45.797855377197266	69.6924057006836
188.84359741210938	175.634765625	46.641197204589844	70.97574615478516
184.85446166992188	181.12368774414062	47.00163650512695	71.52424621582031
175.2908935546875	182.47555541992188	47.22007369995117	71.85665893554688
162.83956909179688	184.17269897460938	47.0995979309082	71.67332458496094
161.0	196.0	35.0	58.0
152.0	197.0	30.0	59.0
142.0	200.0	28.0	56.0
134.0	204.0	28.0	52.0
126.0	204.0	29.0	52.0
121.0	205.0	29.0	51.0
117.0	205.0	29.0	51.0
115.0	206.0	29.0	50.0
114.0	206.0	30.0	50.0
115.0	208.0	30.0	48.0
117.0	206.0	29.0	50.0
122.0	205.0	28.0	51.0
126.0	204.0	26.0	52.0
130.0	206.0	27.0	50.0
134.0	205.0	28.0	51.0
140.0	199.0	28.0	57.0
147.0	198.0	29.0	58.0
154.0	196.0	31.0	60.0
159.0	197.0	36.0	56.0
166.0	190.0	36.0	60.0
170.73690795898438	189.03457641601562	36.7453727722168	61.242286682128906
175.33837890625	182.6556396484375	37.299415588378906	62.16569137573242
180.78631591796875	186.16983032226562	38.092308044433594	63.4871826171875
183.8777313232422	177.08987426757812	38.59598922729492	64.32665252685547
187.49276733398438	167.6412353515625	39.282920837402344	65.4715347290039
189.95999145507812	165.034423828125	39.60789108276367	66.01314544677734
188.95606994628906	159.09371948242188	40.16993713378906	66.94989013671875
191.04586791992188	157.84085083007812	39.50972366333008	65.84953308105469
187.90374755859375	155.0868377685547	39.905941009521484	66.50990295410156
187.34446716308594	156.03262329101562	39.845970153808594	66.40995788574219
187.19363403320312	155.4627685546875	39.77791213989258	66.29652404785156
179.9097137451172	152.67831420898438	39.73561477661133	66.22602081298828
175.40411376953125	159.1737823486328	39.490257263183594	65.81709289550781
166.7517547607422	159.15188598632812	39.325843811035156	65.5430679321289
161.0	172.0	35.0	57.0
153.94131469726562	172.84373474121094	35.104888916015625	57.170814514160156
143.49159240722656	175.64012145996094	35.06052017211914	57.09855270385742
133.76620483398438	176.7139892578125	35.5753173828125	57.93693161010742
127.0	186.0	31.0	53.0
120.0	187.0	36.0	54.0
116.0	190.0	34.0	54.0
113.0	190.0	36.0	55.0
114.0	192.0	35.0	53.0
119.0	190.0	33.0	54.0
124.8797378540039	185.39903259277344	32.79201126098633	53.65964889526367
131.50949096679688	185.5475616455078	32.908424377441406	53.85013961791992
139.0	182.0	32.0	56.0
145.0	181.0	34.0	55.0
151.9639892578125	173.65541076660156	34.22248458862305	55.35991287231445
157.0	170.0	37.0	56.0
165.0	161.0	36.0	60.0
170.89036560058594	151.85415649414062	36.481292724609375	60.802146911621094
174.4353790283203	146.5811767578125	36.107933044433594	60.17988967895508
177.44729614257812	138.22885131835938	36.03746795654297	60.06245803833008
186.7618408203125	129.9703369140625	36.53558349609375	60.89265060424805
190.80322265625	122.89324951171875	36.00603103637695	60.01005935668945
195.7090606689453	116.41748046875	36.08148193359375	60.13581085205078
197.40383911132812	110.73443603515625	36.7619743347168	61.26996612548828
200.64236450195312	109.1364974975586	36.667423248291016	61.11238479614258
202.3441162109375	106.01252746582031	36.88753128051758	61.47922897338867
204.37376403808594	105.2613525390625	37.134552001953125	61.89093017578125
205.91635131835938	101.30465698242188	37.742855072021484	62.9047737121582
207.94021606445312	103.08781433105469	37.8542594909668	63.09044647216797
214.0	106.0	35.0	59.0
213.1787872314453	98.92801666259766	35.908687591552734	60.53179168701172
218.0	98.0	35.0	60.0
220.0	98.0	36.0	57.0
221.282470703125	92.1786117553711	36.70498275756836	58.11623001098633
223.61782836914062	93.28340911865234	36.8955192565918	58.41791534423828
224.8389434814453	94.1053237915039	36.690032958984375	58.092559814453125
227.2902374267578	96.81938171386719	36.47429656982422	57.7509765625
229.0	100.0	35.0	61.0
228.0	101.0	33.0	60.0
226.0	107.0	33.0	55.0
222.0	105.0	33.0	56.0
216.482421875	101.72474670410156	32.88166046142578	55.79917526245117
212.0	108.0	33.0	52.0
204.7877655029297	105.65093994140625	33.86261749267578	53.35927200317383
195.0	109.0	33.0	55.0
184.0	112.0	37.0	56.0
174.0	120.0	34.0	51.0
165.0	124.0	33.0	50.0
158.0	129.0	32.0	50.0
149.84866333007812	134.0303192138672	31.881603240966797	49.81501007080078
144.0	135.0	31.0	55.0
139.0	144.0	30.0	51.0
135.0	144.0	34.0	57.0
136.30519104003906	149.06124877929688	34.3298225402832	57.552940368652344
139.0	157.0	30.0	54.0
140.0	162.0	31.0	55.0
142.0	165.0	32.0	56.0
144.0	169.0	33.0	56.0
147.0	171.0	32.0	58.0
147.0	175.0	36.0	57.0
149.0	177.0	37.0	60.0
152.0	178.0	36.0	64.0
156.03512573242188	178.3616943359375	36.445377349853516	64.79177856445312
159.8074188232422	180.73562622070312	36.90608596801758	65.6108169555664
165.7345733642578	179.484130859375	37.45386505126953	66.58464050292969
171.10704040527344	177.1046142578125	37.980712890625	67.5212631225586
175.8975067138672	173.43814086914062	38.33979034423828	68.15962982177734
181.9938507080078	169.79318237304688	38.23707580566406	67.97703552246094
189.9181671142578	168.38742065429688	38.522377014160156	68.48423767089844
196.0	172.0	43.0	82.0
193.27403259277344	168.7247772216797	42.63408279418945	81.30220031738281
193.44351196289062	167.6131591796875	43.110260009765625	82.21025085449219
191.65106201171875	165.97801208496094	44.018943786621094	83.94307708740234
190.28016662597656	166.14468383789062	44.93431854248047	85.68867492675781
188.63511657714844	168.64857482910156	45.44110870361328	86.65511322021484
187.14041137695312	165.5664520263672	45.6400146484375	87.03441619873047
180.08383178710938	168.38681030273438	45.32720184326172	86.4378890991211
180.0	181.0	29.0	65.0
173.7815704345703	183.59005737304688	29.197101593017578	65.44178009033203
168.0	194.0	31.0	53.0
162.0	197.0	34.0	53.0
160.0	198.0	34.0	54.0
159.0	198.0	35.0	55.0
160.0	197.0	35.0	55.0
162.0	194.0	34.0	56.0
166.0	191.0	32.0	55.0
168.76580810546875	187.71568298339844	32.46167755126953	55.79350662231445
176.0	184.0	28.0	60.0
180.0	182.0	29.0	60.0
184.5630340576172	174.58212280273438	29.413116455078125	60.85472869873047
195.08798217773438	164.81663513183594	29.42400550842285	60.87725830078125
198.80775451660156	157.64013671875	29.701791763305664	61.451988220214844
203.6928253173828	157.94796752929688	29.6749324798584	61.39641571044922
209.61508178710938	155.46206665039062	30.00259017944336	62.0743408203125
217.36508178710938	150.15634155273438	30.038257598876953	62.14813232421875
220.0	149.0	34.0	65.0
223.4889678955078	142.7417449951172	34.065330505371094	65.12489318847656
227.0	150.0	34.0	62.0
224.57022094726562	141.86813354492188	34.543800354003906	62.99163818359375
225.0	148.0	33.0	68.0
223.22372436523438	145.72128295898438	33.1893424987793	68.3901596069336
217.21640014648438	148.12890625	33.48257064819336	68.99439239501953
208.1366424560547	151.53480529785156	33.963104248046875	69.98458862304688
203.54995727539062	156.7458953857422	34.09186935424805	70.24992370605469
196.25930786132812	157.451171875	33.4857063293457	69.0008544921875
186.60693359375	164.60060119628906	33.61632537841797	69.27000427246094
174.2522735595703	164.47470092773438	33.3221321105957	68.66378784179688
172.0	171.0	28.0	58.0
164.0	170.0	33.0	59.0
158.2783966064453	168.73281860351562	33.75373458862305	60.34758377075195
156.67984008789062	164.85214233398438	34.04146957397461	60.86201858520508
155.45042419433594	162.99472045898438	34.12396240234375	61.0095100402832
156.2909698486328	163.7574920654297	34.16033172607422	61.07453155517578
159.11949157714844	165.64344787597656	33.68720245361328	60.2286262512207
162.0425262451172	165.17010498046875	33.653602600097656	60.168556213378906
168.0	167.0	33.0	55.0
174.0	162.0	32.0	55.0
179.0	151.0	31.0	64.0
182.19009399414062	146.99200439453125	31.398204803466797	64.82210540771484
187.2753143310547	147.29579162597656	31.4208927154541	64.86894226074219
193.94580078125	142.86734008789062	31.293603897094727	64.60615539550781
198.09634399414062	142.32168579101562	31.288442611694336	64.59550476074219
207.99880981445312	140.99514770507812	31.277328491210938	64.57255554199219
212.8751983642578	137.917236328125	31.338882446289062	64.69963073730469
216.9796905517578	135.49887084960938	31.598953247070312	65.2365493774414
217.0	133.0	36.0	65.0
218.5135498046875	128.9977264404297	36.733009338378906	66.323486328125
219.0	131.0	36.0	67.0
218.0	133.0	36.0	68.0
216.0	135.0	36.0	70.0
214.4346923828125	136.9752655029297	36.656272888183594	71.27609252929688
211.8712615966797	136.6712188720703	36.314186096191406	70.61092376708984
207.81509399414062	137.22402954101562	36.53837203979492	71.0468521118164
201.7929229736328	141.01150512695312	36.79157257080078	71.5391845703125
193.88662719726562	142.41131591796875	37.03871536254883	72.01972961425781
184.6531982421875	147.57684326171875	37.28510284423828	72.49880981445312
180.0	158.0	45.0	68.0
169.951904296875	159.004638671875	44.013240814208984	66.50889587402344
167.0	166.0	32.0	58.0
159.5325469970703	165.283447265625	32.069786071777344	58.126495361328125
156.0	165.0	29.0	60.0
152.57298278808594	162.86550903320312	28.755390167236328	59.49390411376953
148.0	171.0	31.0	53.0
147.0	171.0	31.0	52.0
147.167236328125	166.33291625976562	31.88777732849121	53.48917770385742
146.46841430664062	163.501220703125	32.301597595214844	54.1833381652832
149.0570068359375	164.28402709960938	32.3703498840332	54.29866409301758
151.1995849609375	164.75765991210938	32.60725784301758	54.69606399536133
152.57122802734375	165.3262176513672	32.760780334472656	54.953590393066406
155.15914916992188	167.48208618164062	33.47444534301758	56.15070724487305
157.44412231445312	170.85794067382812	33.46916961669922	56.1418571472168
160.6539306640625	173.89463806152344	34.008609771728516	57.046722412109375
163.01168823242188	179.63136291503906	34.38401412963867	57.67643356323242
170.0	186.0	32.0	59.0
177.0	178.0	29.0	72.0
183.55645751953125	181.98538208007812	29.0703125	72.17457580566406
196.7818603515625	181.7133026123047	29.461715698242188	73.1463394165039
150.0	163.0	38.0	57.0
145.0	163.0	37.0	61.0
141.5918731689453	169.23434448242188	36.60572052001953	60.34996795654297
134.8828887939453	167.94229125976562	37.25789260864258	61.4251708984375
128.17214965820312	170.7137451171875	38.121978759765625	62.8497428894043
120.95787048339844	175.46444702148438	38.1287727355957	62.86094284057617
119.0	185.0	38.0	57.0
113.0	185.0	36.0	61.0
110.1964111328125	191.08169555664062	36.320438385009766	61.54296112060547
108.0	192.0	36.0	57.0
106.49595642089844	194.5325469970703	35.750877380371094	56.60554885864258
105.8624496459961	194.09909057617188	35.93543243408203	56.89776611328125
103.194580078125	189.05819702148438	35.513648986816406	56.229942321777344
104.17387390136719	181.37261962890625	35.05278778076172	55.500244140625
110.0	176.0	27.0	48.0
108.8464126586914	166.5125732421875	26.797571182250977	47.64012908935547
111.48970794677734	152.11573791503906	26.743886947631836	47.5446891784668
115.0	136.0	32.0	46.0
121.0	142.0	27.0	29.0
133.2378387451172	135.00003051757812	27.14760971069336	29.158544540405273
142.97195434570312	128.1653594970703	26.7437801361084	28.724802017211914
156.00564575195312	120.1938247680664	26.70270347595215	28.68068504333496
159.14585876464844	118.10186004638672	29.490406036376953	31.425901412963867
160.15733337402344	115.33263397216797	32.34114074707031	33.454681396484375
161.05999755859375	112.86516571044922	34.823246002197266	34.83053970336914
161.3367462158203	110.59163665771484	37.55091857910156	36.423858642578125
146.0	149.0	36.0	58.0
142.0	150.0	36.0	57.0
140.21141052246094	147.8016357421875	36.286556243896484	57.453712463378906
141.0	143.0	29.0	62.0
138.0	149.0	32.0	53.0
138.0	151.0	32.0	50.0
137.0	149.0	33.0	53.0
136.0	152.0	34.0	53.0
137.0	151.0	34.0	58.0
140.0	151.0	29.0	63.0
141.0	156.0	29.0	64.0
142.0	161.0	31.0	67.0
143.0	174.0	36.0	59.0
147.0	178.0	38.0	59.0
157.0	172.0	31.0	70.0
166.25210571289062	178.3324737548828	30.85311508178711	69.66832733154297
176.1197052001953	177.97113037109375	31.376876831054688	70.85101318359375
181.70034790039062	176.3837890625	31.469385147094727	71.05989837646484
197.3431854248047	182.19900512695312	31.761398315429688	71.71928405761719
201.13067626953125	152.46923828125	31.73673439025879	71.66358947753906
207.53549194335938	151.659423828125	31.380115509033203	70.85831451416016
210.0	147.0	34.0	64.0
213.0	138.0	32.0	68.0
213.07376098632812	128.89981079101562	32.12944793701172	68.27507019042969
211.0	123.0	35.0	67.0
211.0	119.0	34.0	63.0
210.0	117.0	35.0	59.0
208.0	111.0	34.0	60.0
203.85125732421875	107.03770446777344	34.49878692626953	60.880210876464844
201.0	110.0	35.0	54.0
202.0	105.0	31.0	55.0
200.0	104.0	33.0	54.0
199.0	103.0	34.0	57.0
198.37442016601562	105.03120422363281	34.258270263671875	57.43299102783203
191.5598602294922	106.87678527832031	34.33970642089844	57.56951141357422
198.0	67.0	39.0	54.0
202.0	75.0	38.0	56.0
204.0	85.0	37.0	60.0
204.0	100.0	39.0	63.0
191.92904663085938	107.08868408203125	38.338897705078125	61.93206024169922
207.35525512695312	135.1575927734375	38.23639678955078	61.76648712158203
149.0	201.0	38.0	54.0
150.0	210.0	27.0	46.0
145.0	222.0	28.0	34.0
162.0	223.0	30.0	33.0
