415.0	67.0	33.0	52.0
401.0	64.0	29.0	51.0
388.0	59.0	24.0	52.0
369.0	54.0	27.0	51.0
353.0	50.0	30.0	50.0
339.0	47.0	31.0	49.0
328.0	43.0	31.0	49.0
317.0	40.0	33.0	50.0
309.0	40.0	32.0	47.0
304.0	37.0	29.0	48.0
299.0	36.0	28.0	47.0
297.0	35.0	24.0	46.0
293.0782470703125	39.82123565673828	23.831077575683594	45.676231384277344
293.3698425292969	39.401702880859375	23.506040573120117	45.053245544433594
293.5079650878906	41.776397705078125	23.143295288085938	44.35798645019531
297.0	36.0	20.0	49.0
299.0	37.0	19.0	50.0
300.0	39.0	22.0	49.0
304.0	40.0	21.0	50.0
306.0	42.0	23.0	51.0
308.0	44.0	27.0	51.0
311.0	46.0	28.0	50.0
314.0	47.0	29.0	51.0
317.0	48.0	28.0	51.0
320.0	50.0	29.0	52.0
322.0	53.0	28.0	51.0
324.0	55.0	29.0	51.0
325.0	57.0	28.0	51.0
326.0	59.0	28.0	51.0
327.0	60.0	27.0	52.0
327.0	61.0	27.0	52.0
327.0	63.0	26.0	52.0
328.0	65.0	24.0	51.0
329.0	65.0	23.0	52.0
331.0	66.0	21.0	52.0
332.0	67.0	21.0	52.0
333.0	68.0	21.0	52.0
333.0	70.0	22.0	51.0
335.0	71.0	22.0	51.0
336.0	73.0	25.0	49.0
337.0	73.0	27.0	49.0
341.0	70.0	25.0	52.0
342.0	73.0	28.0	49.0
346.0	72.0	27.0	50.0
348.0	71.0	28.0	51.0
350.0	71.0	27.0	51.0
353.0	70.0	25.0	52.0
355.0	71.0	23.0	52.0
356.0	72.0	21.0	52.0
355.0	76.0	21.0	50.0
352.0	77.0	25.0	50.0
349.0	78.0	26.0	50.0
343.0	79.0	30.0	51.0
339.0	80.0	31.0	51.0
335.0	79.0	28.0	52.0
329.0	79.0	29.0	52.0
323.0	79.0	29.0	52.0
318.0	79.0	28.0	52.0
312.0	79.0	28.0	51.0
308.0	78.0	27.0	50.0
303.0	76.0	24.0	50.0
299.169921875	76.00462341308594	24.26924705505371	50.56093215942383
282.0	71.0	32.0	51.0
281.0	69.0	29.0	53.0
281.0	66.0	24.0	55.0
278.0	64.0	22.0	56.0
273.30804443359375	63.93913650512695	21.993825912475586	55.984291076660156
273.0	67.0	24.0	53.0
271.0	68.0	25.0	53.0
266.8111877441406	68.9247817993164	25.345022201538086	53.7314453125
270.0	71.0	27.0	52.0
271.0	73.0	27.0	51.0
271.502685546875	75.61363220214844	26.680028915405273	50.395606994628906
273.0523986816406	76.60545349121094	26.145309448242188	49.385581970214844
276.8952331542969	79.16709899902344	25.89290428161621	48.908817291259766
281.0	79.0	29.0	52.0
295.0	83.0	24.0	55.0
302.0	88.0	27.0	51.0
310.0	91.0	28.0	52.0
318.0	93.0	29.0	53.0
328.0	95.0	28.0	52.0
338.0	97.0	26.0	51.0
346.0	96.0	26.0	52.0
354.0	94.0	23.0	53.0
360.0	92.0	23.0	53.0
365.0	91.0	22.0	53.0
368.0	89.0	21.0	53.0
369.0	87.0	22.0	54.0
368.0	86.0	22.0	52.0
368.0	83.0	21.0	53.0
366.0	82.0	20.0	51.0
361.0	81.0	21.0	51.0
357.0	80.0	20.0	50.0
352.0	80.0	21.0	48.0
346.0	79.0	21.0	48.0
339.0	77.0	23.0	47.0
334.0	76.0	23.0	46.0
326.68487548828125	76.84053039550781	22.681604385375977	45.36320877075195
322.8739318847656	74.56278228759766	22.87801742553711	45.75603485107422
321.0	74.0	25.0	44.0
317.11669921875	76.72879791259766	25.116924285888672	44.205787658691406
319.0	76.0	24.0	43.0
320.0	78.0	23.0	44.0
319.0	80.0	28.0	46.0
322.0	84.0	27.0	46.0
326.0	86.0	27.0	47.0
328.0	87.0	30.0	51.0
335.0	90.0	27.0	51.0
339.0	93.0	28.0	53.0
344.0	98.0	27.0	51.0
348.0	104.0	26.0	51.0
354.0	107.0	21.0	51.0
355.0	110.0	22.0	51.0
354.0	111.0	24.0	52.0
351.0	112.0	26.0	52.0
345.0	112.0	30.0	53.0
338.0	111.0	33.0	53.0
331.0	109.0	32.0	53.0
322.0	107.0	32.0	51.0
313.0	104.0	30.0	51.0
303.0	98.0	28.0	52.0
294.0	96.0	25.0	49.0
281.911865234375	91.30348205566406	24.93852424621582	48.87950897216797
272.36260986328125	84.96524810791016	24.716350555419922	48.44404983520508
282.0	76.0	16.0	47.0
279.0	77.0	19.0	48.0
279.29522705078125	78.99220275878906	19.01394271850586	48.03521728515625
279.8734130859375	81.32723236083984	18.88894271850586	47.71942901611328
279.8905944824219	80.76362609863281	18.729442596435547	47.31647872924805
279.4729919433594	80.85496520996094	18.816946029663086	47.53754425048828
248.0	73.0	24.0	46.0
250.12353515625	77.29475402832031	24.17819595336914	46.3415412902832
261.0	79.0	23.0	44.0
274.0966491699219	84.37432861328125	22.61935806274414	43.271812438964844
277.7379455566406	90.939453125	22.607666015625	43.24944305419922
279.0	75.0	18.0	49.0
278.78607177734375	76.84446716308594	18.081466674804688	49.221771240234375
278.8692321777344	77.73649597167969	18.278676986694336	49.75862121582031
278.99798583984375	76.88385772705078	18.144351959228516	49.392967224121094
280.0	76.0	18.0	49.0
279.1051940917969	77.43524169921875	18.44927215576172	50.223018646240234
280.13470458984375	77.6236572265625	18.62253189086914	50.69466781616211
279.859130859375	77.24456024169922	18.416339874267578	50.133358001708984
279.70587158203125	76.81304931640625	18.583816528320312	50.589263916015625
279.47784423828125	76.90071105957031	18.7109375	50.9353141784668
278.670654296875	77.13933563232422	18.680967330932617	50.853736877441406
278.806396484375	74.38133239746094	18.756732940673828	51.05998992919922
278.31060791015625	75.35353088378906	18.812185287475586	51.21094512939453
278.0234375	75.0790023803711	18.780263900756836	51.124046325683594
276.923828125	73.57344818115234	18.757549285888672	51.06221008300781
277.8448791503906	73.29539489746094	18.801837921142578	51.182777404785156
277.0711975097656	73.37867736816406	18.892822265625	51.430458068847656
277.5909118652344	72.350830078125	18.87949562072754	51.3941764831543
326.0	67.0	27.0	46.0
315.0	62.0	27.0	43.0
308.0	57.0	21.0	40.0
301.0	51.0	22.0	41.0
295.0	49.0	25.0	39.0
290.2774963378906	44.241798400878906	24.871192932128906	38.7990608215332
288.263427734375	44.281463623046875	25.77701187133789	40.21213912963867
280.0	76.0	18.0	48.0
280.0	77.0	18.0	48.0
278.03533935546875	77.32920837402344	17.946195602416992	47.85651779174805
277.8590393066406	77.3692626953125	17.665210723876953	47.10722732543945
278.47528076171875	79.08299255371094	17.816038131713867	47.509437561035156
279.0	77.0	18.0	47.0
278.3436584472656	77.77853393554688	18.109403610229492	47.285667419433594
279.0	78.0	18.0	47.0
278.4710388183594	79.6978530883789	18.356433868408203	47.93068313598633
279.0	78.0	18.0	48.0
278.40277099609375	81.119873046875	18.20104217529297	48.536109924316406
278.18536376953125	79.12055969238281	18.542131423950195	49.445682525634766
278.36297607421875	78.57081604003906	18.467365264892578	49.24630355834961
279.1020202636719	78.77604675292969	18.42715835571289	49.13908004760742
279.0	77.0	18.0	48.0
279.0	77.0	18.0	47.0
280.0	78.0	18.0	48.0
279.4832458496094	80.51028442382812	17.944963455200195	47.85323715209961
280.0	78.0	18.0	48.0
280.0	78.0	18.0	48.0
279.10894775390625	80.5045166015625	18.31862449645996	48.849666595458984
279.20611572265625	81.02640533447266	18.340652465820312	48.908409118652344
281.0	78.0	18.0	48.0
278.86883544921875	78.26420593261719	18.075292587280273	48.20078659057617
277.2108154296875	98.12334442138672	18.001108169555664	48.002960205078125
282.0	78.0	16.0	47.0
279.61883544921875	80.73896789550781	16.277225494384766	47.8143424987793
280.0	77.0	19.0	48.0
279.7460632324219	78.27796173095703	19.124927520751953	48.31560134887695
281.0	78.0	18.0	47.0
281.0	77.0	18.0	49.0
280.499755859375	78.06275177001953	18.20684051513672	49.56306838989258
280.32843017578125	79.55345153808594	18.514514923095703	50.40062713623047
282.0	79.0	18.0	47.0
284.4093322753906	77.48115539550781	17.628128051757812	46.02900314331055
279.9720153808594	71.93050384521484	17.564510345458984	45.862892150878906
281.0	78.0	19.0	49.0
281.0	78.0	19.0	48.0
281.0	78.0	19.0	48.0
281.0	78.0	19.0	49.0
281.0	78.0	18.0	48.0
281.0	77.0	18.0	48.0
280.0	78.0	19.0	47.0
280.0	78.0	19.0	47.0
280.0	78.0	18.0	47.0
280.0	78.0	18.0	48.0
280.0	78.0	18.0	48.0
280.0	79.0	19.0	48.0
279.5311279296875	79.78487396240234	19.137720108032227	48.347923278808594
279.2721252441406	81.71302795410156	19.05631446838379	48.14226531982422
279.6097717285156	79.7933578491211	19.079753875732422	48.20147705078125
278.89398193359375	80.92303466796875	19.20913314819336	48.52832794189453
278.4665832519531	80.44792175292969	19.393606185913086	48.99436569213867
279.5285339355469	82.1452407836914	19.252573013305664	48.63806915283203
279.0429992675781	82.07130432128906	19.25567054748535	48.64589309692383
278.9132080078125	81.61306762695312	19.351640701293945	48.88833999633789
279.0	80.0	18.0	49.0
279.50872802734375	82.00773620605469	18.00349998474121	49.00952911376953
278.96929931640625	81.42053985595703	18.18297004699707	49.498085021972656
279.0	80.0	18.0	48.0
279.0976257324219	81.91357421875	17.921960830688477	47.79189682006836
278.91400146484375	82.13993835449219	17.933366775512695	47.82231903076172
278.93499755859375	81.77772521972656	18.09324836730957	48.2486686706543
279.0	81.0	18.0	48.0
279.1214294433594	82.40555572509766	18.160245895385742	48.42732620239258
279.14288330078125	82.06880187988281	18.181060791015625	48.48283004760742
279.28704833984375	81.99525451660156	18.286462783813477	48.7639045715332
335.0	113.0	27.0	53.0
332.0	120.0	27.0	54.0
331.0	126.0	24.0	53.0
331.0	132.0	20.0	51.0
329.0	134.0	20.0	50.0
330.0	133.0	20.0	51.0
330.0	130.0	21.0	53.0
333.0	128.0	20.0	53.0
335.0	125.0	21.0	53.0
338.0	123.0	22.0	54.0
342.0	121.0	22.0	54.0
345.0	119.0	22.0	51.0
347.0	112.0	20.0	55.0
348.0	108.0	21.0	54.0
347.0	105.0	22.0	53.0
345.0	103.0	23.0	49.0
343.0	99.0	20.0	48.0
338.0	98.0	21.0	46.0
330.9106140136719	97.56648254394531	21.093841552734375	46.2055549621582
324.0	96.0	22.0	45.0
314.0	97.0	25.0	45.0
307.34466552734375	99.60421752929688	24.547565460205078	44.18561553955078
300.0	95.0	21.0	49.0
290.78369140625	97.04341125488281	21.37958526611328	49.88569641113281
280.4364318847656	97.37894439697266	21.554372787475586	50.29352951049805
278.7947998046875	96.03148651123047	22.295351028442383	52.35618591308594
273.87127685546875	97.4290771484375	21.898569107055664	51.42441940307617
273.0	99.0	23.0	53.0
269.9814147949219	96.81952667236328	23.526020050048828	55.03881072998047
281.0	77.0	17.0	42.0
280.0	75.0	18.0	50.0
279.0022888183594	75.35328674316406	17.991962432861328	49.97768020629883
281.0	76.0	18.0	49.0
280.0050964355469	76.85002899169922	17.74148941040039	48.29627227783203
279.55859375	76.74384307861328	18.063425064086914	49.17264938354492
281.0	78.0	19.0	48.0
282.0	78.0	18.0	48.0
282.0	77.0	18.0	49.0
281.08294677734375	78.0234375	18.020862579345703	49.056785583496094
282.0	78.0	18.0	48.0
280.77923583984375	78.83785247802734	17.943017959594727	47.84804916381836
282.0	78.0	18.0	48.0
282.0	78.0	18.0	48.0
280.4902038574219	78.70713806152344	18.096694946289062	48.25785446166992
281.0	78.0	19.0	48.0
281.0	78.0	19.0	48.0
279.31182861328125	78.93962097167969	19.13428497314453	48.33924865722656
278.6351623535156	78.38502502441406	19.215038299560547	48.54325485229492
281.0	78.0	18.0	48.0
279.6650085449219	80.68123626708984	18.015323638916016	48.04085922241211
279.8686218261719	79.93240356445312	17.85878562927246	47.62342834472656
279.852294921875	81.12379455566406	18.044132232666016	48.11768341064453
279.35028076171875	78.9596939086914	18.15699005126953	48.41864013671875
278.477294921875	77.87481689453125	17.889514923095703	47.70537567138672
278.8564453125	87.46412658691406	17.961669921875	47.897789001464844
263.0	84.0	33.0	50.0
257.0	81.0	26.0	48.0
249.0	76.0	28.0	49.0
246.0	74.0	28.0	47.0
246.0	72.0	28.0	47.0
246.88388061523438	73.2830581665039	28.097854614257812	47.16425323486328
253.0	75.0	26.0	43.0
257.77001953125	79.99055480957031	26.48297119140625	43.79875946044922
270.79595947265625	84.60688018798828	26.58492660522461	43.96738052368164
279.2771301269531	89.59971618652344	26.6795597076416	44.12389373779297
279.0	77.0	19.0	49.0
278.08905029296875	77.98335266113281	19.37115478515625	49.957183837890625
280.0	78.0	18.0	48.0
281.0	78.0	18.0	48.0
281.0	78.0	18.0	48.0
279.8540954589844	78.94944763183594	17.947784423828125	47.860755920410156
280.0	78.0	18.0	48.0
278.1539001464844	77.27143096923828	18.241235733032227	48.64329528808594
279.0	77.0	18.0	48.0
279.0	76.0	18.0	48.0
279.0	76.0	18.0	48.0
278.7828063964844	75.37641906738281	18.27825355529785	48.742008209228516
280.0	75.0	17.0	48.0
279.5731506347656	75.62773132324219	17.368043899536133	49.0391845703125
280.0416259765625	76.89990234375	17.61283302307129	49.73035430908203
281.0	77.0	18.0	49.0
280.22064208984375	78.13489532470703	18.040861129760742	49.111228942871094
281.0	77.0	18.0	50.0
279.9728698730469	73.70048522949219	18.228042602539062	50.63344955444336
269.0	75.0	28.0	48.0
261.0	70.0	22.0	42.0
253.0	64.0	26.0	40.0
250.0	61.0	27.0	39.0
250.0	59.0	26.0	37.0
253.0	60.0	26.0	37.0
257.0	64.0	24.0	38.0
261.6531982421875	68.644287109375	24.00986099243164	38.0156135559082
275.0	73.0	25.0	50.0
280.06951904296875	80.19720458984375	25.093032836914062	50.186065673828125
282.0	76.0	18.0	50.0
280.3096923828125	74.15055847167969	18.026918411254883	50.07476806640625
281.0	74.0	19.0	50.0
281.0	74.0	19.0	50.0
278.9762268066406	72.08162689208984	19.53826904296875	51.41649627685547
281.0	73.0	19.0	48.0
279.931396484375	72.82798767089844	19.026016235351562	48.06572723388672
280.1622314453125	73.34823608398438	18.989992141723633	47.9747200012207
282.0	74.0	18.0	49.0
282.0	75.0	19.0	48.0
282.0	75.0	19.0	49.0
282.0	75.0	19.0	48.0
280.734375	74.79490661621094	19.335689544677734	48.848060607910156
282.0	74.0	18.0	48.0
282.0	74.0	18.0	49.0
280.9878845214844	74.64282989501953	18.096843719482422	49.263633728027344
281.0	73.0	19.0	49.0
308.0	90.0	26.0	51.0
281.0	73.0	19.0	53.0
283.0	75.0	21.0	51.0
281.0	76.0	28.0	48.0
278.05303955078125	76.59266662597656	28.617650985717773	49.058834075927734
275.9970703125	75.98915100097656	28.13106918334961	48.224693298339844
278.0	74.0	28.0	49.0
278.8854064941406	76.04690551757812	27.940265655517578	48.895469665527344
282.0	73.0	18.0	53.0
281.0	72.0	18.0	54.0
280.6055908203125	71.4700927734375	18.231088638305664	54.693260192871094
279.89581298828125	71.2574462890625	18.117237091064453	54.351707458496094
280.32366943359375	70.79964447021484	18.094482421875	54.28343963623047
279.2989501953125	68.8478775024414	18.39179229736328	55.175376892089844
280.0411071777344	70.12359619140625	18.49436378479004	55.48309326171875
280.1104736328125	69.36666870117188	18.54349136352539	55.63047409057617
279.18939208984375	70.59442901611328	18.65098762512207	55.95296096801758
280.04339599609375	70.76527404785156	18.779720306396484	56.33916091918945
280.2628173828125	70.04830932617188	18.99127769470215	56.97383499145508
280.3912658691406	68.95108795166016	18.924631118774414	56.77388381958008
280.64007568359375	70.03785705566406	18.65084457397461	55.95252227783203
280.4635314941406	68.56780242919922	18.77046775817871	56.3113899230957
282.0	72.0	18.0	48.0
282.0	72.0	18.0	48.0
279.8363037109375	73.17036437988281	18.45990562438965	49.22642135620117
280.06036376953125	73.47683715820312	18.61292839050293	49.634483337402344
282.0	72.0	18.0	49.0
282.0	72.0	18.0	49.0
282.0	72.0	18.0	48.0
282.0	72.0	18.0	50.0
282.0	73.0	18.0	47.0
280.76300048828125	75.36906433105469	18.10892677307129	47.28441619873047
277.0	71.0	25.0	50.0
271.0	66.0	27.0	48.0
269.0	60.0	21.0	45.0
266.0	58.0	25.0	44.0
268.0	57.0	22.0	45.0
271.0	60.0	26.0	51.0
272.73870849609375	65.18036651611328	26.074748992919922	51.14662551879883
279.58306884765625	70.79341125488281	25.900497436523438	50.80482482910156
282.0	70.0	17.0	50.0
282.0	71.0	19.0	50.0
282.0	71.0	19.0	49.0
282.0	71.0	18.0	49.0
282.0	71.0	18.0	48.0
282.0	70.0	19.0	49.0
282.0	70.0	18.0	49.0
282.0	70.0	18.0	49.0
282.0	71.0	18.0	49.0
282.0	71.0	19.0	49.0
282.0094299316406	70.60136413574219	19.132091522216797	49.340660095214844
283.0	70.0	18.0	50.0
283.0	70.0	18.0	50.0
283.0	71.0	18.0	49.0
283.0	71.0	18.0	49.0
283.0	71.0	18.0	49.0
283.0	71.0	18.0	49.0
283.0	71.0	18.0	49.0
283.0	71.0	18.0	49.0
282.0	71.0	19.0	49.0
282.0	71.0	19.0	49.0
297.0	100.0	30.0	53.0
284.7283935546875	86.64974975585938	29.757287979125977	52.571205139160156
282.1910705566406	79.93770599365234	29.699954986572266	52.46991729736328
276.7396545410156	72.29527282714844	29.845775604248047	52.7275390625
269.4256286621094	65.33878326416016	29.226558685302734	51.63358688354492
265.95184326171875	59.29668426513672	29.799335479736328	52.64548873901367
268.0	56.0	24.0	46.0
267.0	55.0	24.0	46.0
268.0	56.0	24.0	46.0
272.0	59.0	23.0	47.0
274.3068542480469	64.74031829833984	23.467575073242188	47.955482482910156
280.0	71.0	26.0	46.0
285.5382080078125	82.05704498291016	26.633075714111328	47.12005615234375
282.0	71.0	19.0	49.0
282.0	71.0	19.0	50.0
280.9427795410156	72.10145568847656	18.728181838989258	49.28468704223633
282.0	71.0	18.0	49.0
282.0	71.0	18.0	48.0
282.0	70.0	18.0	49.0
282.0	71.0	18.0	48.0
280.25433349609375	69.39195251464844	18.010990142822266	48.0293083190918
282.0	70.0	18.0	48.0
282.0	70.0	18.0	48.0
282.0	70.0	18.0	48.0
282.0	70.0	19.0	49.0
282.0	70.0	19.0	48.0
282.0	69.0	19.0	49.0
282.0	71.0	19.0	47.0
282.0	70.0	19.0	49.0
282.0	70.0	19.0	50.0
283.0	70.0	18.0	49.0
283.0	70.0	18.0	49.0
283.0	71.0	18.0	49.0
289.0	106.0	31.0	58.0
287.41864013671875	103.0081787109375	30.93411636352539	57.876731872558594
284.2716369628906	98.02397155761719	31.584918975830078	59.0943603515625
282.68804931640625	89.63741302490234	31.419666290283203	58.78517532348633
283.0	70.0	18.0	53.0
283.0	71.0	19.0	49.0
283.0	71.0	19.0	48.0
283.0	72.0	18.0	48.0
283.0	71.0	18.0	49.0
283.0	71.0	18.0	49.0
283.0	71.0	18.0	49.0
282.0	71.0	19.0	49.0
282.0	71.0	19.0	49.0
282.0	71.0	18.0	49.0
282.0	71.0	18.0	49.0
282.0	71.0	18.0	49.0
281.0	70.0	19.0	49.0
280.0	69.0	18.0	48.0
280.4593200683594	68.20732879638672	18.177181243896484	48.47248077392578
280.0	66.0	18.0	49.0
280.0	67.0	18.0	48.0
279.77886962890625	68.35557556152344	17.889509201049805	47.705360412597656
279.59698486328125	68.51164245605469	17.923587799072266	47.796234130859375
278.87542724609375	68.7179183959961	18.161697387695312	48.43119430541992
280.0	67.0	17.0	49.0
280.41339111328125	68.05287170410156	16.950490951538086	48.857303619384766
279.7236328125	67.75627136230469	17.0269718170166	49.07775115966797
280.5636291503906	68.64087677001953	16.77419090270996	48.349143981933594
280.0	67.0	19.0	51.0
280.0	69.0	19.0	49.0
281.0	67.0	17.0	42.0
281.4968566894531	66.12335968017578	17.015888214111328	42.03925704956055
281.0	66.0	17.0	51.0
280.5826721191406	67.9994888305664	16.941797256469727	50.82539367675781
280.7651672363281	65.84471893310547	17.007413864135742	51.022239685058594
280.65399169921875	65.245849609375	16.998859405517578	50.99657440185547
280.9017639160156	65.18341064453125	16.939823150634766	50.81946563720703
281.0	66.0	19.0	49.0
281.0	66.0	19.0	49.0
282.11407470703125	67.21562194824219	19.073022842407227	49.188316345214844
263.0	72.0	21.0	49.0
272.0126647949219	82.9105224609375	21.39968490600586	49.932594299316406
280.7611083984375	72.16429138183594	21.4725284576416	50.102561950683594
282.0	65.0	18.0	51.0
282.45037841796875	65.71955871582031	17.837738037109375	50.540260314941406
282.3821716308594	66.13015747070312	17.756885528564453	50.311180114746094
283.0	65.0	18.0	49.0
283.0	65.0	18.0	49.0
283.0	66.0	18.0	48.0
283.0	65.0	19.0	50.0
283.0	66.0	19.0	48.0
284.0	66.0	18.0	49.0
283.58154296875	68.51942443847656	18.227672576904297	49.619773864746094
283.83343505859375	69.3266830444336	18.509380340576172	50.38664245605469
285.0	71.0	18.0	47.0
285.0	71.0	18.0	48.0
285.0	71.0	18.0	48.0
285.0	71.0	18.0	49.0
285.0	71.0	18.0	49.0
285.0	71.0	18.0	48.0
285.0	71.0	18.0	49.0
285.0	71.0	18.0	49.0
285.0	71.0	18.0	48.0
285.0	71.0	18.0	49.0
285.0	71.0	18.0	48.0
285.0	72.0	18.0	47.0
285.0	72.0	18.0	47.0
285.0	72.0	18.0	47.0
286.0	72.0	18.0	47.0
286.0	72.0	19.0	47.0
286.0	72.0	19.0	48.0
286.0	72.0	19.0	48.0
286.0	72.0	18.0	47.0
286.0	72.0	18.0	47.0
285.0	72.0	18.0	47.0
285.0	71.0	18.0	48.0
285.0	71.0	19.0	48.0
285.0	71.0	18.0	48.0
285.0	71.0	18.0	49.0
