294.0	125.0	60.0	95.0
300.0	125.0	61.0	93.0
307.0	127.0	62.0	93.0
315.0	127.0	61.0	94.0
322.0	129.0	61.0	93.0
330.16632080078125	129.76187133789062	61.71184158325195	94.08527374267578
338.10406494140625	127.6030502319336	60.902183532714844	92.85089111328125
342.8758850097656	128.54185485839844	60.75957107543945	92.63347625732422
353.683837890625	131.79501342773438	61.27013397216797	93.41188049316406
360.3464050292969	130.66812133789062	60.38531494140625	92.0628890991211
378.0	130.0	50.0	88.0
386.0	131.0	49.0	87.0
385.79705810546875	133.44873046875	49.717674255371094	88.27424621582031
392.88189697265625	133.47227478027344	49.307640075683594	87.54623413085938
404.1639709472656	138.7257080078125	48.50334930419922	86.11820983886719
409.2217712402344	142.0864715576172	48.7594108581543	86.5728530883789
424.62335205078125	137.71481323242188	48.4681282043457	86.05567169189453
427.7098083496094	138.7613067626953	48.401023864746094	85.93653106689453
433.0	131.0	54.0	91.0
435.0	129.0	61.0	97.0
442.0	130.0	63.0	93.0
450.0	130.0	62.0	94.0
463.0	136.0	49.0	92.0
463.0	134.0	49.0	93.0
462.5647888183594	134.05343627929688	49.0474739074707	93.09010314941406
458.0	136.0	51.0	89.0
440.542724609375	139.71246337890625	51.190948486328125	89.33321380615234
426.38641357421875	139.16845703125	51.90625	90.58149719238281
414.3692321777344	133.8544921875	52.43601608276367	91.50599670410156
404.1717834472656	128.2415008544922	51.808082580566406	90.4101791381836
396.0	131.0	56.0	85.0
388.0	132.0	51.0	85.0
373.8778076171875	131.54373168945312	52.1815299987793	86.9692153930664
364.0843200683594	134.00692749023438	52.24812698364258	87.08021545410156
353.14208984375	133.1844482421875	51.70509719848633	86.1751708984375
343.4664001464844	131.30697631835938	52.10558319091797	86.84263610839844
334.69781494140625	131.91268920898438	52.14400100708008	86.90666198730469
325.0	134.0	50.0	84.0
319.0	134.0	46.0	83.0
307.0	135.0	51.0	86.0
296.0	137.0	56.0	87.0
289.0	139.0	54.0	87.0
283.0	142.0	50.0	83.0
273.900146484375	144.8037109375	50.42515182495117	83.70576477050781
266.2317810058594	144.3894500732422	50.79853057861328	84.3255615234375
263.0848388671875	145.83529663085938	51.054054260253906	84.7497329711914
255.3671417236328	145.28146362304688	51.80665969848633	85.99906158447266
249.5825653076172	143.1045684814453	52.408164978027344	86.99756622314453
253.0	141.0	50.0	83.0
245.1223602294922	144.6020965576172	50.26057434082031	83.43255615234375
243.3396453857422	142.5655517578125	50.12328338623047	83.20464324951172
241.73696899414062	144.3477325439453	50.55604934692383	83.92303466796875
241.29202270507812	144.21043395996094	50.21287155151367	83.35335540771484
239.87356567382812	145.49789428710938	49.989585876464844	82.98270416259766
243.4266815185547	147.2751922607422	49.37080001831055	81.95552062988281
244.54287719726562	142.78250122070312	48.28142166137695	80.14715576171875
243.0	143.0	45.0	80.0
239.0	142.0	51.0	83.0
236.0	141.0	53.0	83.0
237.0	143.0	52.0	82.0
236.0	147.0	54.0	83.0
240.0	151.0	49.0	80.0
243.0	152.0	46.0	80.0
243.5548858642578	154.7634735107422	45.841392517089844	79.72416687011719
246.55258178710938	155.67379760742188	46.19072723388672	80.33170318603516
247.7166748046875	157.61282348632812	46.22467803955078	80.3907470703125
245.49563598632812	159.26025390625	46.545570373535156	80.94881439208984
254.0	161.0	43.0	78.0
257.0	166.0	43.0	78.0
255.0	169.0	46.0	79.0
254.4214324951172	173.56246948242188	45.18360900878906	77.59793853759766
257.033447265625	174.52908325195312	45.03887176513672	77.349365234375
260.7144470214844	177.93551635742188	45.01000213623047	77.29978942871094
282.0	181.0	26.0	75.0
287.404296875	182.38479614257812	25.67543601989746	74.06376647949219
279.0	182.0	37.0	73.0
276.0	180.0	49.0	75.0
279.0	178.0	51.0	77.0
287.0	176.0	50.0	78.0
290.0	173.0	51.0	79.0
297.0	174.0	46.0	78.0
302.77886962890625	176.13583374023438	45.352176666259766	76.9015121459961
307.6636657714844	174.54544067382812	45.136680603027344	76.53611755371094
311.7066650390625	172.7555694580078	44.71918487548828	75.82819366455078
323.0	165.0	42.0	77.0
328.0	160.0	41.0	77.0
329.0	153.0	45.0	79.0
334.0	148.0	44.0	74.0
335.1338806152344	145.9659423828125	43.57331466674805	73.28239440917969
336.79595947265625	139.2118377685547	43.89537811279297	73.82404327392578
339.9222106933594	133.46524047851562	43.90135955810547	73.8341064453125
341.3533020019531	129.787841796875	43.33258819580078	72.8775405883789
353.0	119.0	30.0	74.0
351.02960205078125	109.70096588134766	29.4747371673584	72.70435333251953
338.0	99.0	43.0	74.0
332.0	91.0	46.0	75.0
326.0	89.0	44.0	73.0
320.0	90.0	43.0	71.0
311.0	90.0	45.0	73.0
305.0	89.0	43.0	74.0
298.0	91.0	40.0	71.0
289.9863586425781	91.62016296386719	39.96107864379883	70.93092346191406
283.5138854980469	92.73741149902344	40.058387756347656	71.10364532470703
276.1876525878906	91.38838195800781	39.829429626464844	70.6972427368164
268.2491149902344	92.33260345458984	39.77579879760742	70.60204315185547
260.4173889160156	90.22492980957031	40.15175247192383	71.26936340332031
254.46676635742188	88.91001892089844	40.02228927612305	71.03956604003906
246.31240844726562	86.8359603881836	39.12830352783203	69.4527359008789
238.49282836914062	85.42233276367188	39.17914581298828	69.54297637939453
232.6282196044922	88.07160949707031	39.663726806640625	70.40310668945312
227.6650390625	87.67877197265625	39.760009765625	70.5739974975586
224.1282196044922	89.4159927368164	39.92926025390625	70.8744125366211
220.48184204101562	84.83842468261719	38.986122131347656	69.2003402709961
215.110107421875	85.8515396118164	39.410850524902344	69.95423889160156
214.0491943359375	82.83148956298828	39.81351852416992	70.66898345947266
221.0	84.0	37.0	68.0
223.0	85.0	37.0	66.0
225.62088012695312	87.39472961425781	37.045005798339844	66.08027648925781
229.2839813232422	87.47132873535156	37.53851318359375	66.96058654785156
233.4687957763672	90.02851867675781	36.817874908447266	65.67512512207031
236.9376220703125	89.36518859863281	37.17133331298828	66.30561828613281
242.2938995361328	90.75627899169922	37.30939483642578	66.55189514160156
243.74984741210938	88.8451919555664	38.00696563720703	67.79620361328125
249.7564239501953	90.79871368408203	37.72125244140625	67.28656005859375
254.4059600830078	91.32320404052734	37.51322555541992	66.91548919677734
256.1921691894531	90.22506713867188	38.4196662902832	68.53238677978516
262.93560791015625	90.81657409667969	38.31456756591797	68.34491729736328
264.2601623535156	89.96165466308594	38.820735931396484	69.24781036376953
273.12445068359375	92.62750244140625	38.57528305053711	68.80997467041016
283.0	97.0	25.0	62.0
287.85491943359375	97.8614730834961	24.181453704833984	59.970008850097656
291.0881652832031	92.272705078125	24.539894104003906	60.85893630981445
288.4998474121094	95.65532684326172	24.820531845092773	61.55491256713867
289.0	89.0	35.0	66.0
291.69317626953125	88.2479019165039	35.30125427246094	66.56807708740234
299.0	89.0	34.0	62.0
301.04315185546875	89.47798919677734	33.52877426147461	61.140708923339844
305.2951354980469	91.81517028808594	33.487640380859375	61.065696716308594
312.17694091796875	94.42912292480469	33.827693939208984	61.68579864501953
316.9446105957031	94.4090805053711	33.331809997558594	60.78154373168945
319.3724670410156	94.57731628417969	33.24279022216797	60.61920928955078
324.01702880859375	95.18775939941406	32.923545837402344	60.03705978393555
325.4740295410156	95.2344741821289	33.122108459472656	60.399147033691406
327.2420959472656	96.73161315917969	33.298545837402344	60.72087860107422
331.538818359375	94.68856811523438	33.36885452270508	60.849082946777344
334.3759765625	93.34355926513672	33.18342971801758	60.510963439941406
336.91693115234375	93.174560546875	32.89270782470703	59.9808235168457
348.0	93.0	23.0	60.0
351.0	94.0	23.0	60.0
354.72576904296875	94.80624389648438	23.062217712402344	60.16230392456055
358.0	92.0	22.0	59.0
359.79327392578125	92.24715423583984	22.072280883789062	59.19384765625
360.26080322265625	89.33101654052734	22.020788192749023	59.055755615234375
362.0	89.0	27.0	59.0
362.0	89.0	36.0	59.0
364.9991149902344	89.11116027832031	36.50550079345703	59.828468322753906
370.19683837890625	92.19840240478516	36.33148956298828	59.54328536987305
372.9843444824219	93.69474792480469	35.86058807373047	58.77153396606445
376.7459716796875	92.67949676513672	35.699771881103516	58.507972717285156
380.19775390625	90.06785583496094	35.97161102294922	58.95348358154297
383.28558349609375	91.23812103271484	36.146812438964844	59.24061965942383
392.0	87.0	25.0	61.0
392.78582763671875	89.18814086914062	25.282020568847656	61.68812942504883
395.627197265625	89.5711441040039	25.21762466430664	61.531005859375
397.2755432128906	90.73193359375	25.173879623413086	61.42426681518555
398.2605895996094	91.6917953491211	25.405712127685547	61.98993682861328
401.51983642578125	91.48431396484375	25.394224166870117	61.96190643310547
408.0	94.0	21.0	56.0
411.307861328125	93.7027816772461	20.9049015045166	55.74639892578125
413.0	91.0	20.0	52.0
413.0	87.0	25.0	59.0
416.0	85.0	24.0	61.0
414.84637451171875	84.19910430908203	24.23288345336914	61.5919075012207
411.8321228027344	84.81103515625	24.209300994873047	61.5319709777832
406.7477111816406	85.285400390625	24.140886306762695	61.35808181762695
401.06329345703125	85.0062026977539	24.21615219116211	61.54938507080078
394.7770080566406	86.6070327758789	23.93822479248047	60.842979431152344
389.7090148925781	86.09260559082031	23.7650203704834	60.40275192260742
378.81878662109375	82.39461517333984	23.797622680664062	60.48561477661133
374.0250244140625	82.30686950683594	24.038528442382812	61.0979118347168
367.5958251953125	80.16868591308594	23.89199447631836	60.72547149658203
369.5989074707031	82.05767822265625	23.7429256439209	60.346588134765625
367.9040832519531	83.99331665039062	23.771278381347656	60.41865158081055
364.67767333984375	83.90492248535156	23.697509765625	60.23115158081055
362.06353759765625	84.4941177368164	23.705699920654297	60.2519645690918
359.27264404296875	84.57810974121094	23.87244415283203	60.6757698059082
361.0	88.0	19.0	56.0
359.0	54.0	15.0	40.0
358.0	56.0	15.0	39.0
359.0	56.0	14.0	39.0
357.3095397949219	51.862892150878906	14.086402893066406	39.240692138671875
356.5412902832031	54.00481033325195	14.06890869140625	39.19196319580078
359.38116455078125	51.05931854248047	14.137344360351562	39.382606506347656
359.8226318359375	49.764564514160156	13.876629829406738	38.656333923339844
359.8318786621094	50.91413497924805	13.847302436828613	38.57463455200195
359.3411560058594	50.28588104248047	13.74635124206543	38.29341506958008
359.8836975097656	51.6320915222168	13.736307144165039	38.26543426513672
360.23248291015625	51.05653762817383	13.91316032409668	38.758094787597656
361.3021240234375	50.38507080078125	13.667451858520508	38.07361602783203
362.2717590332031	49.71668243408203	13.735372543334961	38.26282501220703
360.91314697265625	48.838531494140625	13.80749225616455	38.46372604370117
360.2065124511719	48.61355972290039	14.022625923156738	39.06303024291992
359.955078125	49.83007049560547	14.007232666015625	39.02014923095703
359.46771240234375	49.327980041503906	14.284280776977539	39.79192352294922
360.0555419921875	50.08264923095703	14.19322681427002	39.538272857666016
359.45245361328125	50.561180114746094	14.135165214538574	39.37653350830078
360.0	53.0	14.0	38.0
359.0	53.0	15.0	38.0
357.962890625	51.624183654785156	15.166491508483887	38.421775817871094
359.0	53.0	15.0	38.0
358.0	52.0	15.0	39.0
357.0753479003906	50.66004180908203	14.843029975891113	38.591880798339844
356.082275390625	50.14473342895508	14.849294662475586	38.60817337036133
356.8763122558594	49.08092498779297	14.83416748046875	38.56884002685547
356.20404052734375	49.171749114990234	15.071786880493164	39.186649322509766
355.0147399902344	49.068519592285156	15.176435470581055	39.458736419677734
357.0	54.0	14.0	37.0
355.0847473144531	51.38872528076172	13.88873291015625	36.70594024658203
354.38983154296875	51.35490798950195	14.155421257019043	37.41075897216797
354.3852233886719	50.78730773925781	14.0826997756958	37.21856689453125
355.0	52.0	14.0	39.0
354.0	52.0	15.0	39.0
352.92340087890625	48.188323974609375	15.146308898925781	39.38039779663086
353.1481018066406	47.005130767822266	15.332204818725586	39.86372375488281
351.95672607421875	47.82050323486328	15.121927261352539	39.31700134277344
351.16021728515625	48.15138244628906	15.33586311340332	39.87323760986328
351.6162109375	48.48413848876953	15.423477172851562	40.101036071777344
352.0	51.0	14.0	39.0
351.4517517089844	50.628597259521484	14.078603744506836	39.218971252441406
351.5070495605469	48.69145584106445	14.417741775512695	40.16371536254883
350.8959045410156	49.92118453979492	14.577778816223145	40.609535217285156
351.0	52.0	15.0	36.0
352.0	53.0	12.0	35.0
350.68841552734375	51.4554557800293	12.015457153320312	35.045082092285156
351.63983154296875	51.81468963623047	12.024991989135742	35.07289505004883
351.07562255859375	50.382911682128906	12.120816230773926	35.35238265991211
350.61956787109375	51.595115661621094	12.211435317993164	35.6166877746582
349.93499755859375	50.52222442626953	12.314291000366211	35.916683197021484
349.2603454589844	50.461612701416016	12.295426368713379	35.861663818359375
347.8561096191406	51.62665557861328	12.25457763671875	35.742523193359375
347.8324279785156	51.874549865722656	12.162243843078613	35.47321701049805
346.6905212402344	51.05824661254883	12.050782203674316	35.14812088012695
345.1734924316406	51.113929748535156	11.930843353271484	34.79829788208008
344.0	51.0	14.0	36.0
343.0	51.0	13.0	36.0
340.31854248046875	48.2676887512207	13.265892028808594	36.73632049560547
338.1346740722656	47.73457717895508	13.263486862182617	36.72966003417969
335.0	50.0	15.0	37.0
333.0	50.0	14.0	37.0
330.0	51.0	14.0	35.0
326.239013671875	49.9703483581543	14.245840072631836	35.614601135253906
323.87945556640625	50.82895278930664	14.206483840942383	35.516212463378906
321.2955017089844	50.174015045166016	14.224255561828613	35.560638427734375
318.5010681152344	47.97447967529297	14.473645210266113	36.184112548828125
316.22088623046875	47.30922317504883	14.627004623413086	36.56751251220703
314.4000549316406	46.746253967285156	14.751083374023438	36.877708435058594
311.12255859375	47.51354217529297	14.880041122436523	37.20009994506836
308.0566101074219	46.31782913208008	15.030523300170898	37.57630920410156
305.856201171875	46.615440368652344	14.902287483215332	37.25571823120117
303.4898986816406	47.691802978515625	14.822805404663086	37.05701446533203
300.2206726074219	47.14938735961914	15.187067031860352	37.96766662597656
297.75653076171875	46.9548225402832	14.984400749206543	37.46099853515625
294.0702209472656	46.723384857177734	14.96483325958252	37.412078857421875
291.23577880859375	47.444000244140625	14.800395011901855	37.00098419189453
287.66156005859375	45.454124450683594	14.774935722351074	36.93733596801758
283.7820129394531	46.59116744995117	14.666354179382324	36.6658821105957
280.19964599609375	47.604209899902344	14.555651664733887	36.389122009277344
276.21734619140625	47.70816421508789	14.524297714233398	36.31074142456055
272.6396789550781	45.97200012207031	14.808886528015137	37.022216796875
270.0	48.0	15.0	36.0
266.56768798828125	46.96567916870117	15.216519355773926	36.51964569091797
264.0	48.0	14.0	36.0
260.29998779296875	47.70026397705078	13.84019947052002	35.58908462524414
256.4326477050781	48.00121307373047	14.229220390319824	36.58942413330078
252.67276000976562	47.02273178100586	14.410253524780273	37.05493927001953
249.84030151367188	45.22709274291992	14.498204231262207	37.281097412109375
247.546142578125	44.50151443481445	14.401623725891113	37.032745361328125
245.13681030273438	44.379486083984375	14.22589111328125	36.58086395263672
242.6521759033203	45.89376449584961	14.385587692260742	36.99151611328125
240.07339477539062	44.955116271972656	14.485865592956543	37.24937057495117
238.6224365234375	45.86235809326172	14.405189514160156	37.04191970825195
367.0	78.0	16.0	41.0
329.4582824707031	64.61727142333984	27.02683448791504	40.86517333984375
366.0	76.0	16.0	42.0
366.0	77.0	16.0	42.0
366.0	74.0	16.0	46.0
365.3147888183594	74.1396713256836	15.930386543273926	45.79985809326172
365.0	74.0	16.0	42.0
364.0	74.0	17.0	42.0
364.0	74.0	17.0	46.0
364.0	75.0	16.0	43.0
363.0	76.0	16.0	40.0
362.0	76.0	15.0	42.0
361.7276306152344	76.14497375488281	15.17524528503418	42.490684509277344
361.0	73.0	15.0	43.0
360.1811828613281	75.06488037109375	15.253857612609863	43.727725982666016
359.64996337890625	73.53785705566406	15.522972106933594	44.499183654785156
359.0	72.0	17.0	43.0
359.0	73.0	15.0	41.0
356.7615661621094	75.4424057006836	14.689051628112793	40.15007781982422
357.22705078125	74.71472930908203	14.598806381225586	39.90340805053711
356.0	74.0	17.0	39.0
356.0	74.0	17.0	40.0
357.0	72.0	16.0	42.0
357.0	71.0	15.0	42.0
356.53131103515625	71.1659927368164	14.960978507995605	41.89073944091797
356.0	71.0	16.0	41.0
356.0	72.0	15.0	38.0
356.0	71.0	15.0	41.0
354.2475280761719	65.99707794189453	15.215232849121094	40.86045837402344
352.25439453125	61.190494537353516	15.716642379760742	41.63491439819336
349.0315246582031	57.2509880065918	15.987167358398438	42.14140701293945
346.6861877441406	54.700584411621094	15.54731559753418	42.25075149536133
344.6549377441406	52.90885543823242	15.340812683105469	42.433067321777344
342.8498229980469	51.718223571777344	15.189775466918945	42.594459533691406
341.2473449707031	50.909202575683594	15.10804557800293	42.77027893066406
339.8047790527344	50.35776138305664	15.049869537353516	42.937957763671875
338.5065002441406	49.97627639770508	14.997711181640625	43.099971771240234
337.33428955078125	49.70690155029297	14.941734313964844	43.25182342529297
336.2761535644531	49.512474060058594	14.879036903381348	43.39337158203125
335.31951904296875	49.368751525878906	14.809889793395996	43.52373123168945
334.4534606933594	49.260040283203125	14.735733032226562	43.6424560546875
333.66790771484375	49.1759147644043	14.658439636230469	43.74933624267578
332.9538269042969	49.10948181152344	14.5797119140625	43.844383239746094
332.30322265625	49.05610656738281	14.500948905944824	43.92788314819336
331.7091369628906	49.01262664794922	14.42319107055664	44.000335693359375
331.16552734375	48.97682571411133	14.347204208374023	44.06243133544922
330.6670837402344	48.94716262817383	14.273509979248047	44.11498260498047
330.2091979980469	48.922481536865234	14.20241641998291	44.15884780883789
329.7878723144531	48.90193557739258	14.134133338928223	44.194923400878906
329.3995361328125	48.884857177734375	14.068747520446777	44.224056243896484
329.0410461425781	48.870704650878906	14.006281852722168	44.24707794189453
328.7096862792969	48.85903549194336	13.94672679901123	44.2647705078125
328.4028625488281	48.849483489990234	13.890031814575195	44.27783203125
328.1184387207031	48.84172821044922	13.836118698120117	44.286903381347656
327.8543395996094	48.835514068603516	13.784911155700684	44.29258728027344
327.6089172363281	48.83062744140625	13.736286163330078	44.29536056518555
327.3804626464844	48.82685470581055	13.690184593200684	44.29570770263672
327.1675720214844	48.82402801513672	13.646466255187988	44.29400634765625
326.9689025878906	48.82200241088867	13.605037689208984	44.290618896484375
326.7832946777344	48.82064437866211	13.565794944763184	44.285850524902344
326.6097717285156	48.819854736328125	13.528600692749023	44.279930114746094
326.4472351074219	48.81952667236328	13.493403434753418	44.27311706542969
326.2949523925781	48.81959915161133	13.460058212280273	44.265594482421875
326.1520080566406	48.81999588012695	13.428505897521973	44.25752639770508
326.0177307128906	48.82064437866211	13.3986234664917	44.249061584472656
325.8914794921875	48.82152557373047	13.370317459106445	44.24031448364258
325.7726745605469	48.822566986083984	13.34351634979248	44.231380462646484
325.6607360839844	48.82374954223633	13.318120956420898	44.22234344482422
325.5551452636719	48.82504653930664	13.294061660766602	44.213279724121094
325.45550537109375	48.826419830322266	13.271269798278809	44.20425796508789
325.36138916015625	48.82786178588867	13.249643325805664	44.19528579711914
325.27239990234375	48.82933044433594	13.229166984558105	44.186466217041016
325.1882019042969	48.830841064453125	13.20970630645752	44.177757263183594
325.10845947265625	48.83234786987305	13.191265106201172	44.16925048828125
325.0329284667969	48.83386993408203	13.173750877380371	44.160919189453125
324.9612731933594	48.835384368896484	13.157109260559082	44.15278625488281
324.8932800292969	48.83688735961914	13.141314506530762	44.1448860168457
324.8287048339844	48.8383674621582	13.126296043395996	44.137203216552734
324.7673645019531	48.83982849121094	13.112004280090332	44.129737854003906
324.7090148925781	48.84126281738281	13.098434448242188	44.12252426147461
324.653564453125	48.842674255371094	13.085498809814453	44.11552810668945
324.6007385253906	48.844051361083984	13.07319450378418	44.1087646484375
324.5504455566406	48.845394134521484	13.061470031738281	44.10222244262695
324.5025329589844	48.84669876098633	13.05031967163086	44.095916748046875
324.4568176269531	48.847965240478516	13.039678573608398	44.08982467651367
324.4132385253906	48.84919357299805	13.029542922973633	44.083961486816406
324.3716125488281	48.850399017333984	13.019840240478516	44.078277587890625
324.3318786621094	48.85157012939453	13.010612487792969	44.07283401489258
324.2939147949219	48.852699279785156	13.001800537109375	44.06758117675781
324.2576599121094	48.85380935668945	12.993375778198242	44.06250762939453
324.2229919433594	48.85487365722656	12.985328674316406	44.05762481689453
324.1898498535156	48.855892181396484	12.977632522583008	44.05291748046875
324.1581115722656	48.85688781738281	12.970300674438477	44.04840087890625
324.1277770996094	48.85786056518555	12.963253021240234	44.044036865234375
324.0987243652344	48.85879135131836	12.95654296875	44.03985595703125
324.0708923339844	48.85969161987305	12.950092315673828	44.03581237792969
324.0442199707031	48.86056137084961	12.943939208984375	44.03192138671875
324.0186462402344	48.861392974853516	12.938051223754883	44.02819061279297
323.9941101074219	48.862205505371094	12.932395935058594	44.02458190917969
323.9706115722656	48.86298751831055	12.92696762084961	44.021114349365234
323.9480895996094	48.863746643066406	12.921781539916992	44.017784118652344
323.92645263671875	48.86448669433594	12.916791915893555	44.014564514160156
323.9056701660156	48.86519241333008	12.912027359008789	44.011474609375
323.8857421875	48.86585998535156	12.907449722290039	44.008506774902344
323.8666076660156	48.86652374267578	12.90304946899414	44.00564193725586
323.8482360839844	48.86716079711914	12.89883804321289	44.00288009643555
323.8305969238281	48.86778259277344	12.894794464111328	44.00022506713867
323.8136291503906	48.868377685546875	12.890914916992188	43.99766540527344
323.7973327636719	48.86895751953125	12.88718032836914	43.995201110839844
323.7816467285156	48.869510650634766	12.883588790893555	43.9928092956543
323.7665710449219	48.87003707885742	12.880155563354492	43.99053192138672
323.7521057128906	48.87055206298828	12.876829147338867	43.98831558227539
323.7381286621094	48.87105178833008	12.8736572265625	43.98619842529297
323.7247314453125	48.87153625488281	12.87059211730957	43.98415756225586
323.7118225097656	48.87199783325195	12.867647171020508	43.982173919677734
323.6994323730469	48.87245178222656	12.864818572998047	43.980281829833984
323.6874694824219	48.87287521362305	12.862098693847656	43.978450775146484
323.6759948730469	48.873294830322266	12.859493255615234	43.976688385009766
323.6649169921875	48.873695373535156	12.85696029663086	43.9749755859375
323.654296875	48.87408447265625	12.85453987121582	43.973350524902344
323.6440124511719	48.87446212768555	12.852212905883789	43.97176742553711
323.6341552734375	48.87482452392578	12.849967956542969	43.97024917602539
323.6246337890625	48.87517547607422	12.847810745239258	43.968788146972656
323.615478515625	48.87552261352539	12.845724105834961	43.96736526489258
323.6066589355469	48.8758430480957	12.84372329711914	43.96598815917969
323.5981140136719	48.87614822387695	12.841794967651367	43.96467590332031
323.5899353027344	48.8764533996582	12.839923858642578	43.96339797973633
323.58203125	48.87675094604492	12.838144302368164	43.962181091308594
323.5744323730469	48.877037048339844	12.836404800415039	43.96099090576172
323.5670471191406	48.8773078918457	12.834745407104492	43.9598503112793
323.55999755859375	48.87757873535156	12.833137512207031	43.95874786376953
323.5531921386719	48.87782669067383	12.831600189208984	43.957698822021484
323.5466003417969	48.87807846069336	12.83010482788086	43.956661224365234
323.5402526855469	48.87831497192383	12.828681945800781	43.9556884765625
323.5341491699219	48.8785514831543	12.82728385925293	43.9547233581543
323.52825927734375	48.87876510620117	12.825956344604492	43.95381546020508
323.5225830078125	48.87897872924805	12.82467269897461	43.95293045043945
323.5171203613281	48.87919235229492	12.823429107666016	43.952056884765625
323.5118103027344	48.87938690185547	12.822240829467773	43.95123291015625
323.5067138671875	48.879573822021484	12.82109260559082	43.950443267822266
323.5018005371094	48.879764556884766	12.819984436035156	43.949668884277344
323.4970703125	48.879940032958984	12.818906784057617	43.94892501831055
323.49249267578125	48.8801155090332	12.81787109375	43.94820785522461
323.4880676269531	48.88027572631836	12.816873550415039	43.947509765625
323.4837951660156	48.88044357299805	12.815908432006836	43.946842193603516
323.4797058105469	48.88059616088867	12.814985275268555	43.946205139160156
323.4757385253906	48.88075637817383	12.814088821411133	43.945579528808594
323.4718933105469	48.88090133666992	12.813226699829102	43.944984436035156
323.4681701660156	48.88103103637695	12.81239128112793	43.94440460205078
323.4646301269531	48.88117599487305	12.811594009399414	43.94384002685547
323.4611511230469	48.88130187988281	12.810806274414062	43.94329071044922
323.4578552246094	48.881431579589844	12.810062408447266	43.942779541015625
323.45465087890625	48.88155746459961	12.80933952331543	43.94226837158203
323.4515686035156	48.88167190551758	12.808660507202148	43.94179916381836
323.4485778808594	48.88178634643555	12.8079833984375	43.941322326660156
323.4457092285156	48.881893157958984	12.807332992553711	43.94086837768555
323.4429016113281	48.88199234008789	12.806716918945312	43.9404411315918
323.4402160644531	48.88209915161133	12.806112289428711	43.94001770019531
323.4376525878906	48.882205963134766	12.805524826049805	43.939605712890625
323.43511962890625	48.882301330566406	12.804969787597656	43.93921661376953
323.4327087402344	48.882389068603516	12.804422378540039	43.93883514404297
323.4303894042969	48.88248825073242	12.80390739440918	43.93846893310547
323.4281311035156	48.88257598876953	12.803398132324219	43.938106536865234
323.4259338378906	48.88265609741211	12.802902221679688	43.93777084350586
323.4238586425781	48.88274002075195	12.802425384521484	43.937435150146484
323.4218444824219	48.882816314697266	12.801971435546875	43.93711471557617
323.4198913574219	48.88288879394531	12.801530838012695	43.936805725097656
323.41796875	48.88296127319336	12.801105499267578	43.93650817871094
323.4161682128906	48.88304138183594	12.800689697265625	43.936222076416016
323.4143981933594	48.88310623168945	12.800298690795898	43.935943603515625
323.4126892089844	48.883174896240234	12.799907684326172	43.935665130615234
323.41107177734375	48.883235931396484	12.799543380737305	43.93540954589844
323.4094543457031	48.88330078125	12.799186706542969	43.935157775878906
323.4079284667969	48.883365631103516	12.798839569091797	43.93491744995117
323.40643310546875	48.883419036865234	12.798507690429688	43.93468475341797
323.4049987792969	48.88346481323242	12.798181533813477	43.9344596862793
323.4035949707031	48.883522033691406	12.797872543334961	43.93424606323242
323.4022521972656	48.88357925415039	12.797565460205078	43.93402862548828
323.4009704589844	48.883628845214844	12.797269821166992	43.933815002441406
323.39971923828125	48.883670806884766	12.796991348266602	43.93362808227539
323.3985290527344	48.883724212646484	12.79672622680664	43.933433532714844
323.3973693847656	48.88376235961914	12.796457290649414	43.93324279785156
323.3962097167969	48.88380813598633	12.796209335327148	43.93307113647461
323.3951110839844	48.88386154174805	12.795961380004883	43.93288803100586
323.3940734863281	48.883888244628906	12.795745849609375	43.932735443115234
323.3930358886719	48.88393783569336	12.795503616333008	43.93257141113281
323.3920593261719	48.883975982666016	12.795282363891602	43.93242263793945
323.39111328125	48.88401794433594	12.79505729675293	43.9322624206543
323.3902282714844	48.8840446472168	12.79486083984375	43.93212890625
323.3893127441406	48.88407897949219	12.79466438293457	43.931983947753906
323.388427734375	48.88410949707031	12.794473648071289	43.931846618652344
323.38763427734375	48.8841438293457	12.794296264648438	43.93172073364258
323.3868408203125	48.88417434692383	12.794118881225586	43.93158721923828
323.3860778808594	48.88420486450195	12.793943405151367	43.931461334228516
323.3853454589844	48.88423538208008	12.793779373168945	43.93135070800781
323.3846130371094	48.884254455566406	12.793624877929688	43.93124008178711
323.3839416503906	48.88428497314453	12.793453216552734	43.93112564086914
323.3832092285156	48.88431167602539	12.793313980102539	43.931026458740234
323.382568359375	48.88435363769531	12.793148040771484	43.930908203125
323.3819274902344	48.884368896484375	12.793008804321289	43.930816650390625
323.3813171386719	48.884395599365234	12.792871475219727	43.93071746826172
323.3807067871094	48.8844108581543	12.792722702026367	43.93061447143555
323.3801574707031	48.884422302246094	12.792606353759766	43.930538177490234
323.3796081542969	48.88444137573242	12.792491912841797	43.93045425415039
323.37908935546875	48.88446044921875	12.79237174987793	43.93037414550781
323.3785705566406	48.884490966796875	12.792253494262695	43.93028259277344
323.3780822753906	48.884498596191406	12.792146682739258	43.930206298828125
323.3775939941406	48.8845100402832	12.79203987121582	43.930137634277344
323.3771667480469	48.8845329284668	12.791913986206055	43.930049896240234
323.376708984375	48.88454818725586	12.791824340820312	43.929988861083984
323.3763122558594	48.88457107543945	12.791728973388672	43.9299201965332
323.3758850097656	48.884586334228516	12.791633605957031	43.929847717285156
323.37548828125	48.88460922241211	12.791549682617188	43.92979049682617
323.3751220703125	48.88462448120117	12.791471481323242	43.929725646972656
323.374755859375	48.88463592529297	12.791383743286133	43.92967224121094
323.3744201660156	48.8846549987793	12.791311264038086	43.92961120605469
323.3740539550781	48.884666442871094	12.791236877441406	43.929561614990234
323.37371826171875	48.88467788696289	12.791170120239258	43.92951202392578
323.3733825683594	48.88469696044922	12.791095733642578	43.92946243286133
323.3730773925781	48.884708404541016	12.791013717651367	43.92940902709961
323.3727722167969	48.88471221923828	12.790945053100586	43.92936706542969
323.37249755859375	48.88473129272461	12.790872573852539	43.929317474365234
323.3722229003906	48.88474655151367	12.790821075439453	43.92927169799805
323.3719177246094	48.88475036621094	12.790763854980469	43.929237365722656
323.37164306640625	48.884769439697266	12.790687561035156	43.92918395996094
323.37139892578125	48.8847770690918	12.790628433227539	43.92914581298828
323.37115478515625	48.88478469848633	12.790576934814453	43.929107666015625
323.3709411621094	48.884788513183594	12.790525436401367	43.9290771484375
323.3706970214844	48.884796142578125	12.790468215942383	43.92903518676758
323.3704528808594	48.884796142578125	12.79041862487793	43.92900466918945
323.3702697753906	48.88481521606445	12.790376663208008	43.92897033691406
323.37005615234375	48.884822845458984	12.790328979492188	43.92892837524414
323.369873046875	48.88483810424805	12.790275573730469	43.92888641357422
323.3696594238281	48.88484573364258	12.790233612060547	43.928855895996094
323.3694763183594	48.88485336303711	12.790193557739258	43.928829193115234
323.3692932128906	48.88486099243164	12.79014778137207	43.928794860839844
323.3691101074219	48.88486099243164	12.790111541748047	43.92877197265625
323.368896484375	48.88486862182617	12.790077209472656	43.928749084472656
323.3687438964844	48.88487243652344	12.7900390625	43.92872619628906
323.3685607910156	48.88486862182617	12.790006637573242	43.9286994934082
323.368408203125	48.8848762512207	12.789962768554688	43.928672790527344
323.3682556152344	48.88488006591797	12.789945602416992	43.92866134643555
323.3681335449219	48.884891510009766	12.789907455444336	43.92863082885742
323.3680114746094	48.88489532470703	12.789892196655273	43.928611755371094
323.3678894042969	48.88490676879883	12.789854049682617	43.9285888671875
323.3677673339844	48.88491439819336	12.789819717407227	43.92856979370117
323.3676452636719	48.88492202758789	12.789796829223633	43.928558349609375
323.3675231933594	48.88492202758789	12.78976821899414	43.928531646728516
496.0	16.0	11.0	29.0
501.93475341796875	22.080957412719727	10.941289901733398	28.8452205657959
417.1258850097656	52.902278900146484	22.30656623840332	44.319923400878906
413.43975830078125	78.7896728515625	21.816120147705078	43.34547805786133
421.05145263671875	81.64949798583984	21.8066349029541	43.32663345336914
389.77764892578125	85.46452331542969	22.15188980102539	44.012611389160156
399.7633361816406	84.51652526855469	22.503480911254883	44.7111701965332
408.861083984375	83.94886779785156	22.524396896362305	44.75272750854492
419.69873046875	84.60088348388672	22.439865112304688	44.58477783203125
427.0899353027344	84.60221099853516	22.382299423217773	44.47040557861328
423.32159423828125	82.0665512084961	22.277467727661133	44.262123107910156
433.11181640625	80.74798583984375	22.15703010559082	44.02283477783203
440.4931640625	81.97772979736328	22.496379852294922	44.69707489013672
435.23883056640625	81.14358520507812	22.131866455078125	43.97283935546875
430.6847229003906	77.72947692871094	21.902118682861328	43.516361236572266
428.1852111816406	75.1917724609375	21.736804962158203	43.187904357910156
425.57470703125	80.21693420410156	21.797998428344727	43.309486389160156
423.2989196777344	69.89434814453125	22.042823791503906	43.795921325683594
404.190185546875	64.77250671386719	22.52719497680664	44.75829315185547
389.146484375	56.8216552734375	22.586483001708984	44.87609100341797
391.4656066894531	60.801841735839844	22.80119514465332	45.302696228027344
398.8857116699219	56.0872688293457	22.87859535217285	45.45648193359375
306.0	58.0	11.0	30.0
310.0	59.0	13.0	30.0
316.0	59.0	12.0	30.0
322.0	58.0	13.0	31.0
322.5908508300781	57.98815155029297	13.0634765625	31.1513671875
335.42041015625	59.988807678222656	13.014010429382324	31.033411026000977
341.5489196777344	57.4333381652832	13.130770683288574	31.311838150024414
347.198486328125	57.85090255737305	13.386149406433105	31.920818328857422
353.63299560546875	58.00428009033203	13.557293891906738	32.32892990112305
356.53033447265625	58.89581298828125	13.640493392944336	32.52732849121094
363.4852600097656	58.59077072143555	13.587326049804688	32.400543212890625
372.07354736328125	57.7067985534668	13.50462818145752	32.203346252441406
375.4785461425781	58.225433349609375	13.677846908569336	32.61640930175781
382.9978942871094	60.157203674316406	13.835110664367676	32.991424560546875
388.8699035644531	58.81581497192383	13.700981140136719	32.67157745361328
383.21514892578125	57.1181526184082	13.773066520690918	32.84347152709961
379.6028137207031	54.3435173034668	13.724825859069824	32.728431701660156
360.25286865234375	54.8090934753418	13.724502563476562	32.727664947509766
358.58221435546875	54.29856491088867	13.687238693237305	32.63880157470703
361.19720458984375	53.861915588378906	13.797012329101562	32.900569915771484
349.12689208984375	52.34765625	13.784146308898926	32.86988830566406
353.88543701171875	53.55230712890625	13.821249008178711	32.9583625793457
358.9156799316406	52.19598388671875	13.993535041809082	33.369197845458984
363.9597473144531	52.27138137817383	13.965641975402832	33.30268478393555
367.79241943359375	53.41511917114258	14.029966354370117	33.45607376098633
371.0245056152344	54.5642204284668	13.954730033874512	33.27666473388672
0.0	24.0	10.0	41.0
5.737600803375244	25.742572784423828	10.170333862304688	41.48386764526367
10.07383918762207	24.22768783569336	10.177528381347656	41.44068145751953
15.539159774780273	25.084030151367188	10.296989440917969	41.72562789916992
21.286056518554688	24.085248947143555	10.609130859375	42.99049377441406
26.903900146484375	24.098262786865234	10.522130012512207	42.63794708251953
32.6976203918457	21.115985870361328	10.704991340637207	43.378936767578125
38.18639373779297	22.958999633789062	10.723529815673828	43.454063415527344
44.145469665527344	24.70925521850586	10.85694408416748	43.994686126708984
50.04830551147461	21.466821670532227	10.953107833862305	44.384361267089844
51.6861457824707	22.332300186157227	10.983449935913086	44.50731658935547
58.751121520996094	26.760726928710938	10.891871452331543	44.13622283935547
63.773292541503906	21.823062896728516	10.946192741394043	44.35634994506836
74.23702239990234	22.817501068115234	10.958799362182617	44.407440185546875
78.67582702636719	24.98159408569336	10.989630699157715	44.532379150390625
75.61319732666016	22.419795989990234	10.861227035522461	44.01205825805664
85.6070785522461	22.835174560546875	10.857336044311523	43.99628829956055
88.59986114501953	23.138469696044922	10.85180377960205	43.97386932373047
83.05078887939453	26.140872955322266	10.816327095031738	43.83010482788086
102.25113677978516	26.13934326171875	10.81519603729248	43.82551956176758
99.06595611572266	25.583229064941406	10.913862228393555	44.22533416748047
475.0	58.0	12.0	27.0
478.35986328125	58.2353401184082	12.186836242675781	27.420379638671875
481.04718017578125	56.09637451171875	12.370659828186035	27.833980560302734
483.8096618652344	55.945228576660156	12.443094253540039	27.996957778930664
114.0	38.0	9.0	29.0
115.72718811035156	39.434654235839844	10.0	28.850875854492188
119.28706359863281	39.4962272644043	10.0	28.19051742553711
124.0	39.0	10.0	30.0
128.0	40.0	11.0	29.0
131.10604858398438	38.454654693603516	10.929875373840332	28.815128326416016
136.0	39.0	11.0	30.0
139.0	39.0	11.0	30.0
141.0	40.0	11.0	29.0
141.0	39.0	11.0	30.0
142.0	40.0	9.0	28.0
141.0	40.0	10.0	28.0
139.0	40.0	10.0	29.0
490.0	55.0	10.0	28.0
484.1988220214844	53.80717086791992	10.101872444152832	28.155574798583984
131.0	41.0	10.0	29.0
125.37321472167969	41.366188049316406	10.060094833374023	28.976099014282227
124.0	41.0	10.0	28.0
121.5069808959961	40.697235107421875	10.02182388305664	27.829605102539062
122.0	40.0	11.0	29.0
122.0	39.0	10.0	28.0
120.40853118896484	41.6009521484375	10.251559257507324	28.70436668395996
122.02763366699219	37.33073806762695	10.295888900756836	28.8284912109375
123.0	38.0	10.0	30.0
455.0	53.0	16.0	27.0
454.0	53.0	12.0	27.0
124.0	35.0	10.0	30.0
122.0	37.0	11.0	31.0
115.9512939453125	34.03144073486328	11.29582405090332	31.83368492126465
123.0	37.0	10.0	28.0
388.0	45.0	11.0	26.0
386.0	46.0	13.0	26.0
123.0	36.0	10.0	31.0
122.05318450927734	38.35655975341797	10.027196884155273	30.559640884399414
122.0	36.0	11.0	31.0
505.0	52.0	7.0	36.0
504.0	51.0	8.0	37.0
503.0	53.0	9.0	34.0
501.83001708984375	49.56450653076172	10.0	34.20582962036133
503.0	55.0	9.0	31.0
503.0	55.0	9.0	31.0
121.0	36.0	10.0	31.0
124.5042495727539	36.622459411621094	10.04837417602539	30.688892364501953
123.16511535644531	32.270591735839844	10.10176944732666	30.6962947845459
119.0135726928711	36.468299865722656	10.232483863830566	30.991413116455078
51.0	27.0	11.0	30.0
120.0	37.0	11.0	32.0
49.0	27.0	11.0	31.0
48.0	27.0	10.0	31.0
46.0	26.0	11.0	33.0
46.0	28.0	10.0	32.0
80.0	0.0	12.0	23.0
74.40858459472656	1.4025291204452515	11.976608276367188	22.95516586303711
72.24972534179688	5.29039192199707	11.9963960647583	22.993091583251953
79.48812866210938	8.627229690551758	12.005240440368652	23.01004409790039
78.65217590332031	10.544384002685547	12.132655143737793	23.254255294799805
85.4099349975586	13.34247875213623	12.200666427612305	23.384613037109375
81.10601806640625	14.788339614868164	12.048052787780762	23.09210205078125
88.72281646728516	16.84768295288086	11.90835952758789	22.824356079101562
88.66531372070312	17.908435821533203	11.712329864501953	22.448633193969727
96.79061889648438	20.653247833251953	11.851118087768555	22.714641571044922
103.8595962524414	23.37762451171875	11.851741790771484	22.715837478637695
100.79405212402344	25.90317726135254	11.671442985534668	22.37026596069336
107.2291030883789	29.937108993530273	11.779194831848145	22.57678985595703
101.58125305175781	31.50137710571289	11.778274536132812	22.57502555847168
97.00078582763672	34.67223358154297	11.799979209899902	22.616628646850586
95.14263916015625	37.64734649658203	11.723271369934082	22.4696044921875
99.73294067382812	40.665199279785156	11.724543571472168	22.472042083740234
98.19864654541016	41.36808395385742	11.663911819458008	22.355831146240234
110.61405944824219	43.55693435668945	11.51488208770752	22.0701904296875
106.5652847290039	42.53295135498047	11.476765632629395	21.997135162353516
106.05873107910156	41.97807693481445	11.476314544677734	21.99627113342285
96.38670349121094	40.34758758544922	11.491914749145508	22.026172637939453
103.17938232421875	40.88154220581055	11.451400756835938	21.94852066040039
98.1231460571289	39.443702697753906	11.537968635559082	22.114442825317383
97.31578826904297	39.72533416748047	11.390827178955078	21.832422256469727
95.91548919677734	39.52699279785156	11.575948715209961	22.187238693237305
88.23394775390625	38.61840057373047	11.63298511505127	22.29655647277832
90.79985046386719	38.6583366394043	11.743268966674805	22.5079345703125
103.8980941772461	40.08745574951172	11.740013122558594	22.50169563293457
104.7901382446289	40.441001892089844	11.540420532226562	22.1191463470459
108.47611236572266	40.352745056152344	11.566778182983398	22.169666290283203
112.38035583496094	41.099464416503906	11.625931739807129	22.283042907714844
106.03639221191406	40.720420837402344	11.592755317687988	22.21945571899414
106.60124206542969	41.04423904418945	11.516118049621582	22.072566986083984
105.1041259765625	40.958106994628906	11.554824829101562	22.146753311157227
105.13553619384766	40.361881256103516	11.585646629333496	22.205829620361328
106.28294372558594	40.3620491027832	11.571919441223145	22.179519653320312
105.90669250488281	40.19428253173828	11.441411972045898	21.92937660217285
105.33323669433594	40.24816131591797	11.34270191192627	21.74018096923828
108.4012451171875	41.80022430419922	11.244227409362793	21.551437377929688
114.08100891113281	41.76273727416992	11.205144882202148	21.476530075073242
107.65602111816406	41.32981872558594	11.128091812133789	21.32884407043457
106.23848724365234	40.97428512573242	11.000213623046875	21.0837459564209
107.98362731933594	40.653282165527344	11.092591285705566	21.260801315307617
108.6388168334961	40.06267166137695	11.193699836730957	21.454593658447266
111.55076599121094	40.311195373535156	11.122235298156738	21.317617416381836
107.60231018066406	38.97032928466797	11.31214714050293	21.681615829467773
111.54377746582031	38.85456466674805	11.204427719116211	21.47515296936035
113.50776672363281	39.129207611083984	11.056550025939941	21.191720962524414
106.23539733886719	36.50679397583008	11.145100593566895	21.361440658569336
108.13082122802734	36.559349060058594	11.144892692565918	21.361042022705078
109.14463806152344	36.65693283081055	10.847639083862305	20.791305541992188
107.19609069824219	35.91461944580078	10.979743957519531	21.044506072998047
104.24554443359375	36.15104293823242	10.973695755004883	21.03291130065918
101.72608184814453	35.41769790649414	10.939984321594238	20.968297958374023
104.68245697021484	35.61880874633789	10.94116497039795	20.970561981201172
104.404541015625	35.863399505615234	10.805829048156738	20.711170196533203
96.99784851074219	35.47455596923828	10.56907844543457	20.257396697998047
106.665771484375	36.60918426513672	10.462060928344727	20.05228042602539
111.977294921875	37.02705001831055	10.381279945373535	19.89744758605957
112.28878021240234	36.86055374145508	10.240741729736328	19.628082275390625
113.26402282714844	36.95398712158203	10.209989547729492	19.532529830932617
109.99653625488281	36.14447021484375	10.080787658691406	19.24126625061035
108.00543212890625	35.245025634765625	10.081474304199219	19.18779182434082
109.0492935180664	35.235618591308594	10.207590103149414	19.420738220214844
109.4364242553711	35.093990325927734	10.167597770690918	19.246858596801758
108.74283599853516	35.04802703857422	10.145002365112305	19.117708206176758
106.73164367675781	34.1192626953125	10.208818435668945	19.237964630126953
107.78794860839844	34.19799041748047	10.146252632141113	19.118419647216797
113.10009765625	34.40831756591797	10.305895805358887	19.419231414794922
109.78729248046875	32.61619186401367	10.245935440063477	19.30624771118164
107.74867248535156	31.996490478515625	10.30748462677002	19.422224044799805
107.77227783203125	31.20720863342285	10.377796173095703	19.511138916015625
111.04158020019531	31.564966201782227	10.438486099243164	19.625240325927734
111.80833435058594	31.169055938720703	10.402315139770508	19.5131778717041
105.73600769042969	29.55117416381836	10.400945663452148	19.510608673095703
96.0	62.0	10.0	28.0
92.79783630371094	62.598777770996094	10.13203239440918	28.08316421508789
92.1702880859375	58.248863220214844	10.112576484680176	27.97589683532715
94.0	61.0	11.0	28.0
267.0	60.0	10.0	23.0
93.0	61.0	14.0	28.0
92.0	61.0	14.0	28.0
166.0	48.0	9.0	25.0
164.0	48.0	10.0	26.0
165.7116241455078	47.09149932861328	10.168596267700195	26.295663833618164
158.21249389648438	59.971580505371094	10.155745506286621	26.2022762298584
90.0	59.0	16.0	30.0
91.0	61.0	14.0	28.0
91.0	59.0	14.0	31.0
85.50914764404297	59.44565963745117	14.16100025177002	31.35650062561035
88.07737731933594	56.9148063659668	14.09333324432373	31.206668853759766
88.49969482421875	58.05806350708008	14.134786605834961	31.2984619140625
87.69938659667969	58.70629119873047	14.221278190612793	31.489980697631836
243.0	60.0	10.0	24.0
239.6267852783203	59.16728591918945	10.083166122436523	24.13186264038086
240.0	59.0	10.0	26.0
240.0	60.0	8.0	25.0
238.0	60.0	9.0	26.0
236.48275756835938	60.454566955566406	10.0	25.89422607421875
236.2194366455078	60.762664794921875	10.106674194335938	26.122669219970703
234.0	62.0	9.0	25.0
234.0	63.0	8.0	25.0
233.0	62.0	8.0	25.0
231.9828338623047	60.52544021606445	10.0	25.237913131713867
233.0	62.0	9.0	24.0
234.0	61.0	8.0	24.0
236.0	60.0	9.0	25.0
237.58932495117188	59.2091064453125	10.0	25.44491195678711
242.0	61.0	9.0	23.0
246.0	61.0	8.0	23.0
251.0	62.0	7.0	22.0
253.44677734375	61.810203552246094	10.0	21.913257598876953
257.0	62.0	9.0	22.0
260.0	61.0	9.0	23.0
261.0	60.0	9.0	23.0
262.0	59.0	10.0	24.0
263.0	59.0	12.0	24.0
265.0	59.0	12.0	24.0
269.0	59.0	9.0	24.0
272.3118591308594	60.436058044433594	10.0	24.21743392944336
275.62689208984375	60.0974006652832	10.088513374328613	24.29879379272461
279.65301513671875	60.24231719970703	10.175935745239258	24.504831314086914
282.88409423828125	59.778289794921875	10.139081954956055	24.388044357299805
286.0	59.0	10.0	24.0
288.7333679199219	58.631141662597656	10.061485290527344	24.00542449951172
291.0	58.0	12.0	25.0
294.3291015625	58.320350646972656	12.052080154418945	25.108501434326172
297.0	59.0	12.0	22.0
299.0	59.0	9.0	23.0
300.8539123535156	59.0756950378418	10.0	23.32715606689453
302.3819580078125	59.286224365234375	10.068142890930176	23.456893920898438
303.83172607421875	59.54436492919922	10.115007400512695	23.555919647216797
303.0	58.0	12.0	25.0
302.0	58.0	13.0	25.0
304.0	57.0	14.0	25.0
306.0	57.0	13.0	25.0
307.0	57.0	9.0	25.0
308.0	58.0	8.0	24.0
308.07061767578125	57.283531188964844	10.0	24.520427703857422
309.0	59.0	9.0	23.0
307.9110412597656	57.850494384765625	10.0	23.211645126342773
308.1607360839844	58.14904022216797	10.068998336791992	22.881725311279297
308.0032653808594	57.801658630371094	10.069853782653809	22.59638214111328
307.102294921875	56.77799606323242	10.101040840148926	22.596405029296875
306.83990478515625	55.7168083190918	10.2744722366333	22.984378814697266
306.90435791015625	54.12022018432617	10.360647201538086	23.177154541015625
305.8966979980469	52.238990783691406	10.375740051269531	23.210918426513672
306.31768798828125	52.845367431640625	10.36294937133789	23.182308197021484
306.142822265625	52.523963928222656	10.367677688598633	23.192882537841797
306.82537841796875	52.264244079589844	10.343901634216309	23.08331298828125
307.691162109375	51.85985565185547	10.164552688598633	22.609901428222656
294.6346740722656	36.871559143066406	10.109525680541992	22.483062744140625
291.0108642578125	32.766334533691406	10.191946029663086	22.549434661865234
289.46124267578125	33.11163330078125	10.13638973236084	22.16708755493164
286.58233642578125	37.54668426513672	10.143989562988281	22.11048698425293
284.4676208496094	34.678001403808594	10.094236373901367	21.854236602783203
295.8944396972656	38.61266326904297	10.286888122558594	22.271331787109375
298.36138916015625	38.696556091308594	10.310648918151855	22.322772979736328
295.7198181152344	35.034847259521484	10.37174129486084	22.45503807067871
295.97576904296875	34.5630989074707	10.08000373840332	21.74411392211914
254.0	65.0	9.0	27.0
191.0	47.0	10.0	21.0
191.06756591796875	47.46513748168945	10.133156776428223	21.09783935546875
192.0	47.0	10.0	22.0
191.6687469482422	47.30375671386719	10.134492874145508	22.130306243896484
190.70181274414062	46.51887130737305	10.104705810546875	22.006093978881836
190.56640625	46.064064025878906	10.115606307983398	22.02983283996582
190.75302124023438	45.8592643737793	10.251226425170898	22.232324600219727
188.0	46.0	14.0	21.0
189.0	45.0	13.0	22.0
187.87948608398438	46.24601745605469	12.923452377319336	21.87045669555664
187.74554443359375	46.2669563293457	13.145464897155762	22.24616813659668
188.5491485595703	46.9593620300293	13.152353286743164	22.257823944091797
189.2753448486328	46.14165115356445	13.262669563293457	22.44451141357422
184.0	42.0	17.0	26.0
186.0	41.0	16.0	27.0
190.0	43.0	14.0	25.0
192.0	42.0	14.0	26.0
193.0	43.0	14.0	24.0
195.0	42.0	10.0	25.0
196.0	41.0	9.0	26.0
196.31259155273438	43.552955627441406	10.0	25.59821891784668
198.08700561523438	43.78804397583008	10.069387435913086	25.536710739135742
198.75157165527344	43.91002655029297	10.126490592956543	25.55025863647461
198.9853057861328	42.85763168334961	10.095212936401367	25.350988388061523
201.2147216796875	42.75338363647461	10.17786693572998	25.519554138183594
202.1590118408203	42.75156784057617	10.174209594726562	25.5103816986084
203.59567260742188	42.720733642578125	10.115826606750488	25.357389450073242
205.0	41.0	17.0	26.0
205.0	42.0	12.0	25.0
206.44619750976562	44.00841522216797	11.882841110229492	24.755918502807617
209.0	43.0	8.0	24.0
210.0	43.0	8.0	23.0
212.0	42.0	8.0	25.0
214.0	42.0	8.0	24.0
213.0	42.0	10.0	23.0
214.9342041015625	42.1312370300293	10.043466567993164	22.764537811279297
215.0	42.0	9.0	23.0
216.0	41.0	9.0	24.0
218.0	42.0	8.0	22.0
219.0	43.0	9.0	21.0
218.0	43.0	10.0	21.0
219.8322296142578	43.616172790527344	10.066181182861328	20.970226287841797
220.1734161376953	42.8200798034668	10.109898567199707	20.95004653930664
219.0	40.0	12.0	25.0
220.0	41.0	10.0	24.0
219.6339874267578	39.72983932495117	10.232032775878906	24.55687713623047
218.0109405517578	40.102455139160156	10.252289772033691	24.588045120239258
217.1631317138672	40.48940658569336	10.296147346496582	24.682109832763672
216.20016479492188	40.75480270385742	10.233827590942383	24.532718658447266
215.3031005859375	40.80842208862305	10.282992362976074	24.630859375
215.0	40.0	9.0	25.0
214.0	40.0	9.0	23.0
213.0	41.0	10.0	22.0
211.0	40.0	12.0	23.0
209.96908569335938	39.60126876831055	12.18617057800293	23.356826782226562
208.0	40.0	13.0	23.0
210.0	40.0	10.0	23.0
210.7169189453125	40.09125900268555	10.181854248046875	23.200578689575195
213.0	42.0	9.0	20.0
215.0	42.0	9.0	21.0
216.9656219482422	41.08574676513672	10.0	21.42570686340332
219.6830596923828	40.482582092285156	10.175127983093262	21.72174835205078
221.0	41.0	12.0	22.0
221.0	39.0	14.0	23.0
222.0	38.0	12.0	24.0
224.8396453857422	38.87696075439453	12.07699203491211	24.15398406982422
226.0	39.0	13.0	22.0
226.7288818359375	41.47198486328125	13.066927909851074	22.113264083862305
228.6226806640625	41.465126037597656	13.120465278625488	22.203866958618164
231.0	41.0	11.0	22.0
234.0	40.0	10.0	23.0
236.0	39.0	9.0	24.0
237.0	39.0	9.0	22.0
238.8148956298828	39.197505950927734	10.0	21.845996856689453
237.0	39.0	14.0	23.0
238.0	40.0	14.0	22.0
240.0	39.0	13.0	23.0
243.0	38.0	7.0	23.0
242.32504272460938	39.90797424316406	10.0	22.963857650756836
242.7137451171875	39.42413330078125	10.029075622558594	22.72005844116211
243.50650024414062	39.00734329223633	10.05439567565918	22.491392135620117
244.0	38.0	11.0	23.0
243.0	38.0	15.0	23.0
243.0	37.0	17.0	24.0
244.0	38.0	15.0	23.0
247.0	38.0	9.0	23.0
247.7395477294922	39.18024826049805	10.0	23.327880859375
249.0	39.0	9.0	23.0
250.0714874267578	39.496337890625	10.0	22.76626205444336
251.462646484375	38.11372375488281	10.040282249450684	22.557819366455078
252.0	38.0	12.0	23.0
252.39480590820312	37.401405334472656	11.905288696289062	22.818470001220703
252.8317108154297	36.72456741333008	11.93848991394043	22.88210678100586
253.085693359375	36.7972412109375	11.830659866333008	22.675430297851562
253.7196502685547	37.92070770263672	11.761384963989258	22.542654037475586
253.68704223632812	38.29197311401367	11.804777145385742	22.625823974609375
256.0	39.0	9.0	20.0
256.0	39.0	10.0	21.0
256.0	38.0	11.0	22.0
256.97821044921875	37.701576232910156	10.857935905456543	21.715871810913086
256.87872314453125	36.6480827331543	10.867109298706055	21.73421859741211
257.82196044921875	36.11568069458008	10.991546630859375	21.98309326171875
257.0	36.0	13.0	23.0
258.0	35.0	14.0	25.0
259.0	36.0	15.0	24.0
260.0	36.0	11.0	24.0
262.0	37.0	8.0	23.0
262.0	37.0	9.0	22.0
262.0	36.0	10.0	23.0
263.0	36.0	11.0	23.0
264.0	35.0	13.0	24.0
263.0	35.0	16.0	24.0
264.0	35.0	17.0	24.0
267.0	36.0	13.0	23.0
270.0	37.0	10.0	21.0
269.5755310058594	37.179588317871094	10.0	20.64190101623535
270.0	36.0	9.0	23.0
269.3797302246094	36.26073455810547	10.0	22.69696044921875
270.0	35.0	10.0	24.0
269.0	35.0	13.0	23.0
268.0	35.0	15.0	22.0
266.5377197265625	34.9040412902832	14.792905807495117	21.69626235961914
265.1417236328125	35.18804168701172	14.556020736694336	21.348831176757812
265.0	35.0	10.0	23.0
264.0	36.0	9.0	23.0
261.8345947265625	35.476806640625	10.0	22.556650161743164
260.33172607421875	35.0848388671875	10.057527542114258	22.550277709960938
258.0	36.0	10.0	21.0
256.0	35.0	11.0	22.0
253.0	34.0	13.0	23.0
251.0	34.0	14.0	23.0
249.0	33.0	14.0	23.0
245.30673217773438	33.156044006347656	14.317487716674805	23.521587371826172
245.0	33.0	10.0	22.0
242.4496307373047	32.85429763793945	10.05313491821289	21.68497657775879
240.18222045898438	33.91112518310547	10.122588157653809	21.745586395263672
234.0	31.0	15.0	24.0
232.0	31.0	16.0	24.0
231.0	30.0	17.0	26.0
231.0	31.0	14.0	25.0
229.0	31.0	17.0	25.0
228.0	33.0	10.0	22.0
226.64404296875	32.3923225402832	10.12237548828125	21.998865127563477
225.0	33.0	9.0	22.0
222.0	32.0	10.0	23.0
219.42221069335938	31.637466430664062	10.096163749694824	23.04619598388672
218.5248260498047	30.295825958251953	10.120135307312012	23.006784439086914
216.9405059814453	29.962383270263672	10.102964401245117	22.92551040649414
215.67959594726562	30.0550537109375	10.14132308959961	23.004451751708984
213.8350067138672	29.406879425048828	10.230058670043945	23.152416229248047
209.94558715820312	29.116729736328125	10.210927963256836	23.01863670349121
207.60195922851562	30.845561981201172	10.330757141113281	23.218027114868164
206.0581512451172	31.626001358032227	10.168330192565918	22.852981567382812
204.74720764160156	31.266122817993164	10.238543510437012	23.010784149169922
204.35951232910156	31.93109130859375	10.152525901794434	22.768606185913086
203.68276977539062	30.7254581451416	10.106269836425781	22.52591896057129
203.9810791015625	29.310253143310547	10.081774711608887	22.444826126098633
201.0	29.0	16.0	24.0
200.0	28.0	18.0	26.0
198.0	28.0	20.0	26.0
199.0	29.0	18.0	27.0
197.0	30.0	9.0	23.0
195.0	30.0	9.0	25.0
192.42080688476562	28.55734634399414	10.0	25.063587188720703
191.0	30.0	9.0	22.0
186.0	29.0	14.0	24.0
183.0	29.0	15.0	23.0
181.75253295898438	29.083194732666016	15.010461807250977	23.016040802001953
179.9452667236328	28.506366729736328	14.964495658874512	22.945560455322266
176.9950714111328	28.762704849243164	15.18585205078125	23.284971237182617
174.3070068359375	29.008304595947266	15.243814468383789	23.37384605407715
176.0	30.0	8.0	22.0
172.28048706054688	29.875408172607422	10.0	21.685028076171875
171.09719848632812	29.873851776123047	10.184019088745117	21.901264190673828
168.2015838623047	28.064403533935547	10.153271675109863	21.835140228271484
166.3819122314453	28.2076358795166	10.3017578125	22.12841796875
164.61399841308594	27.10248374938965	10.334763526916504	22.199316024780273
161.76063537597656	27.50244140625	10.367281913757324	22.219356536865234
159.79600524902344	27.618371963500977	10.299545288085938	22.03551483154297
157.42001342773438	28.818395614624023	10.160534858703613	21.728105545043945
155.78399658203125	29.0100154876709	10.221710205078125	21.753957748413086
153.7472381591797	28.627086639404297	10.189204216003418	21.57196807861328
151.8528289794922	27.917255401611328	10.144543647766113	21.27545166015625
150.32272338867188	27.20025634765625	10.189593315124512	21.262861251831055
147.6096954345703	27.120508193969727	10.304746627807617	21.503154754638672
