237.0	114.0	37.0	38.0
237.0	114.0	36.0	38.0
236.0	115.0	37.0	37.0
236.0	115.0	37.0	37.0
236.0	115.0	37.0	37.0
237.0	116.0	36.0	36.0
237.0	116.0	36.0	36.0
236.0	117.0	37.0	35.0
236.0	116.0	38.0	36.0
236.0	117.0	37.0	35.0
236.0	117.0	36.0	34.0
236.0	119.0	35.0	32.0
235.0	119.0	37.0	34.0
235.0	120.0	36.0	33.0
235.0	120.0	37.0	34.0
235.0	121.0	38.0	34.0
234.0	122.0	41.0	34.0
233.0	121.0	41.0	36.0
234.0	121.0	41.0	36.0
233.0	121.0	40.0	36.0
232.0	121.0	42.0	36.0
231.0	119.0	43.0	38.0
230.0	118.0	45.0	39.0
230.0	119.0	45.0	39.0
230.0	116.0	45.0	42.0
229.0	116.0	45.0	42.0
229.0	116.0	45.0	42.0
229.0	115.0	46.0	44.0
228.0	113.0	48.0	45.0
228.0	113.0	48.0	44.0
228.0	112.0	48.0	46.0
228.0	111.0	48.0	46.0
228.0	110.0	48.0	47.0
228.0	110.0	48.0	47.0
228.0	109.0	47.0	47.0
229.0	109.0	47.0	47.0
228.0	109.0	48.0	46.0
229.0	108.0	46.0	47.0
229.0	108.0	45.0	46.0
230.0	108.0	43.0	44.0
230.0	108.0	44.0	45.0
232.0	108.0	41.0	45.0
231.0	107.0	43.0	45.0
230.0	107.0	43.0	46.0
231.0	113.0	39.0	42.0
232.0	107.0	41.0	47.0
231.0	106.0	42.0	48.0
232.0	105.0	42.0	48.0
232.0	107.0	41.0	46.0
233.0	107.0	41.0	45.0
232.0	107.0	41.0	46.0
233.0	106.0	41.0	45.0
232.0	106.0	42.0	45.0
232.0	108.0	40.0	43.0
231.0	107.0	42.0	45.0
231.0	106.0	43.0	46.0
233.0	105.0	38.0	45.0
231.0	106.0	42.0	44.0
230.0	106.0	43.0	43.0
230.0	107.0	42.0	42.0
231.0	109.0	43.0	42.0
232.0	108.0	42.0	44.0
232.0	109.0	40.0	44.0
232.0	110.0	39.0	42.0
232.0	110.0	41.0	40.0
231.0	107.0	43.0	42.0
230.0	107.0	44.0	40.0
230.0	105.0	44.0	42.0
230.0	105.0	45.0	40.0
229.0	103.0	49.0	43.0
230.0	102.0	48.0	44.0
230.0	101.0	48.0	44.0
230.0	99.0	48.0	42.0
231.0	99.0	46.0	40.0
231.0	99.0	45.0	35.0
231.0	97.0	46.0	38.0
231.0	97.0	45.0	33.0
232.0	97.0	44.0	31.0
232.0	96.0	44.0	31.0
232.0	95.0	44.0	30.0
232.0	93.0	45.0	31.0
232.0	92.0	45.0	31.0
231.0	90.0	46.0	33.0
231.0	90.0	47.0	34.0
231.0	90.0	46.0	34.0
231.0	89.0	46.0	36.0
231.0	90.0	46.0	34.0
230.0	88.0	47.0	37.0
230.0	88.0	47.0	37.0
230.0	89.0	46.0	36.0
229.0	87.0	47.0	37.0
228.0	85.0	49.0	39.0
230.0	84.0	48.0	39.0
232.0	82.0	48.0	42.0
235.0	77.0	49.0	45.0
237.0	77.0	46.0	43.0
239.0	77.0	43.0	42.0
239.0	77.0	40.0	43.0
240.0	78.0	40.0	44.0
240.0	78.0	41.0	45.0
241.0	79.0	40.0	45.0
242.0	82.0	38.0	46.0
243.0	85.0	36.0	45.0
244.0	87.0	35.0	45.0
244.0	89.0	35.0	43.0
244.0	90.0	35.0	43.0
244.0	90.0	36.0	43.0
244.0	91.0	35.0	42.0
243.0	91.0	35.0	43.0
242.0	91.0	35.0	43.0
242.0	91.0	35.0	42.0
241.0	91.0	35.0	42.0
241.0	91.0	35.0	41.0
242.0	91.0	34.0	41.0
242.0	91.0	34.0	41.0
242.0	91.0	34.0	41.0
242.0	91.0	34.0	40.0
243.0	91.0	34.0	40.0
242.0	91.0	35.0	40.0
242.0	91.0	35.0	41.0
243.0	91.0	35.0	41.0
243.0	92.0	35.0	40.0
243.0	93.0	35.0	40.0
243.0	93.0	34.0	41.0
243.0	93.0	35.0	41.0
243.0	94.0	35.0	41.0
242.0	94.0	35.0	41.0
242.0	95.0	34.0	41.0
241.0	95.0	34.0	41.0
240.0	96.0	35.0	41.0
239.0	96.0	35.0	42.0
237.0	97.0	35.0	40.0
236.0	96.0	35.0	41.0
236.0	95.0	34.0	42.0
234.0	95.0	35.0	42.0
233.0	95.0	35.0	42.0
232.0	95.0	35.0	41.0
230.0	94.0	37.0	42.0
230.0	94.0	35.0	42.0
229.0	94.0	36.0	42.0
229.0	94.0	35.0	42.0
227.0	93.0	36.0	43.0
227.0	94.0	36.0	42.0
226.0	94.0	36.0	42.0
226.0	94.0	35.0	43.0
226.0	94.0	35.0	42.0
225.0	94.0	36.0	43.0
225.0	94.0	35.0	43.0
224.0	94.0	36.0	43.0
224.0	94.0	36.0	44.0
224.0	94.0	36.0	43.0
224.0	94.0	36.0	43.0
224.0	94.0	36.0	43.0
224.0	94.0	36.0	43.0
225.0	94.0	35.0	43.0
224.0	94.0	37.0	44.0
224.0	94.0	36.0	43.0
225.0	94.0	35.0	44.0
225.0	94.0	36.0	44.0
226.0	94.0	35.0	43.0
226.0	94.0	36.0	43.0
227.0	94.0	35.0	43.0
228.0	94.0	36.0	43.0
229.0	94.0	36.0	43.0
229.0	94.0	36.0	42.0
230.0	94.0	35.0	42.0
231.0	94.0	36.0	42.0
233.0	95.0	35.0	41.0
234.0	96.0	34.0	41.0
235.0	96.0	34.0	42.0
235.0	96.0	35.0	42.0
236.0	96.0	35.0	43.0
236.0	95.0	36.0	44.0
237.0	96.0	35.0	44.0
237.0	97.0	35.0	45.0
237.0	97.0	36.0	46.0
237.0	98.0	37.0	47.0
238.0	99.0	36.0	47.0
238.0	99.0	39.0	47.0
238.0	101.0	39.0	46.0
238.0	101.0	40.0	46.0
239.0	102.0	39.0	45.0
239.0	104.0	39.0	43.0
240.0	106.0	39.0	40.0
239.0	107.0	38.0	39.0
241.0	106.0	38.0	39.0
240.0	105.0	38.0	38.0
241.0	104.0	38.0	37.0
241.0	102.0	39.0	37.0
240.0	99.0	38.0	36.0
240.0	97.0	37.0	35.0
241.0	94.0	37.0	35.0
241.0	90.0	36.0	35.0
241.0	87.0	36.0	34.0
241.0	83.0	36.0	35.0
242.0	79.0	36.0	35.0
242.0	76.0	37.0	35.0
242.0	73.0	37.0	35.0
242.0	71.0	36.0	34.0
242.0	67.0	37.0	35.0
243.0	65.0	36.0	34.0
243.0	62.0	36.0	35.0
243.0	60.0	36.0	34.0
244.0	59.0	35.0	34.0
243.0	57.0	36.0	34.0
243.0	55.0	37.0	35.0
243.0	54.0	36.0	35.0
243.0	54.0	36.0	34.0
243.0	54.0	36.0	34.0
243.0	54.0	36.0	35.0
243.0	54.0	36.0	35.0
242.0	55.0	37.0	35.0
241.0	57.0	36.0	34.0
241.0	59.0	36.0	34.0
240.0	60.0	36.0	36.0
239.0	62.0	37.0	35.0
239.0	64.0	36.0	37.0
238.0	67.0	37.0	37.0
237.0	70.0	36.0	36.0
237.0	72.0	36.0	36.0
236.0	74.0	37.0	37.0
236.0	75.0	37.0	38.0
235.0	77.0	38.0	39.0
235.0	79.0	37.0	38.0
234.0	81.0	37.0	37.0
234.0	82.0	37.0	37.0
233.0	83.0	37.0	39.0
232.0	83.0	38.0	41.0
231.0	84.0	38.0	43.0
230.0	84.0	39.0	45.0
229.0	86.0	38.0	46.0
228.0	87.0	36.0	46.0
228.0	90.0	36.0	45.0
227.0	92.0	36.0	46.0
227.0	97.0	36.0	44.0
227.0	100.0	34.0	44.0
226.0	104.0	35.0	42.0
225.0	108.0	35.0	43.0
224.0	110.0	36.0	43.0
223.0	115.0	34.0	41.0
222.0	116.0	34.0	43.0
222.0	118.0	34.0	42.0
221.0	119.0	34.0	42.0
220.0	120.0	34.0	41.0
220.0	121.0	34.0	40.0
221.0	123.0	32.0	39.0
220.0	124.0	32.0	39.0
220.0	123.0	33.0	41.0
220.0	123.0	33.0	42.0
220.0	123.0	33.0	41.0
221.0	123.0	32.0	41.0
222.0	122.0	32.0	41.0
222.0	122.0	33.0	41.0
223.0	123.0	34.0	40.0
226.0	123.0	33.0	40.0
228.0	123.0	33.0	40.0
231.0	122.0	34.0	41.0
233.0	122.0	34.0	40.0
236.0	123.0	34.0	39.0
239.0	123.0	33.0	40.0
243.0	123.0	34.0	41.0
247.0	122.0	34.0	41.0
251.0	123.0	33.0	39.0
255.0	122.0	34.0	41.0
259.0	123.0	33.0	40.0
262.0	124.0	34.0	39.0
265.0	123.0	34.0	41.0
267.0	124.0	34.0	41.0
269.0	125.0	33.0	41.0
270.0	125.0	34.0	41.0
272.0	124.0	33.0	42.0
273.0	124.0	33.0	42.0
273.0	123.0	35.0	43.0
274.0	124.0	34.0	42.0
274.0	124.0	36.0	42.0
274.0	124.0	38.0	43.0
273.0	124.0	39.0	44.0
272.0	125.0	41.0	45.0
271.0	126.0	43.0	45.0
270.0	126.0	46.0	47.0
270.0	129.0	47.0	46.0
268.0	132.0	48.0	45.0
268.0	136.0	48.0	43.0
268.0	138.0	48.0	43.0
268.0	140.0	47.0	42.0
268.0	143.0	47.0	40.0
267.0	147.0	47.0	38.0
266.0	152.0	50.0	39.0
268.0	157.0	47.0	37.0
266.0	156.0	49.0	46.0
267.0	157.0	47.0	47.0
267.0	158.0	45.0	48.0
268.0	163.0	41.0	44.0
266.0	163.0	43.0	47.0
265.0	164.0	44.0	47.0
263.0	164.0	44.0	48.0
263.0	165.0	45.0	46.0
262.0	164.0	45.0	47.0
261.0	167.0	43.0	44.0
261.0	167.0	44.0	45.0
260.0	168.0	43.0	43.0
259.0	170.0	41.0	40.0
258.0	168.0	43.0	42.0
257.0	170.0	43.0	37.0
256.0	169.0	44.0	37.0
256.0	168.0	43.0	37.0
256.0	167.0	43.0	36.0
256.0	166.0	44.0	35.0
256.0	165.0	44.0	32.0
258.0	164.0	43.0	32.0
258.0	164.0	45.0	31.0
257.0	162.0	48.0	29.0
257.0	154.0	46.0	38.0
259.0	149.0	49.0	43.0
263.0	144.0	45.0	43.0
264.0	144.0	44.0	44.0
264.0	142.0	45.0	46.0
264.0	143.0	45.0	45.0
264.0	143.0	44.0	45.0
264.0	142.0	44.0	47.0
264.0	142.0	43.0	47.0
266.0	142.0	41.0	47.0
265.0	141.0	41.0	45.0
268.0	140.0	37.0	45.0
269.0	140.0	35.0	42.0
271.0	139.0	34.0	40.0
274.0	137.0	33.0	41.0
273.0	135.0	34.0	41.0
272.0	135.0	32.0	40.0
270.0	135.0	33.0	40.0
270.0	135.0	33.0	40.0
269.0	136.0	34.0	39.0
268.0	137.0	34.0	41.0
269.0	139.0	33.0	40.0
268.0	140.0	34.0	41.0
268.0	145.0	32.0	39.0
266.0	146.0	35.0	40.0
266.0	148.0	35.0	40.0
265.0	150.0	35.0	42.0
264.0	152.0	35.0	42.0
263.0	156.0	35.0	42.0
262.0	159.0	36.0	41.0
263.0	162.0	35.0	43.0
262.0	166.0	35.0	42.0
263.0	169.0	35.0	42.0
263.0	171.0	36.0	43.0
265.0	171.0	36.0	45.0
268.0	174.0	34.0	45.0
268.0	175.0	35.0	45.0
267.0	177.0	37.0	46.0
266.0	178.0	37.0	47.0
264.0	180.0	39.0	47.0
264.0	182.0	39.0	47.0
264.0	183.0	40.0	46.0
264.0	184.0	40.0	47.0
265.0	186.0	39.0	46.0
265.0	188.0	39.0	47.0
266.0	188.0	40.0	48.0
266.0	188.0	40.0	47.0
266.0	189.0	42.0	46.0
268.0	189.0	43.0	47.0
267.0	189.0	45.0	48.0
266.0	190.0	46.0	47.0
269.0	193.0	46.0	45.0
271.0	193.0	47.0	46.0
273.0	191.0	46.0	48.0
271.0	193.0	47.0	47.0
272.0	193.0	46.0	46.0
271.0	195.0	45.0	44.0
271.0	193.0	46.0	46.0
272.0	194.0	45.0	46.0
270.0	194.0	47.0	48.0
270.0	194.0	46.0	48.0
271.0	194.0	44.0	48.0
273.0	196.0	40.0	47.0
273.0	197.0	38.0	47.0
273.0	199.0	38.0	47.0
271.0	201.0	39.0	47.0
272.0	203.0	37.0	48.0
272.0	205.0	36.0	47.0
271.0	206.0	36.0	47.0
272.0	207.0	35.0	48.0
272.0	208.0	35.0	48.0
272.0	209.0	34.0	48.0
271.0	210.0	35.0	48.0
271.0	210.0	34.0	49.0
271.0	211.0	34.0	48.0
271.0	212.0	33.0	47.0
270.0	211.0	35.0	49.0
269.0	211.0	35.0	48.0
269.0	211.0	35.0	49.0
269.0	211.0	35.0	49.0
269.0	211.0	34.0	49.0
269.0	212.0	34.0	48.0
271.0	214.0	32.0	46.0
271.0	215.0	33.0	46.0
271.0	216.0	33.0	47.0
271.0	218.0	33.0	47.0
271.0	219.0	33.0	48.0
271.0	222.0	34.0	47.0
271.0	226.0	35.0	45.0
271.0	228.0	37.0	44.0
272.0	232.0	36.0	40.0
274.0	235.0	35.0	37.0
275.0	239.0	34.0	33.0
276.0	241.0	34.0	31.0
277.0	243.0	33.0	29.0
277.0	246.0	33.0	26.0
277.0	248.0	34.0	24.0
277.0	247.0	35.0	25.0
278.0	247.0	37.0	25.0
280.0	251.0	36.0	21.0
280.0	249.0	42.0	23.0
280.0	252.0	41.0	20.0
282.70330810546875	253.8452606201172	40.721458435058594	19.864126205444336
297.43902587890625	247.28231811523438	40.200660705566406	19.61008071899414
305.27557373046875	249.5262908935547	40.25485610961914	19.636518478393555
303.77880859375	251.8783416748047	39.60388946533203	19.318973541259766
303.5113830566406	253.30615234375	39.15434265136719	19.099681854248047
304.0918884277344	254.08456420898438	39.08049774169922	19.063663482666016
302.82708740234375	252.65829467773438	39.973411560058594	19.499231338500977
302.0018615722656	252.21826171875	39.94878387451172	19.48721694946289
299.564453125	240.15475463867188	39.318870544433594	19.179943084716797
297.0992126464844	244.9612579345703	39.071292877197266	19.059171676635742
300.8965759277344	252.19192504882812	38.84031295776367	18.94649887084961
292.98681640625	254.02792358398438	38.73694610595703	18.896076202392578
303.4405212402344	252.95016479492188	38.55215835571289	18.80593490600586
267.0	247.0	37.0	25.0
264.0	243.0	33.0	29.0
258.0	226.0	32.0	45.0
253.0	202.0	32.0	45.0
246.0	176.0	37.0	45.0
243.0	142.0	38.0	47.0
246.0	110.0	35.0	46.0
250.0	82.0	30.0	45.0
248.0	58.0	32.0	45.0
246.0	39.0	38.0	47.0
