126.0	119.0	20.0	19.0
126.36710357666016	119.02287292480469	19.59018898010254	18.61067771911621
125.7542495727539	118.73481750488281	19.71110725402832	18.725549697875977
125.6949462890625	118.71452331542969	19.47427749633789	18.500560760498047
126.51580810546875	119.03279876708984	19.690439224243164	18.705913543701172
126.32108306884766	118.81855773925781	19.690906524658203	18.706357955932617
126.16767883300781	118.42930603027344	19.560497283935547	18.582468032836914
129.0	122.0	18.0	17.0
129.82530212402344	113.4764175415039	18.105972290039062	17.100086212158203
133.4325408935547	115.06010437011719	17.977785110473633	16.979021072387695
139.21041870117188	110.32807922363281	17.835250854492188	16.844406127929688
163.0	107.0	18.0	19.0
165.0	107.0	17.0	18.0
163.0	106.0	18.0	20.0
163.0	106.0	18.0	19.0
163.0	107.0	18.0	19.0
163.0	107.0	18.0	18.0
162.2330322265625	106.72157287597656	18.0367374420166	18.0367374420166
163.0	106.0	18.0	19.0
162.7640838623047	106.2130126953125	18.04653549194336	19.049121856689453
164.0	106.0	18.0	19.0
163.5664520263672	106.27754211425781	18.271303176879883	19.286373138427734
163.2740936279297	106.36456298828125	18.252330780029297	19.266345977783203
163.0	106.0	19.0	20.0
163.08770751953125	106.32606506347656	19.024242401123047	20.025516510009766
162.0	106.0	20.0	20.0
163.0	106.0	19.0	19.0
163.0	107.0	19.0	19.0
163.6331024169922	107.3426742553711	18.771076202392578	18.771076202392578
161.0	109.0	20.0	17.0
160.2186737060547	106.92793273925781	19.95131492614746	16.9586181640625
163.67779541015625	101.41920471191406	20.139678955078125	17.11872673034668
163.2587432861328	100.19560241699219	20.085708618164062	17.072851181030273
159.59169006347656	96.28966522216797	20.31600570678711	17.268604278564453
147.07345581054688	91.34983825683594	20.516250610351562	17.438812255859375
147.01068115234375	83.1346664428711	20.221820831298828	17.188549041748047
149.83677673339844	85.1185531616211	21.145265579223633	17.18155860900879
128.16236877441406	89.32917785644531	21.640933990478516	17.584312438964844
102.0	114.0	20.0	18.0
102.0	114.0	20.0	17.0
101.89651489257812	115.01173400878906	20.045490264892578	17.038665771484375
109.7481689453125	111.66695404052734	20.172603607177734	17.146709442138672
115.17607116699219	99.96731567382812	20.106170654296875	17.090242385864258
113.91741943359375	99.33390808105469	20.318225860595703	17.270488739013672
113.7088623046875	98.71369171142578	20.162342071533203	17.137989044189453
113.99739074707031	98.51942443847656	20.209636688232422	17.178190231323242
151.0	143.0	21.0	21.0
151.0	142.0	21.0	22.0
151.0	142.0	21.0	22.0
152.0	143.0	20.0	21.0
152.0	143.0	20.0	21.0
151.0	143.0	21.0	21.0
149.0	144.0	23.0	21.0
142.92672729492188	148.68173217773438	23.188457489013672	21.172069549560547
141.6793670654297	150.64874267578125	23.590831756591797	21.539453506469727
141.05307006835938	151.7514190673828	23.633535385131836	21.57844352722168
158.0	151.0	16.0	15.0
154.0	144.0	15.0	13.0
164.0	126.0	16.0	15.0
169.45565795898438	127.44568634033203	16.374439239501953	15.567349433898926
145.0	123.0	19.0	18.0
147.0429229736328	126.4803466796875	19.1387996673584	18.13149642944336
153.0	129.0	21.0	18.0
157.07846069335938	130.5618896484375	21.071378707885742	18.061182022094727
162.0	128.0	22.0	20.0
166.0	130.0	20.0	18.0
169.17454528808594	133.38592529296875	19.91027069091797	17.91924476623535
171.664306640625	135.21026611328125	20.063465118408203	18.057119369506836
173.67430114746094	136.22596740722656	19.993066787719727	17.99376106262207
176.79685974121094	137.33787536621094	19.917375564575195	17.92563819885254
178.0	138.0	20.0	17.0
180.0	139.0	21.0	18.0
183.0	139.0	21.0	18.0
185.0	143.0	23.0	21.0
189.0	144.0	21.0	19.0
192.0	144.0	19.0	17.0
194.0	147.0	20.0	18.0
198.0	148.0	20.0	18.0
203.0	150.0	19.0	18.0
207.0	152.0	21.0	18.0
210.4885711669922	144.9289093017578	21.052719116210938	18.04518699645996
210.5638427734375	150.81295776367188	20.811201095581055	17.838172912597656
219.0	154.0	22.0	20.0
224.70639038085938	156.17918395996094	21.659570693969727	19.69051742553711
211.0	177.0	23.0	23.0
211.0	176.0	23.0	24.0
211.0	176.0	24.0	25.0
211.0	176.0	24.0	24.0
211.0	176.0	24.0	24.0
210.0	177.0	25.0	23.0
211.0	177.0	24.0	23.0
210.0	177.0	25.0	24.0
211.1348876953125	178.34906005859375	24.495473861694336	23.515655517578125
211.67874145507812	178.03932189941406	24.30528450012207	23.33307456970215
210.0	177.0	25.0	23.0
211.0	178.0	23.0	22.0
211.0	178.0	23.0	20.0
211.0	177.0	23.0	23.0
212.3235626220703	176.9940185546875	23.179790496826172	23.179790496826172
211.0	177.0	24.0	23.0
211.0	177.0	24.0	23.0
211.0	176.0	25.0	25.0
212.0	176.0	23.0	25.0
209.190673828125	177.07373046875	22.83911895751953	24.825130462646484
210.03421020507812	177.65341186523438	22.953834533691406	24.9498233795166
211.2523651123047	177.80722045898438	23.043188095092773	25.046947479248047
211.9093780517578	177.46298217773438	22.68602180480957	24.658723831176758
211.9049835205078	177.73060607910156	22.442180633544922	24.3936767578125
211.98593139648438	178.0481719970703	22.22454261779785	24.157114028930664
213.9005584716797	177.27249145507812	22.132356643676758	24.05691146850586
211.1005859375	177.8091278076172	22.615402221679688	24.581960678100586
209.6572723388672	178.5026092529297	22.436492919921875	24.387493133544922
209.369140625	178.86740112304688	22.207828521728516	24.138944625854492
209.2294921875	178.1787872314453	22.44015121459961	24.391468048095703
210.4632110595703	178.54641723632812	22.211904525756836	24.143375396728516
231.0	160.0	20.0	17.0
230.6269073486328	159.89016723632812	20.330114364624023	17.280597686767578
230.1077880859375	159.8594970703125	20.272274017333984	17.231433868408203
229.5960693359375	159.59458923339844	20.34758758544922	17.29545021057129
230.3308563232422	159.52548217773438	20.20010757446289	17.170093536376953
273.0	169.0	21.0	19.0
273.2991027832031	171.793701171875	20.781658172607422	18.802453994750977
272.0	170.0	22.0	19.0
273.0	169.0	21.0	19.0
273.0	169.0	21.0	20.0
272.0	170.0	22.0	19.0
272.0	169.0	22.0	20.0
272.18353271484375	171.1230010986328	22.49362564086914	20.448749542236328
272.0	169.0	22.0	19.0
271.0	167.0	24.0	23.0
270.92266845703125	167.07791137695312	24.118755340576172	23.11380958557129
273.0	168.0	21.0	19.0
272.55499267578125	168.18162536621094	20.853883743286133	18.867799758911133
272.0	168.0	23.0	21.0
270.97796630859375	169.26612854003906	23.311832427978516	21.284717559814453
271.07098388671875	170.38815307617188	22.970247268676758	20.972835540771484
273.0	170.0	22.0	20.0
272.0	170.0	22.0	19.0
273.0	170.0	20.0	18.0
272.0	169.0	22.0	20.0
273.0	170.0	21.0	20.0
273.0	168.0	22.0	21.0
272.0	168.0	23.0	21.0
273.0	168.0	22.0	20.0
273.0	169.0	21.0	20.0
271.0	168.0	24.0	21.0
272.0	169.0	23.0	21.0
272.0	169.0	23.0	21.0
272.0	169.0	23.0	22.0
273.0	169.0	20.0	19.0
273.0	169.0	23.0	21.0
273.0	168.0	22.0	19.0
273.0	168.0	21.0	19.0
273.0	168.0	22.0	21.0
273.0	169.0	21.0	19.0
273.0	168.0	22.0	21.0
273.0	169.0	21.0	19.0
273.0	169.0	21.0	19.0
273.0	169.0	23.0	21.0
272.0	170.0	22.0	20.0
272.0	170.0	22.0	20.0
272.0	168.0	24.0	22.0
272.0	169.0	23.0	21.0
272.0	170.0	22.0	20.0
272.0	169.0	23.0	22.0
272.0	169.0	22.0	19.0
272.0	168.0	23.0	21.0
272.0	169.0	22.0	19.0
272.0	170.0	23.0	22.0
272.54925537109375	167.1404571533203	22.924829483032227	21.928096771240234
273.0	167.0	21.0	19.0
272.0	168.0	22.0	21.0
273.0	162.0	24.0	24.0
272.0	168.0	22.0	20.0
273.0	167.0	21.0	19.0
273.0	168.0	21.0	18.0
272.0	168.0	23.0	20.0
272.0	167.0	23.0	22.0
272.0	168.0	23.0	20.0
272.0	169.0	22.0	19.0
272.0	167.0	23.0	21.0
272.0	168.0	22.0	21.0
272.0	167.0	23.0	21.0
271.91143798828125	166.43873596191406	23.31557273864746	21.288131713867188
273.0	166.0	22.0	20.0
271.0	168.0	24.0	22.0
272.0377502441406	166.205322265625	24.03731918334961	22.034208297729492
272.0	169.0	23.0	22.0
272.0	168.0	23.0	20.0
272.0	168.0	23.0	22.0
272.42523193359375	166.40365600585938	22.932891845703125	21.935810089111328
272.0	168.0	22.0	20.0
272.0	168.0	22.0	20.0
272.0	168.0	23.0	21.0
272.0	167.0	23.0	22.0
272.0	167.0	23.0	21.0
272.008056640625	167.13064575195312	22.854257583618164	20.86693000793457
272.0	169.0	22.0	19.0
272.0	168.0	22.0	20.0
273.0	166.0	22.0	20.0
272.0	169.0	22.0	19.0
273.0	168.0	22.0	20.0
272.0	168.0	23.0	20.0
272.0	168.0	23.0	20.0
272.0	168.0	22.0	20.0
272.0	167.0	23.0	21.0
272.0	169.0	22.0	19.0
272.0	168.0	22.0	20.0
273.0	167.0	22.0	19.0
272.0	169.0	22.0	19.0
273.0	166.0	22.0	20.0
272.0	168.0	22.0	20.0
272.0	167.0	23.0	21.0
272.0	168.0	22.0	20.0
272.0	168.0	22.0	20.0
272.0	168.0	22.0	20.0
272.0	168.0	23.0	23.0
272.0	168.0	22.0	20.0
272.0	169.0	22.0	19.0
273.0	166.0	22.0	19.0
272.0964660644531	167.25216674804688	21.813488006591797	18.83892059326172
273.0	166.0	22.0	20.0
272.0	168.0	22.0	20.0
273.0	167.0	21.0	19.0
272.0	168.0	22.0	20.0
272.0	168.0	24.0	22.0
272.0	169.0	22.0	19.0
272.0	168.0	24.0	22.0
272.0	169.0	23.0	20.0
272.0	168.0	23.0	21.0
271.0	168.0	25.0	23.0
271.0	168.0	25.0	24.0
272.0	169.0	23.0	21.0
272.0	168.0	23.0	21.0
272.0	169.0	22.0	21.0
272.0	169.0	23.0	21.0
272.0	169.0	24.0	23.0
272.0	169.0	22.0	20.0
272.0	169.0	23.0	21.0
254.0	163.0	20.0	19.0
272.0	162.0	24.0	24.0
272.81683349609375	165.5134735107422	23.959209442138672	23.959209442138672
272.98101806640625	164.5699462890625	23.85255241394043	23.85255241394043
274.0	166.0	22.0	21.0
275.0	164.0	22.0	22.0
274.0	166.0	22.0	22.0
274.0	170.0	22.0	20.0
275.0	166.0	22.0	21.0
275.0	167.0	21.0	20.0
274.0	168.0	21.0	20.0
275.0	169.0	20.0	18.0
274.0	166.0	22.0	20.0
275.0	168.0	20.0	18.0
275.82293701171875	168.25527954101562	20.13422966003418	18.120805740356445
274.0	167.0	21.0	19.0
274.0	168.0	21.0	20.0
273.0	171.0	23.0	21.0
274.0	168.0	21.0	19.0
274.0	167.0	22.0	20.0
274.0	170.0	22.0	19.0
274.0	170.0	22.0	19.0
274.0	171.0	21.0	18.0
274.0	168.0	21.0	20.0
274.0	171.0	21.0	18.0
274.0	170.0	21.0	18.0
274.0	170.0	21.0	18.0
274.0	170.0	21.0	18.0
274.0	169.0	21.0	20.0
274.0	168.0	21.0	21.0
274.0	169.0	22.0	22.0
274.0	169.0	22.0	21.0
273.0	167.0	23.0	21.0
273.0	168.0	23.0	21.0
272.58270263671875	167.8262939453125	22.657215118408203	20.687023162841797
272.6849670410156	167.59066772460938	22.583505630493164	20.61972427368164
271.9195861816406	166.85040283203125	22.909847259521484	20.917688369750977
272.2615661621094	166.9027862548828	23.23870849609375	21.217952728271484
272.38751220703125	166.18687438964844	23.578325271606445	21.52803611755371
272.66510009765625	166.59463500976562	23.768571853637695	21.701740264892578
272.79400634765625	167.5836639404297	23.623132705688477	21.56894874572754
272.58905029296875	168.16226196289062	23.611164093017578	21.558019638061523
272.2421569824219	169.26206970214844	23.436731338500977	21.398754119873047
272.2120666503906	166.01095581054688	23.965167999267578	21.881244659423828
272.0	171.0	21.0	19.0
277.823486328125	182.5054168701172	20.959760665893555	18.963592529296875
273.39892578125	192.9385223388672	20.849376678466797	18.863723754882812
267.15667724609375	204.5030975341797	20.84125328063965	18.856374740600586
261.99462890625	213.6475067138672	20.994869232177734	18.995361328125
256.2081604003906	214.8024139404297	20.848482131958008	18.862916946411133
250.49880981445312	207.31179809570312	20.976924896240234	18.979124069213867
251.95169067382812	198.386474609375	20.90741539001465	18.91623306274414
243.25894165039062	181.8640594482422	20.906251907348633	18.915180206298828
215.0	176.0	23.0	23.0
215.0	176.0	24.0	23.0
214.0	176.0	25.0	24.0
214.0	176.0	24.0	24.0
215.0	176.0	24.0	24.0
214.0	176.0	24.0	24.0
214.0	176.0	25.0	24.0
214.0	176.0	25.0	24.0
214.0	176.0	25.0	24.0
215.0	176.0	24.0	24.0
214.0	177.0	25.0	23.0
214.0	178.0	25.0	22.0
213.0	176.0	26.0	24.0
212.0487823486328	176.3950958251953	25.954971313476562	23.958433151245117
211.0238494873047	176.982177734375	25.87677001953125	23.886249542236328
210.9245147705078	177.84584045410156	25.856475830078125	23.867517471313477
212.49996948242188	178.05679321289062	25.905792236328125	23.913040161132812
216.0	179.0	24.0	22.0
216.0	176.0	26.0	26.0
216.1744384765625	174.495361328125	26.11422348022461	26.11422348022461
218.0	171.0	22.0	20.0
217.63723754882812	171.98130798339844	21.882556915283203	19.893234252929688
215.6816864013672	171.00140380859375	21.915523529052734	19.92320442199707
200.0	152.0	28.0	20.0
198.00868225097656	152.8153076171875	28.060657501220703	20.043325424194336
195.88546752929688	153.52340698242188	28.137462615966797	20.098186492919922
196.02114868164062	153.6968994140625	28.220117568969727	20.1572265625
197.11599731445312	152.8582000732422	28.548152923583984	20.391538619995117
197.0962677001953	154.877197265625	28.517690658569336	20.369779586791992
196.33761596679688	154.2878875732422	28.811920166015625	20.579944610595703
200.86862182617188	152.88978576660156	28.452280044555664	20.32305908203125
198.59475708007812	154.4990234375	28.516448974609375	20.368894577026367
197.7327880859375	152.95156860351562	29.221698760986328	20.872642517089844
194.30055236816406	153.79678344726562	29.33462142944336	20.95330238342285
196.85311889648438	156.34762573242188	28.97568702697754	20.696918487548828
201.57110595703125	158.61184692382812	28.722492218017578	20.516063690185547
198.08779907226562	157.506103515625	28.69369125366211	20.4954891204834
197.64761352539062	155.04811096191406	29.57329750061035	21.123777389526367
198.80813598632812	155.7263946533203	29.296741485595703	20.92623519897461
190.96163940429688	145.34283447265625	29.61417007446289	21.15296745300293
194.68551635742188	150.3716583251953	29.351619720458984	20.965431213378906
188.68490600585938	142.3168182373047	29.53078842163086	21.09341049194336
183.6306610107422	136.41067504882812	29.48553466796875	21.061086654663086
180.30032348632812	136.35801696777344	29.80716323852539	21.290821075439453
174.406494140625	131.29600524902344	30.103824615478516	21.502721786499023
178.37611389160156	135.31932067871094	29.85386085510254	21.324176788330078
178.00155639648438	135.25059509277344	29.73198890686035	21.237125396728516
185.13150024414062	142.5559539794922	29.019145965576172	20.72795295715332
187.89283752441406	145.35012817382812	28.811153411865234	20.579387664794922
193.2301788330078	148.87879943847656	28.586193084716797	20.418704986572266
198.0958251953125	154.68948364257812	28.637958526611328	20.455678939819336
196.70982360839844	153.78610229492188	28.27617835998535	20.197263717651367
201.0	155.0	23.0	19.0
188.32821655273438	140.57164001464844	23.181724548339844	19.15011978149414
289.0	147.0	25.0	24.0
276.05712890625	163.6568603515625	24.711503982543945	23.723041534423828
273.17047119140625	163.9752655029297	24.67568588256836	23.68865394592285
275.00567626953125	164.44558715820312	24.148128509521484	23.182199478149414
273.5643310546875	165.0399627685547	24.124650955200195	23.15966033935547
272.2583923339844	165.12347412109375	24.0915584564209	23.127893447875977
273.11688232421875	164.62966918945312	23.869598388671875	22.91480827331543
274.20074462890625	165.19813537597656	23.583919525146484	22.64055824279785
276.5226135253906	164.6811981201172	23.573637008666992	22.630687713623047
276.9097595214844	163.8893585205078	23.690378189086914	22.74275779724121
277.06964111328125	163.37149047851562	23.665292739868164	22.718673706054688
276.9327697753906	163.82473754882812	23.716121673583984	22.76746940612793
275.6531982421875	163.8202667236328	24.0574951171875	23.09518814086914
276.9749450683594	164.10519409179688	24.19561767578125	23.227787017822266
277.06524658203125	163.7842254638672	24.07465934753418	23.11166763305664
276.3207092285156	163.7836456298828	24.466602325439453	23.487934112548828
276.7508239746094	163.42221069335938	24.209888458251953	23.24148941040039
276.4156188964844	164.3352813720703	23.83709716796875	22.88361167907715
275.0649108886719	164.51168823242188	24.233081817626953	23.263757705688477
275.8092346191406	164.4565887451172	24.140718460083008	23.17508888244629
275.4833068847656	164.66502380371094	23.684051513671875	22.73668670654297
273.2255859375	164.94451904296875	23.350908279418945	22.416866302490234
274.76263427734375	166.01504516601562	22.755281448364258	21.84506607055664
274.58050537109375	165.9043426513672	23.064342498779297	22.14176368713379
274.25579833984375	165.6600799560547	23.32784080505371	22.39472198486328
275.60028076171875	165.2919921875	22.978471755981445	22.059329986572266
274.28778076171875	165.56935119628906	23.100887298583984	22.176849365234375
272.8827209472656	165.8516387939453	23.14282989501953	22.217113494873047
273.7560119628906	165.96766662597656	23.124446868896484	22.199466705322266
274.627197265625	165.97274780273438	22.973909378051758	22.054948806762695
273.5655212402344	165.61720275878906	23.03023910522461	22.109027862548828
273.1639404296875	165.99526977539062	22.83668327331543	21.923213958740234
273.31640625	166.0249481201172	22.321369171142578	21.428512573242188
273.7102355957031	165.39710998535156	22.6136531829834	21.7091064453125
273.3052978515625	165.5633087158203	22.48568344116211	21.586254119873047
273.1119384765625	165.56155395507812	22.672935485839844	21.76601791381836
273.5989685058594	165.90927124023438	22.45183563232422	21.553762435913086
273.89910888671875	166.12216186523438	22.267778396606445	21.377065658569336
273.1097412109375	165.45462036132812	22.351558685302734	21.457496643066406
273.4249267578125	165.9477996826172	22.370285034179688	21.475473403930664
274.022216796875	165.3372344970703	22.278833389282227	21.387678146362305
274.0015563964844	165.92193603515625	22.21630859375	21.327653884887695
273.8189392089844	165.63340759277344	22.553754806518555	21.65160369873047
273.45343017578125	165.94908142089844	22.991962432861328	22.072280883789062
273.41510009765625	165.24771118164062	23.276004791259766	22.344959259033203
273.04705810546875	165.79592895507812	23.66122055053711	22.714767456054688
272.313720703125	165.53909301757812	23.876178741455078	22.921127319335938
273.012939453125	165.5729217529297	24.041263580322266	23.07961082458496
272.9852600097656	165.99334716796875	24.176830291748047	23.209753036499023
272.4913024902344	165.66685485839844	24.074827194213867	23.111831665039062
272.0	166.0	24.0	22.0
272.7196960449219	165.73574829101562	23.737333297729492	21.75922393798828
272.9104309082031	165.83413696289062	23.6915340423584	21.717241287231445
272.384033203125	165.76193237304688	23.59537696838379	21.62909507751465
272.6232604980469	165.15231323242188	23.437606811523438	21.484474182128906
277.7280578613281	162.703857421875	23.272851943969727	21.333446502685547
178.0	51.0	16.0	16.0
178.0	51.0	16.0	15.0
178.4016571044922	50.5717658996582	16.260311126708984	15.244041442871094
178.70034790039062	50.76280975341797	16.337793350219727	15.316679000854492
179.0	51.0	15.0	14.0
176.45765686035156	51.398128509521484	16.270471572875977	14.348284721374512
235.0	147.0	15.0	16.0
274.0	170.0	19.0	17.0
273.0	169.0	20.0	19.0
274.0303039550781	169.3911895751953	19.97820281982422	18.979290008544922
273.0	165.0	23.0	22.0
272.0	166.0	23.0	22.0
273.0	167.0	22.0	21.0
273.19036865234375	168.4162139892578	22.239788055419922	21.228885650634766
273.0780334472656	167.6363067626953	22.282730102539062	21.26987648010254
272.75128173828125	167.36279296875	22.31589698791504	21.30153465270996
272.7969665527344	168.3462677001953	22.447906494140625	21.42754554748535
273.029296875	168.32823181152344	21.90958595275879	20.913692474365234
273.0	169.0	22.0	20.0
273.4170227050781	169.15237426757812	22.03102684020996	20.02820587158203
273.5299987792969	168.66741943359375	22.19158172607422	20.17416763305664
273.0	169.0	23.0	22.0
274.0	169.0	21.0	19.0
273.0	165.0	24.0	24.0
273.0	170.0	22.0	20.0
273.0	169.0	22.0	21.0
273.0	169.0	23.0	22.0
272.0	167.0	23.0	21.0
273.0	166.0	23.0	22.0
273.0	166.0	23.0	22.0
272.0	170.0	23.0	21.0
273.5694885253906	168.24264526367188	23.14621353149414	21.133499145507812
273.0	170.0	22.0	19.0
272.0332946777344	172.34097290039062	22.081151962280273	19.070087432861328
273.0697937011719	172.10763549804688	21.863574981689453	18.88218116760254
274.0485534667969	178.10096740722656	21.790815353393555	18.81934356689453
283.13299560546875	171.45242309570312	22.071117401123047	19.061426162719727
282.35498046875	173.2001495361328	22.034717559814453	19.02998924255371
280.65191650390625	174.41397094726562	21.826038360595703	18.84976577758789
277.13616943359375	176.18997192382812	21.9361515045166	18.944862365722656
275.67327880859375	176.181396484375	21.838848114013672	18.860828399658203
272.1431579589844	176.43194580078125	21.706724166870117	18.746721267700195
270.5332336425781	175.96043395996094	21.837467193603516	18.859634399414062
274.83795166015625	171.19668579101562	22.28333854675293	19.244709014892578
272.7778625488281	171.5525665283203	22.320812225341797	19.27707290649414
273.81207275390625	168.4245147705078	22.706623077392578	19.610271453857422
272.802734375	165.05990600585938	22.47587776184082	19.410991668701172
283.5163269042969	153.78512573242188	22.561317443847656	19.48478126525879
275.7393493652344	159.46839904785156	22.837196350097656	19.723041534423828
277.2713317871094	173.54342651367188	23.210878372192383	20.045766830444336
278.8975524902344	172.18106079101562	22.749828338623047	19.647586822509766
277.5162658691406	171.7881317138672	23.123821258544922	19.970579147338867
278.0	153.0	19.0	21.0
279.0	169.0	20.0	19.0
282.3197937011719	168.03587341308594	20.0502872467041	19.047771453857422
280.0	162.0	24.0	26.0
279.7751159667969	163.0523681640625	24.467483520507812	26.50644302368164
278.86114501953125	163.7473602294922	24.40584945678711	26.439672470092773
279.0	165.0	23.0	24.0
279.0	164.0	24.0	27.0
279.595703125	163.89492797851562	24.096261978149414	27.108295440673828
279.29888916015625	163.6512908935547	23.927227020263672	26.91813087463379
278.6221008300781	163.72341918945312	23.874155044555664	26.858423233032227
278.3499755859375	163.96556091308594	24.21877670288086	27.24612045288086
277.7991943359375	164.49758911132812	24.221046447753906	27.248676300048828
277.28460693359375	165.15579223632812	24.057518005371094	27.064706802368164
279.0	168.0	22.0	20.0
280.0	167.0	22.0	22.0
279.66204833984375	167.4099884033203	22.002885818481445	22.002885818481445
281.27838134765625	167.2643280029297	21.50034523010254	21.50034523010254
279.98248291015625	166.89471435546875	21.583377838134766	21.583377838134766
279.6988830566406	167.99276733398438	21.84461212158203	21.84461212158203
279.54547119140625	166.59146118164062	22.54720687866211	22.54720687866211
279.86480712890625	166.64389038085938	22.593429565429688	22.593429565429688
279.38037109375	166.11898803710938	22.308683395385742	22.308683395385742
279.64215087890625	166.33535766601562	22.368032455444336	22.368032455444336
279.2570495605469	165.60162353515625	22.305322647094727	22.305322647094727
279.417236328125	166.94903564453125	22.407424926757812	22.407424926757812
279.62939453125	166.67306518554688	22.39986801147461	22.39986801147461
278.94158935546875	165.9154815673828	22.746932983398438	22.746932983398438
279.13885498046875	166.21426391601562	22.941085815429688	22.941085815429688
277.0	169.0	21.0	19.0
280.18182373046875	167.00765991210938	21.204111099243164	19.184673309326172
278.0	168.0	21.0	21.0
278.0	167.0	22.0	22.0
281.0235900878906	166.12973022460938	21.794658660888672	21.794658660888672
280.7508850097656	166.18820190429688	22.07012939453125	22.07012939453125
281.4878845214844	166.61856079101562	21.649629592895508	21.649629592895508
280.6142272949219	166.4222412109375	21.654747009277344	21.654747009277344
280.0	165.0	23.0	25.0
280.0	164.0	23.0	27.0
280.0	172.0	17.0	17.0
280.0	173.0	16.0	15.0
279.0	174.0	16.0	16.0
280.0	174.0	14.0	15.0
280.0	174.0	14.0	14.0
279.54083251953125	171.61422729492188	14.288592338562012	14.288592338562012
279.0	174.0	15.0	14.0
278.0	173.0	16.0	16.0
277.7468566894531	172.66720581054688	15.597030639648438	16.6534366607666
276.0	172.0	19.0	19.0
275.0	169.0	23.0	23.0
274.9011535644531	167.3310089111328	23.2305965423584	23.2305965423584
275.0	173.0	18.0	18.0
275.0	174.0	21.0	22.0
275.0	173.0	18.0	18.0
275.0	174.0	18.0	18.0
275.0	174.0	18.0	17.0
275.0	174.0	18.0	18.0
275.0	174.0	18.0	18.0
275.0	174.0	18.0	17.0
274.0	174.0	19.0	18.0
275.0	174.0	18.0	17.0
275.0	173.0	19.0	17.0
275.0	174.0	18.0	17.0
275.0	173.0	20.0	19.0
274.0	174.0	19.0	19.0
274.0	174.0	21.0	20.0
274.0	173.0	21.0	22.0
273.0	174.0	24.0	27.0
273.0	170.0	25.0	28.0
273.0	171.0	24.0	26.0
276.0	170.0	21.0	21.0
273.0	169.0	25.0	27.0
271.0	168.0	27.0	32.0
272.0	167.0	26.0	30.0
272.0	168.0	27.0	31.0
273.0	168.0	26.0	30.0
273.0	167.0	27.0	32.0
274.0	168.0	24.0	26.0
272.0	167.0	28.0	34.0
272.0	165.0	28.0	34.0
273.0	166.0	26.0	30.0
275.0	168.0	22.0	23.0
276.60394287109375	167.99058532714844	21.987876892089844	22.98732566833496
278.0077209472656	168.23843383789062	21.907400131225586	22.90319061279297
278.76715087890625	169.44989013671875	22.26563262939453	23.277706146240234
276.160888671875	171.85952758789062	22.315359115600586	23.329692840576172
277.04150390625	171.8043975830078	22.04113006591797	23.042999267578125
290.0	147.0	22.0	22.0
289.2619934082031	146.5666046142578	21.99684715270996	21.99684715270996
289.2986145019531	146.45474243164062	22.183368682861328	22.183368682861328
291.0	147.0	22.0	21.0
289.57586669921875	145.2200927734375	22.135072708129883	21.128931045532227
287.92108154296875	149.89358520507812	22.026960372924805	21.025732040405273
283.36737060546875	161.8856201171875	21.70589828491211	20.71926498413086
282.07183837890625	163.30679321289062	21.684284210205078	20.698633193969727
280.59942626953125	165.84010314941406	22.008668899536133	21.00827407836914
279.7423400878906	166.9419708251953	21.80921173095703	20.817882537841797
279.7358703613281	167.91107177734375	22.183292388916016	21.174962997436523
282.15472412109375	166.4678955078125	22.109859466552734	21.104869842529297
284.0347900390625	165.13406372070312	22.293521881103516	21.280181884765625
286.90557861328125	160.92333984375	22.342426300048828	21.326862335205078
289.2415466308594	158.7596435546875	22.02899169921875	21.027671813964844
230.0	156.0	21.0	19.0
234.0	155.0	21.0	20.0
238.0	154.0	19.0	19.0
240.0	154.0	21.0	20.0
242.9950714111328	153.30389404296875	21.37164306640625	20.353944778442383
247.6923828125	154.0108184814453	21.514684677124023	20.490175247192383
250.1756134033203	154.01522827148438	21.569835662841797	20.54269790649414
255.0	154.0	16.0	13.0
257.2188720703125	153.10948181152344	16.04355239868164	13.03538703918457
263.0	153.0	16.0	14.0
266.48822021484375	152.81478881835938	16.056095123291016	14.049084663391113
271.95599365234375	152.20323181152344	16.140220642089844	14.12269401550293
278.07513427734375	152.287353515625	16.221240997314453	14.193585395812988
282.94366455078125	152.20748901367188	16.342884063720703	14.300021171569824
288.0	152.0	16.0	15.0
294.23480224609375	152.153564453125	16.113224029541016	15.106149673461914
299.76470947265625	151.14443969726562	16.213382720947266	15.200048446655273
305.96246337890625	151.11203002929688	16.23384666442871	15.219233512878418
312.1357727050781	150.34024047851562	16.177431106567383	15.166343688964844
317.54315185546875	150.04959106445312	16.435901641845703	15.408658027648926
323.354736328125	149.97622680664062	16.61440658569336	15.576004028320312
328.0	148.0	20.0	20.0
329.0	150.0	19.0	19.0
333.0	151.0	17.0	18.0
336.84234619140625	149.02073669433594	17.261123657226562	18.2764835357666
340.11346435546875	147.93365478515625	16.796310424804688	17.78432846069336
342.3712463378906	148.08599853515625	17.031347274780273	18.033191680908203
346.6788635253906	146.15542602539062	16.85103416442871	17.842273712158203
349.0704650878906	146.07717895507812	16.88859748840332	17.882047653198242
350.0	145.0	19.0	19.0
352.0	145.0	21.0	20.0
355.0	143.0	20.0	20.0
356.0	142.0	21.0	22.0
358.0	141.0	20.0	21.0
360.0	144.0	21.0	21.0
361.0	141.0	22.0	22.0
362.43719482421875	140.05892944335938	22.32614517211914	22.32614517211914
362.18109130859375	140.516357421875	21.69363021850586	21.69363021850586
362.23419189453125	142.22991943359375	22.071502685546875	21.323068618774414
364.0	142.0	16.0	17.0
363.442138671875	140.73721313476562	15.850314140319824	16.840957641601562
363.43206787109375	139.7624969482422	15.875933647155762	16.86817741394043
363.0767517089844	139.88150024414062	16.032867431640625	17.0349178314209
363.0	141.0	19.0	19.0
