259.0	126.0	15.0	41.0
259.0	127.0	16.0	41.0
259.0	126.0	15.0	41.0
258.0	127.0	15.0	40.0
258.0	127.0	15.0	41.0
258.0	127.0	14.0	40.0
258.0	127.0	14.0	40.0
257.0	128.0	15.0	39.0
257.0	127.0	15.0	40.0
257.0	127.0	15.0	40.0
257.0	127.0	15.0	40.0
258.0	127.0	15.0	40.0
259.0	127.0	14.0	40.0
259.0	128.0	15.0	40.0
259.0	128.0	15.0	41.0
260.0	128.0	14.0	41.0
261.0	127.0	15.0	40.0
261.0	127.0	15.0	41.0
261.0	127.0	15.0	41.0
262.0	129.0	14.0	40.0
261.0	128.0	15.0	40.0
262.0	129.0	15.0	40.0
261.0	130.0	15.0	39.0
262.0	130.0	16.0	42.0
263.0	129.0	16.0	42.0
265.0	128.0	15.0	40.0
266.0	127.0	15.0	40.0
266.0	128.0	15.0	40.0
266.0	128.0	15.0	41.0
266.0	128.0	15.0	40.0
266.0	128.0	15.0	41.0
267.0	128.0	15.0	41.0
267.0	129.0	15.0	40.0
267.0	128.0	15.0	40.0
267.0	128.0	16.0	41.0
268.0	129.0	15.0	40.0
268.0	128.0	15.0	40.0
268.0	128.0	15.0	42.0
268.0	130.0	15.0	39.0
267.0	129.0	16.0	41.0
268.0	130.0	15.0	40.0
267.0	129.0	16.0	41.0
268.0	129.0	15.0	41.0
268.0	130.0	15.0	41.0
268.0	130.0	15.0	41.0
268.0	130.0	15.0	41.0
268.0	130.0	16.0	41.0
268.0	130.0	16.0	40.0
269.0	130.0	15.0	40.0
269.0	130.0	15.0	41.0
270.0	131.0	15.0	41.0
270.0	131.0	15.0	41.0
270.0	132.0	15.0	41.0
270.0	131.0	15.0	41.0
270.0	132.0	16.0	41.0
271.0	132.0	15.0	41.0
271.0	131.0	15.0	42.0
271.0	131.0	15.0	42.0
270.0	132.0	16.0	41.0
270.0	131.0	16.0	42.0
270.0	131.0	15.0	42.0
270.0	131.0	15.0	41.0
270.0	131.0	15.0	41.0
269.0	132.0	15.0	42.0
269.0	134.0	15.0	38.0
268.6461486816406	131.55014038085938	15.054910659790039	38.13910675048828
269.9969177246094	132.34719848632812	14.802151679992676	37.49878692626953
270.95220947265625	129.2266387939453	14.713119506835938	37.27323913574219
271.0	124.0	17.0	38.0
270.35577392578125	115.33973693847656	16.715742111206055	37.36459732055664
268.8309631347656	104.7289047241211	16.783336639404297	37.51569366455078
265.72125244140625	92.75457000732422	16.58350372314453	37.069007873535156
263.12078857421875	78.3477783203125	16.307479858398438	36.4520149230957
260.1004943847656	69.69802856445312	16.203325271606445	36.21919631958008
258.3246154785156	56.556114196777344	16.434782028198242	36.736572265625
259.1295166015625	48.69145202636719	16.256202697753906	36.33739471435547
262.66314697265625	39.39441680908203	16.494190216064453	36.86936569213867
264.0	31.0	18.0	39.0
266.48095703125	27.135311126708984	18.193675994873047	39.41963577270508
269.0	17.0	21.0	45.0
272.0	16.0	22.0	44.0
278.0	17.0	19.0	39.0
282.0	9.0	20.0	47.0
286.9737243652344	11.803858757019043	19.669218063354492	46.22266387939453
291.83685302734375	11.322802543640137	19.784448623657227	46.49345397949219
298.0	7.0	18.0	49.0
302.0	7.0	21.0	49.0
305.0	1.0	21.0	55.0
308.0	0.0	22.0	54.0
310.0	0.0	21.0	53.0
312.0	0.0	20.0	52.0
313.0	0.0	21.0	52.0
315.0	5.0	19.0	46.0
315.0	0.0	20.0	51.0
314.0	4.0	20.0	46.0
314.0	4.0	20.0	46.0
314.0	2.0	19.0	48.0
313.0	3.0	18.0	45.0
310.0	3.0	18.0	45.0
306.0	1.0	21.0	44.0
303.0	0.0	20.0	43.0
298.0	0.0	24.0	39.0
296.0	0.0	23.0	36.0
293.0	0.0	24.0	33.0
291.0	0.0	24.0	31.0
291.0	0.0	21.0	27.0
291.0	0.0	21.0	25.0
292.0	0.0	20.0	24.0
292.0	0.0	20.0	22.0
293.0	0.0	20.0	23.0
295.0	0.0	19.0	24.0
296.0	0.0	21.0	26.0
298.0	0.0	20.0	28.0
302.0	0.0	19.0	30.0
304.0	0.0	20.0	35.0
307.0	0.0	19.0	37.0
310.0	0.0	20.0	41.0
314.0	1.0	19.0	43.0
318.0	0.0	19.0	47.0
323.0	3.0	18.0	48.0
327.0	3.0	20.0	48.0
332.0	0.0	20.0	54.0
336.0	6.0	20.0	51.0
340.0	14.0	21.0	48.0
343.0	13.0	21.0	53.0
346.0	21.0	22.0	47.0
349.0	30.0	21.0	42.0
350.8706970214844	31.9265193939209	21.062423706054688	42.124847412109375
352.0	35.0	21.0	47.0
352.5746154785156	39.308067321777344	20.778379440307617	46.50399398803711
353.8111877441406	43.022499084472656	20.999731063842773	46.99939727783203
356.19805908203125	49.65869903564453	20.87040138244629	46.70994186401367
354.0	57.0	26.0	42.0
356.0	65.0	24.0	39.0
356.0	71.0	24.0	37.0
354.0	71.0	25.0	39.0
353.0	70.0	25.0	42.0
353.0	73.0	23.0	39.0
351.0	73.0	22.0	40.0
349.0	75.0	21.0	38.0
345.415283203125	73.39283752441406	21.020456314086914	38.037010192871094
342.0	70.0	20.0	42.0
340.0	59.0	17.0	51.0
335.0	65.0	20.0	43.0
333.0	64.0	19.0	39.0
331.0	62.0	20.0	39.0
330.0	59.0	20.0	39.0
328.0	63.0	20.0	34.0
328.0	63.0	20.0	34.0
328.37017822265625	64.74182891845703	20.052227020263672	34.08878707885742
332.0	58.0	19.0	40.0
334.62384033203125	60.36901092529297	19.100040435791016	40.210609436035156
340.0	63.0	20.0	39.0
345.0	64.0	21.0	40.0
352.0	60.0	18.0	48.0
357.0	70.0	20.0	40.0
360.1355285644531	72.38184356689453	20.14617347717285	40.2923469543457
364.97674560546875	74.61434173583984	20.264856338500977	40.52971267700195
369.0	81.0	23.0	37.0
370.0	81.0	25.0	38.0
373.0	83.0	23.0	37.0
373.0	84.0	24.0	37.0
372.0	83.0	25.0	38.0
372.0	84.0	25.0	37.0
370.0	81.0	25.0	38.0
369.0	80.0	22.0	37.0
366.5394592285156	77.42118072509766	22.02524185180664	37.04245376586914
363.0	74.0	21.0	39.0
357.33367919921875	73.26457214355469	20.869611740112305	38.757850646972656
351.0	70.0	20.0	39.0
345.0	70.0	20.0	37.0
339.0	63.0	19.0	40.0
333.0	59.0	18.0	40.0
326.0	55.0	20.0	39.0
318.3207702636719	50.86081314086914	19.98912811279297	38.97880554199219
312.77227783203125	44.202239990234375	20.325176239013672	39.63410186767578
306.0	34.0	21.0	48.0
300.17156982421875	32.3428840637207	20.821304321289062	47.591556549072266
297.0	34.0	23.0	38.0
292.9975280761719	30.705394744873047	22.960834503173828	37.9352912902832
291.3578796386719	28.539615631103516	23.302536010742188	38.499839782714844
291.0	24.0	23.0	43.0
292.0437927246094	26.31924057006836	23.144556045532227	43.27025604248047
296.0	25.0	23.0	42.0
300.0	30.0	21.0	38.0
306.0	31.0	21.0	40.0
310.0	35.0	22.0	40.0
318.0	27.0	21.0	55.0
326.0	42.0	17.0	42.0
332.0	40.0	19.0	49.0
337.0	50.0	22.0	43.0
342.0	53.0	24.0	43.0
346.89019775390625	57.8665885925293	23.69569969177246	42.454795837402344
351.0	63.0	23.0	40.0
355.0	67.0	23.0	38.0
357.0	70.0	25.0	37.0
359.602294921875	74.31550598144531	25.183570861816406	37.27168655395508
362.0	74.0	25.0	39.0
363.0	76.0	26.0	40.0
365.0	82.0	24.0	35.0
365.0	83.0	25.0	36.0
364.0	84.0	26.0	37.0
364.0	82.0	25.0	38.0
361.0	78.0	25.0	41.0
356.0	79.0	25.0	38.0
350.0	77.0	24.0	37.0
344.0	78.0	21.0	32.0
337.04095458984375	73.85092163085938	20.563413619995117	31.334726333618164
330.0	60.0	19.0	39.0
322.0	54.0	21.0	40.0
315.5624084472656	48.166961669921875	21.041311264038086	40.07868957519531
311.0	37.0	21.0	46.0
306.07086181640625	34.21198272705078	20.86363410949707	45.7012939453125
303.0	31.0	22.0	42.0
298.6151428222656	28.722082138061523	22.183244705200195	42.349830627441406
297.0	25.0	22.0	43.0
298.0	28.0	22.0	39.0
297.7110290527344	29.535388946533203	21.829967498779297	38.698577880859375
301.0	34.0	22.0	39.0
304.1246337890625	39.773216247558594	21.831283569335938	38.7009162902832
309.9882507324219	44.275211334228516	22.12777328491211	39.22651290893555
315.8804016113281	48.911075592041016	22.209333419799805	39.371097564697266
325.0	58.0	19.0	37.0
332.0	64.0	19.0	38.0
340.588623046875	67.9169921875	19.258697509765625	38.51739501953125
349.22967529296875	72.85237884521484	19.01547622680664	38.03095245361328
351.0	76.0	26.0	39.0
358.0	78.0	27.0	39.0
364.0	81.0	25.0	37.0
366.0	83.0	26.0	37.0
368.0	84.0	26.0	37.0
368.0	82.0	25.0	38.0
367.0	83.0	25.0	35.0
364.0	79.0	25.0	38.0
361.0	78.0	25.0	38.0
357.0	78.0	24.0	37.0
351.0	74.0	25.0	38.0
349.0	73.0	21.0	36.0
344.7005310058594	69.87055969238281	20.7127742767334	35.50761413574219
338.0	62.0	23.0	41.0
332.0	60.0	21.0	40.0
326.0	47.0	16.0	48.0
318.8818664550781	41.260284423828125	16.236709594726562	48.71012878417969
310.0	35.0	18.0	48.0
301.0	37.0	22.0	39.0
294.288818359375	32.6654052734375	21.928335189819336	38.87295913696289
289.586669921875	26.076496124267578	21.78277015686035	38.61491012573242
284.56341552734375	21.96702003479004	21.559619903564453	38.21932601928711
281.4629821777344	17.929584503173828	21.263002395629883	37.693504333496094
277.6144104003906	15.493487358093262	21.698062896728516	38.464744567871094
276.0	7.0	23.0	44.0
276.0	7.0	22.0	44.0
275.0	12.0	23.0	39.0
276.0	12.0	23.0	42.0
278.73260498046875	15.101980209350586	22.66242790222168	41.38356399536133
279.0	17.0	24.0	42.0
279.75054931640625	22.963817596435547	23.721771240234375	41.51310348510742
286.0	29.0	21.0	39.0
289.81842041015625	32.850982666015625	21.248302459716797	39.46112823486328
297.0	30.0	19.0	47.0
304.09149169921875	36.87546920776367	18.870098114013672	46.67866516113281
309.0	43.0	20.0	47.0
313.0	54.0	21.0	41.0
318.0	60.0	22.0	40.0
323.7252502441406	66.53450775146484	22.04167938232422	40.07577896118164
327.0	74.0	24.0	36.0
332.0	80.0	23.0	35.0
335.0	82.0	25.0	38.0
338.0	85.0	26.0	39.0
341.0	86.0	25.0	38.0
342.0	86.0	25.0	38.0
338.0	86.0	26.0	38.0
335.0	86.0	25.0	37.0
330.0	84.0	24.0	37.0
323.0	79.0	23.0	37.0
317.0	74.0	21.0	38.0
308.9642639160156	68.80534362792969	20.877737045288086	37.77876663208008
303.0	62.0	18.0	38.0
296.0	56.0	21.0	39.0
293.4925231933594	51.52656936645508	20.686920166015625	38.4185676574707
292.0648193359375	47.4642333984375	20.69625473022461	38.4359016418457
291.05169677734375	44.01615905761719	20.902795791625977	38.81947708129883
290.59600830078125	43.6094970703125	20.8375244140625	38.69825744628906
291.11517333984375	44.25487518310547	21.14820671081543	39.27524185180664
291.9490966796875	42.614994049072266	20.988971710205078	38.979515075683594
292.0	44.0	19.0	39.0
291.0	47.0	20.0	39.0
290.0	51.0	19.0	38.0
287.0	55.0	19.0	37.0
282.0	62.0	19.0	35.0
275.0	66.0	20.0	36.0
271.0	71.0	22.0	35.0
266.0	76.0	21.0	32.0
261.0	76.0	23.0	35.0
259.0	77.0	22.0	36.0
256.0	76.0	23.0	39.0
254.0	78.0	22.0	38.0
250.6461944580078	80.67218017578125	22.024614334106445	38.042518615722656
248.0	79.0	22.0	37.0
243.0	76.0	24.0	39.0
240.0	74.0	24.0	40.0
237.0	74.0	25.0	39.0
234.0	76.0	26.0	38.0
235.0	78.0	24.0	36.0
235.0	78.0	24.0	37.0
232.10055541992188	80.05378723144531	24.002742767333984	37.00422668457031
232.5878448486328	82.3499755859375	23.804885864257812	36.699195861816406
234.0	82.0	24.0	37.0
236.0	85.0	21.0	36.0
241.0	86.0	19.0	39.0
243.0	91.0	19.0	38.0
246.5736541748047	95.9333724975586	18.956470489501953	37.912940979003906
250.5513153076172	100.5157470703125	19.1379337310791	38.2758674621582
255.0	108.0	21.0	34.0
258.0	110.0	21.0	34.0
260.67022705078125	114.2298812866211	21.081119537353516	34.13134002685547
260.0	112.0	21.0	36.0
258.0	112.0	21.0	35.0
256.0	110.0	22.0	34.0
253.0	105.0	20.0	36.0
248.0	100.0	17.0	36.0
240.0	92.0	21.0	38.0
235.32498168945312	87.11235809326172	20.821603775024414	37.677188873291016
230.0	79.0	24.0	41.0
228.0	72.0	24.0	45.0
230.0	72.0	19.0	41.0
227.09310913085938	71.86814880371094	19.039112091064453	41.08439636230469
229.0	74.0	18.0	38.0
228.3840789794922	74.88490295410156	18.085254669189453	38.17998123168945
230.27059936523438	76.51952362060547	18.01711082458496	38.03612518310547
232.1515655517578	79.94169616699219	17.73929786682129	37.44963455200195
235.33773803710938	84.87019348144531	17.581689834594727	37.116905212402344
238.0	85.0	19.0	40.0
241.90869140625	88.20731353759766	19.004480361938477	40.00943374633789
246.0	91.0	18.0	39.0
249.0	90.0	18.0	41.0
249.0	91.0	18.0	40.0
247.0	91.0	18.0	39.0
245.5843505859375	91.88719940185547	17.961246490478516	38.916038513183594
245.0	89.0	17.0	40.0
242.0	83.0	18.0	43.0
239.13516235351562	81.38172912597656	18.131671905517578	43.314552307128906
234.08480834960938	77.94386291503906	18.018756866455078	43.0448112487793
230.3986358642578	75.69451904296875	18.054855346679688	43.13104248046875
226.88717651367188	66.1587905883789	18.08675765991211	43.207252502441406
223.6807403564453	60.607078552246094	17.711437225341797	42.31066131591797
218.34268188476562	63.409324645996094	17.541404724121094	41.90447235107422
214.99545288085938	75.13789367675781	17.323917388916016	41.384925842285156
213.8319091796875	80.84327697753906	17.491392135620117	41.785003662109375
213.57687377929688	78.65266418457031	17.709476470947266	42.30597686767578
213.625732421875	78.46641540527344	17.957538604736328	42.8985710144043
212.9276885986328	78.9170150756836	18.212419509887695	43.50745391845703
214.28390502929688	72.36625671386719	18.499765396118164	44.19388961791992
212.92453002929688	77.3406753540039	18.42087745666504	44.00543975830078
214.0	87.0	15.0	39.0
221.0	47.0	18.0	44.0
219.259765625	49.98041534423828	17.604135513305664	43.03232955932617
218.72525024414062	46.84471893310547	17.87274932861328	43.688941955566406
219.0274658203125	49.436832427978516	17.819913864135742	43.55978775024414
222.0	52.0	19.0	43.0
223.1481170654297	56.58623504638672	18.964534759521484	42.91973876953125
226.35888671875	59.2162971496582	19.497451782226562	44.12581253051758
229.93408203125	62.75850296020508	19.533809661865234	44.208091735839844
235.0	77.0	19.0	36.0
241.0	82.0	20.0	36.0
245.0	86.0	23.0	38.0
250.0	93.0	24.0	38.0
254.0	93.0	26.0	41.0
258.0	97.0	23.0	39.0
259.0	97.0	22.0	40.0
258.339111328125	96.64747619628906	21.84549331665039	39.719078063964844
255.0	90.0	26.0	39.0
251.8765411376953	87.33042907714844	25.875391006469727	38.813087463378906
251.0	82.0	23.0	37.0
245.996826171875	78.69560241699219	22.8818359375	36.80990982055664
243.0	72.0	22.0	35.0
239.0	66.0	22.0	36.0
233.1878204345703	62.2522087097168	21.931594848632812	35.888065338134766
231.0	57.0	18.0	35.0
225.64517211914062	55.49381637573242	17.78398323059082	34.57996368408203
221.30810546875	54.44550704956055	17.96039390563965	34.92298126220703
219.76632690429688	50.70646286010742	18.07855224609375	35.15273666381836
218.5419158935547	50.77539825439453	18.151073455810547	35.29375076293945
219.92953491210938	51.716529846191406	18.460508346557617	35.89543151855469
222.3989715576172	55.11345291137695	18.43378448486328	35.843467712402344
223.0	57.0	21.0	36.0
228.0	58.0	19.0	38.0
231.9429168701172	64.30897521972656	19.340734481811523	38.68146896362305
237.0	70.0	20.0	36.0
242.0	76.0	22.0	34.0
247.0	76.0	24.0	37.0
252.0	77.0	26.0	37.0
256.5413513183594	79.98873138427734	25.603618621826172	36.43592071533203
260.0	78.0	23.0	41.0
262.1023864746094	82.44538879394531	22.248117446899414	39.659690856933594
260.90997314453125	82.38465118408203	22.071401596069336	39.34467315673828
259.4267883300781	83.43519592285156	21.527456283569336	38.37503433227539
253.0	80.0	26.0	39.0
251.0	81.0	24.0	37.0
248.0	78.0	24.0	37.0
245.0	75.0	24.0	37.0
243.0	74.0	22.0	35.0
241.0	71.0	21.0	34.0
237.841796875	66.93299865722656	21.28537368774414	34.4620361328125
235.0	64.0	17.0	33.0
230.0	58.0	19.0	34.0
225.07998657226562	55.603843688964844	19.46975326538086	34.840614318847656
221.04147338867188	51.875282287597656	19.696578979492188	35.24650955200195
219.4923858642578	48.52002716064453	19.35023307800293	34.626731872558594
218.36349487304688	47.033531188964844	19.443395614624023	34.79344177246094
215.6267547607422	48.57668685913086	19.893787384033203	35.59940719604492
217.042236328125	50.461368560791016	19.67913818359375	35.215293884277344
219.2226104736328	53.155601501464844	19.561290740966797	35.0044059753418
223.30215454101562	55.19830322265625	19.777286529541016	35.39092254638672
229.0	59.0	20.0	33.0
235.0	65.0	18.0	33.0
241.0	69.0	20.0	34.0
247.0	73.0	21.0	35.0
250.0	76.0	26.0	36.0
254.0	77.0	26.0	38.0
256.0	78.0	26.0	40.0
259.0	83.0	25.0	38.0
260.0	83.0	24.0	39.0
261.0	86.0	23.0	38.0
260.48516845703125	87.74713134765625	22.775577545166016	37.62921905517578
259.0	86.0	24.0	37.0
257.16033935546875	85.71626281738281	24.3371524810791	37.519775390625
255.0	82.0	24.0	37.0
253.0	81.0	24.0	37.0
250.0	78.0	24.0	36.0
248.0	75.0	23.0	36.0
245.0	72.0	21.0	34.0
239.0	68.0	20.0	35.0
235.0	63.0	19.0	35.0
230.8053436279297	61.004661560058594	18.894142150878906	34.80500030517578
227.9981231689453	57.80732345581055	18.734107971191406	34.510196685791016
225.5758514404297	55.1778678894043	18.91696548461914	34.847042083740234
223.66580200195312	55.452186584472656	18.940946578979492	34.89122009277344
222.472412109375	53.189491271972656	19.064273834228516	35.118404388427734
222.81301879882812	53.8651008605957	19.304012298583984	35.560028076171875
224.13037109375	57.03328323364258	19.35198402404785	35.64839553833008
226.92431640625	59.232017517089844	19.502513885498047	35.925689697265625
230.539306640625	64.23455047607422	19.650794982910156	36.19883346557617
235.0	70.0	20.0	36.0
241.0	78.0	19.0	34.0
248.0	79.0	19.0	40.0
252.22836303710938	83.86505889892578	18.854782104492188	39.694278717041016
257.0	93.0	22.0	35.0
262.0	99.0	23.0	34.0
267.0	104.0	23.0	34.0
271.2613830566406	110.17747497558594	22.88173484802246	33.825172424316406
272.0	106.0	24.0	39.0
274.2731628417969	112.0168685913086	24.323139190673828	39.52509689331055
274.0	113.0	26.0	38.0
274.0	113.0	24.0	39.0
273.0	115.0	24.0	38.0
270.0	115.0	25.0	38.0
266.0	114.0	24.0	38.0
262.0	114.0	23.0	36.0
255.0	112.0	24.0	36.0
250.0	106.0	22.0	38.0
245.0	105.0	20.0	36.0
237.0	100.0	20.0	38.0
233.0	88.0	19.0	46.0
227.55075073242188	88.50128173828125	18.72018814086914	45.32255935668945
223.71945190429688	84.47872161865234	19.036441802978516	46.088233947753906
207.0	83.0	16.0	40.0
207.0	82.0	17.0	41.0
219.11068725585938	81.34410858154297	16.917484283447266	40.800994873046875
219.3734588623047	81.3365707397461	17.146198272705078	41.35260009765625
208.0	82.0	17.0	40.0
207.0	81.0	16.0	40.0
206.0	82.0	16.0	39.0
206.0	83.0	17.0	38.0
207.0	83.0	17.0	38.0
207.0	82.0	16.0	39.0
207.51248168945312	81.50981140136719	16.147111892700195	39.35858154296875
207.3301239013672	82.24939727783203	15.958597183227539	38.899070739746094
207.0	82.0	16.0	41.0
208.0	82.0	15.0	40.0
207.0	82.0	16.0	39.0
207.0	82.0	16.0	40.0
208.0	82.0	15.0	39.0
208.0	80.0	16.0	40.0
208.0	81.0	16.0	39.0
208.0	81.0	16.0	39.0
208.0	82.0	16.0	39.0
208.0	82.0	16.0	40.0
208.0	82.0	15.0	38.0
208.0	82.0	16.0	39.0
208.0	80.0	16.0	41.0
209.0	81.0	15.0	39.0
208.0	81.0	16.0	40.0
208.0	81.0	16.0	41.0
207.47048950195312	80.39884185791016	15.792646408081055	40.46865463256836
208.0	82.0	16.0	40.0
208.0	82.0	16.0	39.0
208.0	82.0	16.0	39.0
208.0	81.0	16.0	40.0
208.0	80.0	16.0	41.0
208.0	81.0	16.0	40.0
207.0	82.0	16.0	39.0
208.0	82.0	16.0	39.0
208.0	82.0	16.0	39.0
208.0	82.0	15.0	38.0
208.0	82.0	16.0	40.0
208.0	83.0	15.0	39.0
207.0	82.0	16.0	40.0
206.0	83.0	17.0	39.0
206.5583953857422	82.74247741699219	17.055538177490234	39.12741470336914
206.63485717773438	83.1387710571289	17.003421783447266	39.007850646972656
208.0	83.0	16.0	38.0
207.36685180664062	82.50748443603516	16.212116241455078	38.50377655029297
208.86709594726562	85.67387390136719	16.53022575378418	39.25928497314453
207.9217071533203	83.0595474243164	16.570016860961914	39.353790283203125
208.8159637451172	83.63902282714844	16.402677536010742	38.95635986328125
211.0	82.0	16.0	41.0
211.0	83.0	17.0	41.0
210.5615692138672	83.1993179321289	16.843826293945312	40.62334442138672
210.0	83.0	17.0	39.0
209.0	84.0	16.0	38.0
209.0	84.0	16.0	37.0
208.0	83.0	16.0	39.0
207.0	83.0	17.0	40.0
207.0	83.0	16.0	40.0
206.11099243164062	82.07470703125	15.898094177246094	39.745235443115234
206.0	82.0	16.0	39.0
206.0	82.0	16.0	39.0
206.0	82.0	16.0	39.0
205.0	82.0	16.0	39.0
205.0	82.0	16.0	39.0
205.0	82.0	16.0	39.0
205.0	82.0	16.0	39.0
205.0	82.0	16.0	39.0
206.0	82.0	16.0	39.0
206.0	81.0	16.0	40.0
205.0	81.0	16.0	39.0
206.0	82.0	16.0	39.0
206.0	82.0	16.0	40.0
206.0	82.0	16.0	39.0
207.0	80.0	15.0	40.0
206.0	79.0	16.0	41.0
205.0	80.0	16.0	39.0
204.87985229492188	79.96458435058594	16.394006729125977	39.96038818359375
205.0	80.0	16.0	39.0
205.0	79.0	16.0	41.0
206.0	81.0	16.0	40.0
205.0	80.0	16.0	39.0
204.0	80.0	16.0	39.0
203.32577514648438	80.23786926269531	16.187973022460938	39.45818328857422
203.0	80.0	16.0	39.0
204.0	80.0	15.0	38.0
204.0	80.0	15.0	37.0
204.0	79.0	16.0	39.0
204.0	80.0	16.0	39.0
204.59706115722656	78.48426818847656	16.274372100830078	39.66877746582031
205.0	79.0	15.0	38.0
204.0	79.0	16.0	39.0
204.0	80.0	16.0	39.0
204.0	81.0	16.0	39.0
204.0	82.0	16.0	39.0
204.0	82.0	16.0	39.0
204.6804962158203	82.162841796875	16.208158493041992	39.507389068603516
204.0	83.0	16.0	39.0
204.0	83.0	16.0	39.0
204.85507202148438	83.1571273803711	15.845257759094238	38.6228141784668
205.0	83.0	16.0	38.0
205.0	82.0	16.0	39.0
204.0	82.0	16.0	38.0
205.0	83.0	16.0	38.0
205.0	83.0	16.0	39.0
205.0	82.0	16.0	39.0
205.0	82.0	17.0	40.0
205.0	83.0	16.0	39.0
206.0	83.0	16.0	40.0
205.0	83.0	16.0	39.0
205.0	83.0	16.0	38.0
205.0	84.0	15.0	38.0
