286.0	149.0	10.0	10.0
286.0	149.0	10.0	10.0
285.0	149.0	11.0	10.0
286.0	150.0	10.0	9.0
286.0	150.0	10.0	9.0
286.0	150.0	10.0	9.0
286.0	150.0	9.0	9.0
286.0	150.0	10.0	10.0
286.0	150.0	10.0	9.0
286.0	150.0	10.0	9.0
288.0	150.0	10.0	9.0
288.0	151.0	10.0	9.0
291.0	151.0	10.0	9.0
290.0	151.0	10.0	10.0
291.0	151.0	10.0	9.0
291.0	151.0	10.0	9.0
291.0	150.0	10.0	9.0
292.0	150.0	10.0	9.0
292.0	150.0	10.0	9.0
292.0	150.0	10.0	9.0
293.0	150.0	10.0	9.0
293.0	150.0	9.0	9.0
293.0	149.0	10.0	9.0
294.0	149.0	10.0	9.0
295.0	149.0	10.0	9.0
295.0	149.0	11.0	9.0
296.0	148.0	11.0	10.0
296.0	148.0	11.0	9.0
297.0	148.0	10.0	9.0
297.0	147.0	10.0	9.0
297.0	147.0	10.0	9.0
298.0	148.0	10.0	10.0
299.0	150.0	10.0	10.0
300.0	152.0	11.0	10.0
301.0	152.0	10.0	10.0
300.0	151.0	10.0	9.0
300.0	149.0	10.0	10.0
300.0	151.0	11.0	9.0
303.0	156.0	10.0	9.0
307.0	162.0	10.0	9.0
310.0	165.0	10.0	10.0
310.0	166.0	10.0	9.0
307.0	163.0	10.0	9.0
306.0	158.0	10.0	10.0
305.0	156.0	11.0	10.0
306.0	157.0	10.0	10.0
308.0	161.0	11.0	9.0
310.0	164.0	11.0	10.0
312.0	166.0	10.0	9.0
310.0	164.0	11.0	11.0
307.0	159.0	12.0	11.0
307.0	156.0	11.0	10.0
308.26824951171875	158.76641845703125	10.867044448852539	10.042011260986328
309.9609069824219	163.46934509277344	10.988576889038086	10.212381362915039
322.0	155.0	13.0	14.0
321.51953125	157.180419921875	13.197016716003418	14.212173461914062
320.02838134765625	155.57015991210938	13.12487506866455	14.134481430053711
318.0	152.0	15.0	15.0
318.6422424316406	153.626953125	14.810453414916992	14.810453414916992
320.93133544921875	159.36148071289062	14.79046630859375	14.79046630859375
321.1295166015625	163.44386291503906	14.728876113891602	14.728876113891602
320.0724182128906	164.57504272460938	14.873509407043457	14.873509407043457
317.18353271484375	162.48121643066406	14.936742782592773	14.936742782592773
315.43719482421875	158.38510131835938	15.21497917175293	15.21497917175293
318.0	169.0	11.0	9.0
319.0	157.0	13.0	14.0
322.0	175.0	10.0	9.0
323.0	178.0	10.0	9.0
321.0	175.0	10.0	9.0
319.0	170.0	11.0	10.0
317.0	163.0	11.0	10.0
315.0	162.0	11.0	9.0
317.0	162.0	10.0	9.0
319.0	168.0	10.0	9.0
318.0	170.0	11.0	9.0
318.0	169.0	11.0	9.0
317.0	163.0	10.0	10.0
313.0	158.0	10.0	9.0
313.0	156.0	11.0	9.0
317.0	157.0	11.0	9.0
318.0	162.0	10.0	9.0
318.0	163.0	10.0	9.0
316.0	162.0	10.0	9.0
313.0	156.0	10.0	9.0
313.0	154.0	10.0	9.0
313.0	156.0	11.0	9.0
316.0	162.0	11.0	10.0
317.0	167.0	10.0	8.0
314.0	168.0	11.0	10.0
313.0	168.0	11.0	9.0
314.5811767578125	164.68472290039062	11.07615852355957	10.0
316.0	169.0	11.0	9.0
319.0	174.0	10.0	9.0
319.0	176.0	11.0	10.0
317.0	176.0	12.0	10.0
316.1214294433594	171.84852600097656	11.965020179748535	10.05278491973877
313.0	169.0	12.0	10.0
314.93408203125	170.484619140625	12.09984016418457	10.101557731628418
317.0	175.0	11.0	10.0
318.3716125488281	177.15261840820312	11.008270263671875	10.050699234008789
315.69500732421875	177.13992309570312	11.160881996154785	10.218369483947754
312.0	173.0	11.0	10.0
312.0	169.0	10.0	9.0
313.0	168.0	11.0	10.0
315.79888916015625	170.47708129882812	11.24498176574707	10.222711563110352
316.0	174.0	10.0	8.0
314.0	170.0	11.0	10.0
314.0	165.0	10.0	9.0
314.0	162.0	11.0	10.0
302.0	171.0	14.0	13.0
292.0	182.0	12.0	10.0
293.0	186.0	11.0	9.0
291.0	184.0	11.0	10.0
287.0	180.0	11.0	9.0
286.0	175.0	11.0	9.0
287.0	174.0	12.0	10.0
291.0	179.0	10.0	9.0
291.0	182.0	10.0	9.0
290.0	182.0	11.0	10.0
288.0	179.0	10.0	9.0
285.0	174.0	10.0	9.0
287.0	173.0	10.0	9.0
290.0	177.0	10.0	9.0
292.0	183.0	11.0	9.0
293.0	184.0	11.0	9.0
293.0	181.0	10.0	9.0
293.0	176.0	10.0	9.0
294.0	174.0	11.0	9.0
297.0	176.0	10.0	9.0
300.0	182.0	10.0	9.0
301.0	184.0	11.0	9.0
301.0	183.0	11.0	10.0
298.0	177.0	11.0	10.0
296.0	172.0	11.0	9.0
295.0	170.0	11.0	9.0
296.0	175.0	10.0	9.0
298.0	179.0	11.0	9.0
298.0	178.0	10.0	10.0
295.0	177.0	10.0	8.0
294.0	175.0	12.0	9.0
294.0	173.0	11.0	9.0
294.0	172.0	11.0	9.0
293.0	173.0	10.0	9.0
292.0	175.0	11.0	8.0
293.0	175.0	10.0	9.0
293.0	175.0	10.0	9.0
293.0	173.0	10.0	9.0
293.0	173.0	10.0	9.0
293.0	173.0	11.0	9.0
294.0	173.0	10.0	9.0
294.0	171.0	10.0	9.0
293.0	169.0	11.0	9.0
293.0	167.0	11.0	10.0
294.0	166.0	10.0	9.0
294.0	165.0	11.0	9.0
295.0	165.0	10.0	9.0
294.0	165.0	11.0	10.0
295.0	165.0	11.0	10.0
296.0	167.0	11.0	10.0
297.0	168.0	11.0	9.0
297.0	168.0	10.0	9.0
295.0	170.0	11.0	9.0
295.0	170.0	11.0	9.0
295.8205261230469	167.92001342773438	11.06617546081543	10.0
295.0	169.0	11.0	10.0
295.0	169.0	11.0	10.0
295.0	169.0	11.0	10.0
295.0	169.0	11.0	10.0
295.0	169.0	11.0	10.0
296.0	168.0	10.0	10.0
295.0	169.0	11.0	10.0
295.0	169.0	11.0	10.0
295.0	169.0	11.0	10.0
295.0	169.0	11.0	10.0
295.0	169.0	11.0	10.0
295.0	169.0	11.0	10.0
295.0	169.0	11.0	10.0
295.0	169.0	11.0	10.0
295.0	169.0	11.0	9.0
295.0	169.0	11.0	10.0
295.0	169.0	11.0	9.0
295.0	169.0	11.0	10.0
295.0	169.0	11.0	10.0
295.7789611816406	167.25550842285156	11.094270706176758	10.206856727600098
295.0	169.0	11.0	9.0
295.0	169.0	11.0	10.0
295.0	169.0	11.0	10.0
296.0	168.0	10.0	10.0
295.0	169.0	11.0	10.0
295.0	169.0	11.0	10.0
295.0	169.0	11.0	9.0
295.0	169.0	11.0	10.0
295.0	169.0	11.0	9.0
295.0	169.0	11.0	9.0
295.0	169.0	11.0	10.0
295.0	169.0	11.0	10.0
295.0	169.0	11.0	10.0
295.0	169.0	11.0	9.0
295.0	169.0	11.0	10.0
295.0	169.0	11.0	10.0
294.0	169.0	12.0	10.0
294.0	169.0	12.0	9.0
294.0	169.0	12.0	9.0
294.0	169.0	12.0	10.0
295.0	169.0	11.0	10.0
295.0	169.0	11.0	10.0
294.0	169.0	12.0	9.0
294.0	169.0	11.0	9.0
294.0	169.0	11.0	10.0
294.0	169.0	11.0	9.0
294.0	169.0	11.0	10.0
294.0	169.0	11.0	9.0
294.0	169.0	11.0	9.0
294.0	169.0	11.0	9.0
294.0	169.0	11.0	9.0
294.0	169.0	11.0	9.0
295.0	169.0	11.0	9.0
298.0	169.0	10.0	9.0
298.0	169.0	10.0	9.0
297.62646484375	168.99966430664062	10.00374698638916	10.0
298.7827453613281	168.9454803466797	10.118703842163086	10.11716079711914
299.0	169.0	11.0	9.0
299.52032470703125	170.81295776367188	11.045458793640137	10.0
299.2545166015625	171.62893676757812	11.281938552856445	10.245660781860352
299.4178161621094	171.80014038085938	11.408714294433594	10.360791206359863
299.4068908691406	170.61468505859375	11.319000244140625	10.279317855834961
316.0	147.0	10.0	9.0
315.33966064453125	146.55673217773438	10.00711441040039	10.0
315.408447265625	146.51321411132812	10.020092010498047	10.017346382141113
315.4010009765625	146.57211303710938	10.116262435913086	10.114585876464844
315.2255554199219	146.31094360351562	10.115208625793457	10.114194869995117
315.5682373046875	146.3623504638672	10.171799659729004	10.170780181884766
315.20526123046875	146.4912109375	10.28191089630127	10.28108024597168
314.73095703125	146.233154296875	10.503807067871094	10.502958297729492
315.8816833496094	146.5927734375	10.560148239135742	10.559294700622559
300.0	170.0	11.0	9.0
301.00958251953125	169.1293487548828	10.8778715133667	10.0
302.0	170.0	10.0	9.0
302.0	170.0	10.0	8.0
301.3191833496094	168.84097290039062	10.044249534606934	10.0
301.0	169.0	11.0	11.0
298.12103271484375	164.73277282714844	10.849230766296387	10.849230766296387
300.98651123046875	169.93630981445312	10.869649887084961	10.869649887084961
302.0	171.0	9.0	9.0
302.0	171.0	10.0	9.0
302.0	170.0	10.0	9.0
302.0	170.0	10.0	9.0
302.0	170.0	10.0	9.0
301.0	170.0	10.0	10.0
301.460205078125	168.1123046875	10.180313110351562	10.180313110351562
301.4123229980469	165.665283203125	10.272161483764648	10.272161483764648
302.3114318847656	164.47036743164062	10.14416790008545	10.14416790008545
302.2049255371094	163.858642578125	10.269739151000977	10.269739151000977
301.72705078125	163.60025024414062	10.115169525146484	10.115169525146484
301.8487243652344	162.8345489501953	10.060845375061035	10.060845375061035
301.0	135.0	10.0	9.0
301.8489074707031	134.64166259765625	10.1587553024292	10.0
302.0	164.0	10.0	9.0
301.0	136.0	10.0	10.0
301.18341064453125	135.0430908203125	10.152708053588867	10.152708053588867
301.0	136.0	10.0	10.0
300.77001953125	136.5595245361328	10.00682258605957	10.00682258605957
300.4491882324219	135.97164916992188	10.034640312194824	10.034640312194824
300.21990966796875	135.89064025878906	10.071673393249512	10.071673393249512
301.0	163.0	11.0	10.0
299.994384765625	163.06874084472656	11.093981742858887	10.166769981384277
300.0	136.0	11.0	10.0
300.0	136.0	10.0	9.0
299.0	136.0	11.0	10.0
299.0	136.0	11.0	10.0
299.0	136.0	11.0	10.0
298.3291931152344	136.27401733398438	11.091106414794922	10.178061485290527
297.78948974609375	136.05303955078125	11.091161727905273	10.231807708740234
298.2793884277344	135.83334350585938	11.205900192260742	10.377382278442383
301.0	163.0	11.0	10.0
300.66717529296875	163.05210876464844	11.066183090209961	10.100000381469727
301.11553955078125	162.7948760986328	10.997209548950195	10.080243110656738
301.2549743652344	162.9214630126953	11.01438045501709	10.097038269042969
301.22845458984375	163.12356567382812	11.246827125549316	10.310125350952148
301.4438781738281	162.72750854492188	11.250813484191895	10.313779830932617
301.1522521972656	162.9691925048828	11.349699020385742	10.404431343078613
301.5172119140625	162.85548400878906	11.342344284057617	10.397689819335938
301.342529296875	162.84608459472656	11.301342010498047	10.360102653503418
300.8570251464844	162.84063720703125	11.384734153747559	10.43655014038086
301.2966003417969	162.65402221679688	11.482622146606445	10.526285171508789
301.4609375	162.75814819335938	11.38476276397705	10.436575889587402
301.54315185546875	162.85543823242188	11.424951553344727	10.473417282104492
300.9902648925781	162.91192626953125	11.46992301940918	10.514643669128418
301.2835388183594	162.65335083007812	11.544289588928223	10.582817077636719
301.358642578125	162.6424102783203	11.566790580749512	10.603445053100586
301.0341796875	162.86990356445312	11.583159446716309	10.618451118469238
298.0	138.0	10.0	10.0
297.59112548828125	137.70521545410156	10.155096054077148	10.155096054077148
297.4667663574219	137.46038818359375	10.202319145202637	10.202319145202637
296.9936828613281	137.08404541015625	10.174070358276367	10.174070358276367
297.3475646972656	136.79782104492188	10.223825454711914	10.223825454711914
298.0	138.0	11.0	10.0
298.0	138.0	11.0	10.0
297.0	139.0	11.0	9.0
297.0	138.0	11.0	10.0
297.0	138.0	12.0	10.0
297.0	138.0	11.0	10.0
298.0	138.0	11.0	10.0
298.0	138.0	11.0	10.0
301.0	163.0	11.0	9.0
301.06671142578125	163.48031616210938	11.014223098754883	10.0
300.9002990722656	162.7273406982422	10.87901496887207	10.033187866210938
300.97076416015625	162.7947998046875	10.789115905761719	10.123431205749512
301.21160888671875	163.12127685546875	10.706287384033203	10.1043062210083
301.23724365234375	162.9601287841797	10.804106712341309	10.197273254394531
300.95947265625	162.79183959960938	10.804327011108398	10.255144119262695
301.2840881347656	163.0814666748047	10.691555976867676	10.152976036071777
300.85614013671875	162.79226684570312	10.654217720031738	10.179069519042969
300.7082824707031	162.9242706298828	10.764851570129395	10.284769058227539
300.1241455078125	163.53622436523438	10.715452194213867	10.237571716308594
300.609375	162.9571075439453	10.63755989074707	10.181661605834961
300.781494140625	162.9190216064453	10.607810020446777	10.161660194396973
301.029052734375	163.0471954345703	10.763264656066895	10.310575485229492
300.6680908203125	162.72610473632812	10.936305046081543	10.476338386535645
300.7665710449219	162.9762725830078	11.009683609008789	10.546630859375
300.5647277832031	162.96261596679688	11.154590606689453	10.685442924499512
300.6502380371094	162.9202423095703	11.197067260742188	10.7261323928833
300.39837646484375	162.90255737304688	11.478853225708008	10.996066093444824
301.0010681152344	162.34609985351562	11.447497367858887	10.966028213500977
300.01666259765625	162.81503295898438	11.436090469360352	10.955100059509277
300.2646179199219	162.39405822753906	11.541685104370117	11.056254386901855
300.21429443359375	162.5391082763672	11.490663528442383	11.007378578186035
300.3747253417969	162.46414184570312	11.66474437713623	11.174138069152832
300.43743896484375	162.45614624023438	11.602214813232422	11.114238739013672
300.0108947753906	162.6088409423828	11.514245986938477	11.029970169067383
300.5269470214844	162.55801391601562	11.560507774353027	11.074285507202148
300.4957580566406	162.30059814453125	11.75896167755127	11.264392852783203
300.1045227050781	163.07371520996094	11.509719848632812	11.025632858276367
297.0	137.0	12.0	11.0
297.7416076660156	136.59339904785156	12.067754745483398	11.062108039855957
297.8343811035156	136.64080810546875	11.965241432189941	10.968137741088867
298.013671875	136.6088409423828	11.932944297790527	10.938531875610352
297.82830810546875	136.8883514404297	11.945636749267578	10.950166702270508
297.45269775390625	136.44656372070312	12.139717102050781	11.128073692321777
297.6783447265625	136.7191162109375	12.26042652130127	11.238723754882812
297.8655700683594	136.97366333007812	12.060369491577148	11.055337905883789
297.5348815917969	136.69992065429688	12.187643051147461	11.172003746032715
298.0	137.0	11.0	11.0
297.0	138.0	12.0	10.0
298.0	137.0	11.0	11.0
298.0	137.0	11.0	11.0
297.93017578125	137.14996337890625	10.944246292114258	10.944246292114258
297.9434814453125	136.7100372314453	11.128694534301758	11.128694534301758
299.0	137.0	11.0	11.0
299.0	137.0	11.0	10.0
299.0	137.0	11.0	11.0
298.20599365234375	137.187744140625	11.237882614135742	11.237882614135742
298.3551025390625	137.59829711914062	11.275156021118164	11.275156021118164
298.0	137.0	12.0	12.0
297.54876708984375	136.57186889648438	12.192485809326172	12.192485809326172
297.4699401855469	136.033447265625	12.094923973083496	12.094923973083496
297.8255920410156	136.42042541503906	11.834060668945312	11.834060668945312
300.0	137.0	10.0	10.0
300.0	137.0	10.0	10.0
300.0	137.0	10.0	10.0
299.0	137.0	11.0	10.0
299.0	137.0	10.0	10.0
299.0	137.0	11.0	10.0
300.0	137.0	10.0	10.0
300.0	137.0	10.0	10.0
299.0	137.0	11.0	10.0
300.0	136.0	10.0	9.0
299.0	137.0	11.0	10.0
297.8393249511719	137.13778686523438	11.066620826721191	10.140070915222168
298.0	136.0	11.0	11.0
299.0	137.0	10.0	9.0
298.0	137.0	11.0	10.0
298.0	137.0	11.0	10.0
299.0	137.0	10.0	10.0
298.76397705078125	136.70840454101562	10.132253646850586	10.132253646850586
298.838623046875	136.3120880126953	10.22221565246582	10.22221565246582
299.0	136.0	11.0	10.0
298.0	136.0	11.0	11.0
299.0	137.0	11.0	9.0
298.35870361328125	137.00955200195312	11.067509651184082	10.0
299.0	137.0	10.0	9.0
299.0	136.0	10.0	10.0
299.0	137.0	10.0	8.0
299.0	136.0	10.0	9.0
298.4879455566406	136.7182159423828	10.083478927612305	10.0
299.0	136.0	10.0	9.0
300.0	136.0	10.0	9.0
298.4767761230469	136.77249145507812	10.064251899719238	10.0
300.0	137.0	9.0	8.0
300.0	137.0	9.0	8.0
300.0	136.0	9.0	9.0
300.0	136.0	10.0	9.0
298.6534729003906	136.78497314453125	10.234792709350586	10.0
298.47039794921875	136.66879272460938	10.361586570739746	10.176828384399414
298.5108642578125	136.2215118408203	10.378870010375977	10.22657299041748
298.59991455078125	136.58523559570312	10.52216911315918	10.367769241333008
298.47991943359375	136.9087677001953	10.636221885681152	10.480148315429688
295.0	167.0	10.0	10.0
295.0	168.0	11.0	10.0
295.0	168.0	10.0	10.0
295.0	168.0	10.0	10.0
295.0	169.0	10.0	9.0
295.0	169.0	10.0	9.0
295.0	169.0	10.0	9.0
295.0	169.0	10.0	9.0
295.0	170.0	9.0	9.0
295.0	170.0	9.0	9.0
295.0	170.0	10.0	9.0
295.0	170.0	9.0	9.0
295.0	170.0	9.0	9.0
294.0	170.0	10.0	9.0
294.0	170.0	10.0	9.0
295.0	170.0	9.0	9.0
294.0	170.0	10.0	9.0
294.0	170.0	10.0	9.0
294.0	170.0	10.0	9.0
294.0	169.0	10.0	10.0
294.0	169.0	10.0	10.0
294.0	169.0	10.0	9.0
294.0	169.0	10.0	9.0
293.0	169.0	10.0	9.0
293.0	169.0	10.0	9.0
294.0	169.0	9.0	9.0
293.0	169.0	10.0	9.0
294.0	169.0	9.0	9.0
294.0	169.0	9.0	9.0
294.0	169.0	9.0	9.0
293.0	168.0	10.0	10.0
294.0	169.0	9.0	9.0
293.0	168.0	10.0	10.0
294.0	169.0	9.0	9.0
294.0	169.0	9.0	9.0
293.0	169.0	10.0	9.0
294.0	169.0	9.0	9.0
294.0	169.0	9.0	9.0
293.0	168.0	10.0	10.0
294.0	168.0	9.0	9.0
293.0	168.0	10.0	10.0
293.0	169.0	10.0	9.0
294.0	169.0	9.0	9.0
294.0	168.0	9.0	10.0
294.0	169.0	9.0	9.0
294.0	168.0	9.0	10.0
294.0	168.0	9.0	10.0
293.0	168.0	10.0	9.0
293.0	168.0	10.0	10.0
293.0	168.0	10.0	9.0
293.0	168.0	10.0	9.0
293.0	168.0	10.0	10.0
293.0	168.0	10.0	9.0
293.0	168.0	10.0	9.0
293.0	168.0	9.0	9.0
292.0395812988281	165.9403076171875	10.0	10.0
298.0	170.0	14.0	13.0
292.0	168.0	9.0	10.0
290.05889892578125	165.2906494140625	10.0	10.198881149291992
291.0	169.0	10.0	8.0
291.0	169.0	9.0	8.0
291.0	169.0	9.0	8.0
291.0	169.0	10.0	8.0
291.0	169.0	9.0	8.0
291.0	169.0	9.0	8.0
290.43072509765625	167.822021484375	10.0	10.0
292.0	169.0	10.0	9.0
291.0	168.0	10.0	9.0
291.0	168.0	9.0	8.0
292.0	168.0	9.0	9.0
289.9110412597656	168.13198852539062	10.0	10.0
291.0	168.0	10.0	9.0
290.0	168.0	10.0	9.0
290.3772277832031	167.11557006835938	10.052061080932617	10.0
289.99725341796875	167.45291137695312	10.218234062194824	10.186029434204102
289.6260070800781	166.62033081054688	10.402141571044922	10.369357109069824
289.77044677734375	167.12057495117188	10.299299240112305	10.266839027404785
289.56488037109375	167.4608154296875	10.28117561340332	10.248773574829102
291.0	168.0	10.0	9.0
290.19183349609375	166.7794952392578	10.142646789550781	10.0
290.18731689453125	166.75131225585938	10.218988418579102	10.147455215454102
291.0	168.0	10.0	9.0
291.0	168.0	10.0	9.0
291.0	168.0	10.0	9.0
291.0	168.0	10.0	9.0
291.0	168.0	10.0	9.0
291.0	168.0	10.0	9.0
291.0	168.0	10.0	9.0
291.0	168.0	10.0	9.0
291.0	168.0	10.0	9.0
291.0	168.0	10.0	9.0
291.0	168.0	10.0	9.0
291.0	168.0	10.0	9.0
291.0	168.0	10.0	9.0
291.0	168.0	10.0	10.0
291.0	168.0	10.0	9.0
291.0	168.0	10.0	9.0
291.0	168.0	10.0	10.0
291.0	168.0	10.0	9.0
291.0	168.0	10.0	9.0
291.0	168.0	10.0	9.0
291.0	168.0	10.0	9.0
291.0	168.0	10.0	9.0
291.0	168.0	10.0	9.0
291.0	168.0	10.0	9.0
291.0	168.0	10.0	9.0
291.0	168.0	10.0	9.0
291.0	168.0	10.0	9.0
291.0	168.0	10.0	9.0
291.0	168.0	10.0	9.0
291.0	168.0	10.0	9.0
291.0	168.0	10.0	9.0
291.0	168.0	10.0	9.0
291.0	168.0	10.0	9.0
291.0	168.0	10.0	9.0
291.0	168.0	10.0	9.0
291.0	167.0	10.0	9.0
291.0	167.0	11.0	10.0
291.0	168.0	10.0	9.0
291.0	168.0	10.0	9.0
291.0	167.0	10.0	10.0
291.0	168.0	10.0	9.0
289.97735595703125	166.78799438476562	10.098756790161133	10.0
290.49969482421875	167.12881469726562	10.11900806427002	10.059168815612793
290.5691833496094	167.32058715820312	10.178932189941406	10.142393112182617
290.2042541503906	166.79151916503906	10.184301376342773	10.162101745605469
291.0	168.0	10.0	9.0
291.0	168.0	10.0	9.0
290.34869384765625	167.40365600585938	10.125247955322266	10.0
291.0	168.0	10.0	9.0
290.70709228515625	167.46261596679688	10.070694923400879	10.0
291.0	168.0	10.0	9.0
290.49456787109375	167.44720458984375	10.149981498718262	10.0
291.0	168.0	10.0	9.0
291.0	168.0	10.0	9.0
291.0	168.0	10.0	9.0
291.0	168.0	10.0	9.0
291.0	168.0	10.0	9.0
291.0	168.0	10.0	9.0
291.0	168.0	10.0	9.0
291.0	168.0	10.0	9.0
292.0	168.0	9.0	9.0
292.0	168.0	9.0	9.0
292.0	168.0	9.0	9.0
292.0	168.0	9.0	9.0
291.0	168.0	10.0	9.0
291.0	168.0	10.0	9.0
291.0	168.0	10.0	9.0
291.0	168.0	10.0	9.0
291.0	168.0	10.0	9.0
291.0	168.0	10.0	9.0
291.0	168.0	10.0	9.0
291.0	168.0	10.0	9.0
