258.0	72.0	23.0	79.0
257.0	70.0	22.0	78.0
256.0	66.0	22.0	80.0
253.0	65.0	23.0	80.0
253.0	66.0	23.0	79.0
256.0	68.0	22.0	79.0
259.0	70.0	22.0	79.0
261.0	72.0	22.0	80.0
263.0	75.0	23.0	80.0
270.0	81.0	22.0	79.0
276.0	84.0	22.0	82.0
279.0	86.0	23.0	80.0
278.0	84.0	23.0	80.0
280.0	77.0	23.0	81.0
283.0	72.0	22.0	80.0
289.0	66.0	24.0	80.0
291.0	64.0	23.0	80.0
296.0	65.0	23.0	81.0
302.0	73.0	22.0	81.0
307.0	83.0	22.0	82.0
310.0	94.0	23.0	81.0
312.0	104.0	23.0	81.0
311.0	113.0	23.0	81.0
304.0	118.0	23.0	81.0
298.0	120.0	22.0	80.0
291.0	118.0	23.0	80.0
285.0	114.0	23.0	80.0
277.0	106.0	23.0	78.0
271.0	97.0	23.0	79.0
269.0	89.0	23.0	80.0
270.0	84.0	22.0	80.0
269.0	78.0	24.0	80.0
267.0	73.0	24.0	79.0
264.0	70.0	27.0	80.0
264.0	71.0	27.0	77.0
263.0	71.0	29.0	79.0
258.0	73.0	35.0	77.0
259.0	75.0	37.0	77.0
259.0	75.0	39.0	78.0
257.0	75.0	32.0	78.0
256.0	74.0	25.0	79.0
255.0	79.0	22.0	72.0
252.0	77.0	21.0	77.0
249.0	77.0	21.0	78.0
244.0	78.0	25.0	79.0
239.0	79.0	28.0	79.0
231.0	81.0	35.0	80.0
230.0	85.0	35.0	78.0
228.0	86.0	36.0	77.0
228.0	86.0	34.0	77.0
228.0	83.0	30.0	80.0
225.0	82.0	29.0	79.0
227.0	81.0	24.0	79.0
224.0	81.0	24.0	80.0
223.0	84.0	23.0	80.0
220.0	83.0	25.0	82.0
215.0	86.0	31.0	78.0
210.0	88.0	37.0	79.0
213.0	91.0	34.0	78.0
213.0	91.0	35.0	78.0
212.0	91.0	34.0	77.0
212.0	89.0	29.0	77.0
215.0	86.0	25.0	80.0
216.0	85.0	23.0	80.0
215.0	83.0	23.0	82.0
215.0	83.0	23.0	79.0
214.0	85.0	24.0	77.0
212.0	86.0	28.0	74.0
216.0	84.0	25.0	76.0
210.0	82.0	32.0	75.0
212.0	79.0	36.0	79.0
214.0	80.0	31.0	76.0
215.0	80.0	31.0	76.0
216.0	79.0	27.0	79.0
217.0	79.0	25.0	80.0
215.0	81.0	24.0	79.0
212.0	79.0	28.0	85.0
211.0	83.0	27.0	82.0
212.0	88.0	27.0	77.0
213.9267578125	88.4401626586914	27.04656410217285	77.13279724121094
208.0	89.0	28.0	76.0
209.9165496826172	87.2375717163086	27.568119049072266	74.82774353027344
205.0	85.0	30.0	77.0
206.0	82.0	30.0	81.0
209.0	82.0	29.0	79.0
209.0	82.0	29.0	79.0
209.0	81.0	30.0	81.0
211.0	79.0	30.0	80.0
211.0	76.0	30.0	83.0
213.0	76.0	30.0	83.0
213.0	76.0	30.0	82.0
214.0	75.0	30.0	82.0
213.0	73.0	29.0	83.0
214.0	72.0	27.0	85.0
213.0	71.0	27.0	85.0
213.0	72.0	27.0	83.0
213.0	73.0	26.0	84.0
210.0	74.0	26.0	83.0
209.0	74.0	25.0	83.0
209.0	74.0	24.0	79.0
209.0	74.0	24.0	77.0
208.0	71.0	24.0	81.0
207.0	73.0	25.0	80.0
206.0	74.0	25.0	80.0
202.0	77.0	28.0	78.0
199.0	79.0	32.0	76.0
198.0	79.0	31.0	75.0
192.0	76.0	35.0	78.0
192.0	75.0	30.0	77.0
190.0	72.0	29.0	78.0
191.0	71.0	26.0	77.0
193.0	69.0	24.0	79.0
195.0	70.0	23.0	80.0
197.0	71.0	23.0	82.0
198.0	72.0	25.0	81.0
197.0	72.0	27.0	79.0
193.0	71.0	31.0	78.0
192.0	73.0	32.0	76.0
192.0	71.0	34.0	78.0
194.0	72.0	33.0	78.0
197.0	74.0	31.0	79.0
201.0	73.0	28.0	82.0
202.0	74.0	27.0	81.0
204.0	77.0	23.0	77.0
205.0	74.0	24.0	82.0
205.0	75.0	23.0	79.0
204.0	73.0	26.0	81.0
204.0	76.0	30.0	77.0
201.0	75.0	42.0	79.0
203.0	77.0	40.0	78.0
203.0	78.0	40.0	80.0
206.0	79.0	37.0	80.0
213.0	77.0	29.0	81.0
214.0	76.0	27.0	84.0
217.0	76.0	23.0	85.0
219.0	77.0	25.0	82.0
221.0	81.0	24.0	78.0
219.20327758789062	80.88212585449219	23.834941864013672	77.46356964111328
220.0	81.0	29.0	81.0
222.0	83.0	26.0	79.0
224.0	84.0	28.0	78.0
220.0	86.0	33.0	75.0
226.0	84.0	28.0	77.0
226.0	77.0	28.0	81.0
228.0	76.0	25.0	81.0
231.0	76.0	22.0	81.0
232.0	77.0	22.0	80.0
234.0	78.0	24.0	79.0
235.0	80.0	25.0	78.0
230.72561645507812	81.66931915283203	25.10738754272461	78.33504486083984
236.0	82.0	30.0	78.0
234.0	81.0	33.0	80.0
237.0	81.0	28.0	79.0
233.0	78.0	34.0	81.0
236.0	75.0	31.0	83.0
238.0	75.0	31.0	82.0
238.0	74.0	32.0	84.0
240.0	76.0	30.0	81.0
242.0	76.0	30.0	83.0
242.0	76.0	30.0	83.0
242.0	76.0	29.0	83.0
242.0	75.0	28.0	84.0
241.0	76.0	28.0	82.0
240.0	76.0	28.0	82.0
239.0	76.0	27.0	82.0
239.0	76.0	27.0	81.0
239.0	76.0	25.0	81.0
240.0	75.0	23.0	80.0
239.0	75.0	23.0	80.0
238.0	73.0	24.0	81.0
239.0	73.0	23.0	81.0
239.0	74.0	24.0	80.0
241.0	74.0	23.0	79.0
242.0	74.0	22.0	80.0
243.0	75.0	23.0	79.0
244.0	75.0	22.0	79.0
244.0	72.0	22.0	81.0
246.0	72.0	23.0	82.0
248.0	74.0	23.0	79.0
251.0	77.0	23.0	79.0
254.0	76.0	22.0	81.0
255.0	77.0	23.0	81.0
255.0	77.0	23.0	81.0
257.0	76.0	21.0	81.0
257.0	76.0	22.0	80.0
258.0	74.0	21.0	81.0
259.0	76.0	22.0	78.0
258.0	77.0	23.0	79.0
259.0	77.0	24.0	79.0
258.0	76.0	25.0	81.0
257.0	78.0	26.0	79.0
258.0	80.0	26.0	78.0
258.0	81.0	26.0	79.0
259.0	83.0	26.0	77.0
259.0	82.0	25.0	78.0
258.0	84.0	25.0	77.0
258.0	82.0	24.0	76.0
254.0	77.0	25.0	79.0
254.0	75.0	24.0	78.0
254.0	74.0	23.0	76.0
255.0	72.0	22.0	77.0
254.0	72.0	21.0	76.0
252.0	72.0	22.0	77.0
249.0	73.0	25.0	77.0
250.0	75.0	24.0	76.0
250.0	76.0	24.0	76.0
248.0	75.0	26.0	79.0
249.0	76.0	23.0	75.0
250.0	78.0	22.0	71.0
250.0	76.0	22.0	75.0
249.0	79.0	22.0	72.0
248.2519073486328	79.31245422363281	22.11013412475586	72.36043548583984
244.4516143798828	79.19610595703125	22.76093101501465	74.49031829833984
240.5398406982422	79.14302062988281	22.868114471435547	74.84111022949219
240.3492889404297	79.32566833496094	22.853296279907227	74.79261779785156
233.0	83.0	23.0	69.0
230.0	83.0	26.0	71.0
231.0	81.0	27.0	71.0
230.0	80.0	27.0	74.0
232.0	78.0	25.0	74.0
232.0	77.0	24.0	75.0
231.0	76.0	23.0	75.0
231.0	74.0	22.0	77.0
229.0	74.0	22.0	73.0
225.0	73.0	24.0	73.0
223.0	75.0	25.0	74.0
220.0	74.0	28.0	75.0
219.0	75.0	28.0	75.0
216.0	74.0	29.0	72.0
215.0	72.0	29.0	76.0
217.0	71.0	26.0	73.0
216.0	71.0	24.0	72.0
214.0	71.0	24.0	73.0
215.0	72.0	23.0	71.0
213.0	72.0	24.0	71.0
211.0	71.0	26.0	71.0
211.0	73.0	26.0	71.0
208.0	74.0	29.0	71.0
209.0	75.0	27.0	69.0
209.0	78.0	27.0	66.0
210.0	76.0	26.0	71.0
209.0	75.0	25.0	70.0
209.0	76.0	24.0	66.0
206.0	74.0	24.0	69.0
208.0	72.0	22.0	71.0
210.0	73.0	20.0	67.0
210.0	74.0	21.0	68.0
210.0	74.0	21.0	67.0
208.0	73.0	23.0	66.0
211.0	72.0	22.0	68.0
209.0	70.0	25.0	71.0
208.0	68.0	25.0	72.0
209.0	67.0	24.0	73.0
209.0	66.0	23.0	68.0
208.0	66.0	23.0	71.0
207.0	66.0	24.0	70.0
207.0	66.0	25.0	71.0
208.0	68.0	24.0	68.0
209.0	71.0	24.0	67.0
208.0	69.0	25.0	73.0
207.0	72.0	25.0	64.0
206.0	74.0	25.0	62.0
206.0	74.0	24.0	63.0
205.0	73.0	24.0	67.0
204.0	70.0	23.0	71.0
202.0	68.0	23.0	72.0
203.0	68.0	22.0	71.0
205.0	69.0	20.0	68.0
203.0	69.0	21.0	67.0
203.0	71.0	21.0	64.0
201.0	68.0	22.0	67.0
201.0	68.0	22.0	69.0
201.0	69.0	22.0	69.0
199.0	68.0	24.0	72.0
199.0	70.0	23.0	66.0
199.0	72.0	21.0	64.0
198.0	74.0	22.0	64.0
198.0	75.0	21.0	63.0
199.0	77.0	20.0	63.0
197.0	77.0	20.0	62.0
198.0	80.0	17.0	58.0
197.0	81.0	18.0	57.0
197.0	80.0	18.0	59.0
196.0	79.0	18.0	59.0
196.0	76.0	18.0	60.0
195.0	74.0	18.0	62.0
196.0	76.0	17.0	58.0
196.0	78.0	16.0	57.0
196.0	84.0	15.0	51.0
197.0	80.0	18.0	58.0
199.0	78.0	17.0	60.0
198.0	77.0	18.0	60.0
197.0	77.0	17.0	58.0
196.0	76.0	17.0	60.0
197.0	79.0	15.0	55.0
197.0	80.0	15.0	54.0
197.0	83.0	14.0	51.0
198.0	82.0	15.0	52.0
197.0	85.0	16.0	50.0
199.0	83.0	15.0	51.0
198.6649169921875	80.75135803222656	15.249860763549805	51.84952926635742
200.0	79.0	15.0	54.0
199.0	83.0	15.0	50.0
200.0	83.0	14.0	49.0
199.0	77.0	15.0	53.0
198.6757354736328	76.75645446777344	15.097284317016602	53.3437385559082
199.65115356445312	77.99119567871094	15.252100944519043	53.8907585144043
200.0692596435547	77.04508972167969	15.286478042602539	54.01222610473633
199.0	76.0	16.0	56.0
200.45303344726562	76.21012878417969	16.0009822845459	56.003440856933594
201.0	79.0	14.0	53.0
201.28854370117188	78.14591979980469	13.921712875366211	52.7036247253418
202.0	82.0	13.0	48.0
202.74911499023438	78.10711669921875	12.992652893066406	47.97287368774414
203.79855346679688	78.31477355957031	12.729623794555664	47.001686096191406
203.70773315429688	78.50404357910156	12.81132984161377	47.303367614746094
205.25326538085938	78.58708190917969	12.817034721374512	47.324432373046875
205.4568328857422	79.63941192626953	12.859048843383789	47.47956085205078
205.2615966796875	79.30086517333984	12.959162712097168	47.849212646484375
206.57223510742188	80.39384460449219	12.934855461120605	47.75946807861328
206.89956665039062	80.75955963134766	12.779279708862305	47.18503952026367
208.13827514648438	81.81953430175781	12.713603019714355	46.942543029785156
207.9689178466797	79.04646301269531	12.816703796386719	47.32322692871094
207.9549560546875	78.31290435791016	12.805254936218262	47.28095245361328
209.42080688476562	77.10072326660156	12.856016159057617	47.46837615966797
211.432861328125	77.16625213623047	13.134325981140137	48.49597930908203
212.0	74.0	14.0	53.0
214.0	74.0	16.0	56.0
218.12051391601562	76.28005981445312	16.040699005126953	56.1424446105957
220.0623016357422	76.14879608154297	16.10624885559082	56.37186813354492
225.2646026611328	76.68484497070312	16.027217864990234	56.095252990722656
229.0	81.0	16.0	51.0
234.77926635742188	75.96991729736328	16.07400131225586	51.23588180541992
237.86776733398438	73.06927490234375	16.213449478149414	51.68037033081055
242.0	72.0	14.0	49.0
244.011474609375	66.49885559082031	14.04869270324707	49.1704216003418
248.22909545898438	60.52942657470703	14.334805488586426	50.171817779541016
253.0	64.0	15.0	48.0
257.36212158203125	58.1669807434082	15.10589599609375	48.3388671875
264.0	66.0	14.0	46.0
267.0	67.0	15.0	48.0
273.4134216308594	66.5904312133789	15.284849166870117	48.91151428222656
281.0	66.0	17.0	60.0
287.4145202636719	71.19122314453125	17.027790069580078	60.09807586669922
291.0	82.0	17.0	56.0
296.0	85.0	16.0	56.0
295.0	92.0	16.0	51.0
292.3457946777344	86.92888641357422	16.19071388244629	51.6078987121582
287.0	83.0	18.0	61.0
282.0	82.0	17.0	62.0
277.0	81.0	16.0	58.0
271.0	78.0	17.0	59.0
267.0	77.0	18.0	61.0
265.0	78.0	18.0	60.0
265.0	79.0	18.0	61.0
266.0	79.0	19.0	63.0
263.0	79.0	20.0	62.0
261.0	81.0	21.0	61.0
260.0	78.0	23.0	64.0
260.0	76.0	23.0	68.0
261.0	78.0	24.0	66.0
261.0	79.0	23.0	67.0
261.0	80.0	24.0	65.0
261.0	80.0	24.0	68.0
260.0	78.0	25.0	70.0
257.0	75.0	25.0	72.0
256.0	75.0	25.0	70.0
256.0	79.0	25.0	70.0
257.0	82.0	24.0	66.0
256.0	83.0	24.0	66.0
254.0	82.0	24.0	68.0
251.0	81.0	24.0	69.0
249.0	81.0	23.0	68.0
247.0	80.0	22.0	67.0
245.0	76.0	22.0	71.0
244.0	76.0	22.0	70.0
242.0	77.0	23.0	72.0
244.0	81.0	22.0	67.0
243.0	81.0	24.0	70.0
246.0	81.0	22.0	66.0
242.0	80.0	23.0	65.0
245.0	79.0	22.0	67.0
243.0	77.0	23.0	67.0
244.0	77.0	22.0	68.0
244.0	78.0	23.0	66.0
247.0	78.0	22.0	68.0
250.0	77.0	23.0	70.0
251.0	78.0	23.0	69.0
252.0	77.0	24.0	69.0
254.0	78.0	23.0	69.0
255.0	77.0	24.0	69.0
255.0	77.0	25.0	68.0
257.0	78.0	24.0	67.0
257.0	77.0	25.0	72.0
260.0	81.0	26.0	66.0
261.0	81.0	25.0	66.0
261.0	78.0	27.0	69.0
262.0	80.0	27.0	68.0
265.0	80.0	25.0	70.0
268.0	82.0	22.0	68.0
270.0	82.0	22.0	69.0
272.0	79.0	20.0	72.0
272.0	79.0	22.0	72.0
273.0	80.0	21.0	71.0
274.0	80.0	22.0	70.0
273.0	80.0	25.0	71.0
277.0	82.0	28.0	69.0
283.0	80.0	26.0	71.0
285.0	80.0	27.0	69.0
291.0	79.0	25.0	71.0
297.0	79.0	24.0	74.0
306.0	81.0	23.0	73.0
312.0	85.0	23.0	69.0
320.0	86.0	23.0	73.0
325.0	89.0	23.0	71.0
331.0	90.0	23.0	69.0
333.0	91.0	25.0	68.0
332.7911682128906	87.14398193359375	24.581912994384766	66.86279296875
335.40374755859375	86.21682739257812	24.607349395751953	66.93197631835938
337.0	85.0	27.0	72.0
340.0	83.0	27.0	72.0
343.0	82.0	26.0	70.0
348.0	83.0	25.0	71.0
353.0	83.0	23.0	71.0
358.0	83.0	21.0	73.0
359.0	84.0	21.0	75.0
360.0	86.0	19.0	74.0
360.0	89.0	18.0	72.0
359.0	94.0	19.0	68.0
363.3714294433594	92.72726440429688	19.060791015625	68.21757507324219
368.21221923828125	93.93689727783203	18.998855590820312	67.99591064453125
368.2821960449219	92.2729263305664	19.081958770751953	68.29334259033203
365.0	91.0	22.0	71.0
365.0	89.0	22.0	73.0
363.0	84.0	24.0	79.0
362.0	85.0	24.0	77.0
361.0	86.0	25.0	74.0
359.0	85.0	26.0	78.0
360.0	86.0	26.0	76.0
358.0	89.0	27.0	75.0
353.15863037109375	90.80012512207031	26.814762115478516	74.4854507446289
349.66156005859375	93.51448822021484	26.552997589111328	73.7583236694336
349.0	97.0	27.0	73.0
349.0	99.0	27.0	75.0
347.0	101.0	27.0	78.0
346.0	105.0	26.0	77.0
346.0	109.0	25.0	78.0
345.0	112.0	24.0	80.0
340.0	112.0	26.0	82.0
336.0	114.0	25.0	79.0
333.0	113.0	25.0	80.0
332.0	115.0	25.0	78.0
330.0	116.0	27.0	78.0
330.0	116.0	28.0	79.0
329.0	119.0	29.0	78.0
328.0	118.0	30.0	78.0
328.0	114.0	29.0	81.0
328.0	115.0	29.0	78.0
328.0	115.0	28.0	76.0
330.0	115.0	26.0	77.0
331.0	115.0	25.0	77.0
332.0	115.0	25.0	78.0
332.0	114.0	24.0	79.0
332.0	113.0	24.0	80.0
331.0	112.0	23.0	80.0
331.0	114.0	23.0	78.0
332.0	113.0	23.0	79.0
334.0	114.0	23.0	79.0
335.0	114.0	24.0	78.0
338.0	115.0	23.0	77.0
339.0	114.0	24.0	78.0
343.0	114.0	23.0	77.0
345.0	115.0	22.0	78.0
346.0	114.0	22.0	79.0
349.0	115.0	22.0	76.0
349.0	115.0	24.0	77.0
349.0	114.0	24.0	77.0
348.0	114.0	25.0	78.0
345.0	113.0	27.0	78.0
344.0	113.0	28.0	77.0
342.0	113.0	30.0	76.0
342.0	113.0	31.0	77.0
342.0	113.0	32.0	77.0
342.0	111.0	34.0	78.0
342.0	110.0	33.0	78.0
342.0	109.0	33.0	79.0
342.0	108.0	30.0	79.0
343.0	107.0	24.0	79.0
341.0	108.0	22.0	78.0
339.0	108.0	22.0	77.0
335.0	104.0	24.0	81.0
333.0	105.0	25.0	79.0
330.0	105.0	26.0	79.0
330.0	107.0	26.0	77.0
323.0	108.0	31.0	76.0
320.0	108.0	32.0	74.0
314.0	102.0	33.0	79.0
313.0	102.0	33.0	79.0
310.0	101.0	32.0	78.0
313.0	100.0	22.0	79.0
307.0	99.0	23.0	81.0
305.0	99.0	23.0	81.0
298.0	100.0	26.0	79.0
293.0	102.0	29.0	75.0
290.0	101.0	30.0	77.0
281.0	101.0	38.0	77.0
279.0	102.0	37.0	76.0
279.0	101.0	34.0	75.0
277.0	102.0	35.0	75.0
278.0	99.0	26.0	79.0
277.0	98.0	23.0	80.0
274.0	97.0	22.0	80.0
270.0	97.0	23.0	79.0
266.0	96.0	27.0	81.0
262.0	99.0	30.0	77.0
257.0	97.0	32.0	80.0
256.0	99.0	32.0	77.0
254.0	98.0	33.0	77.0
250.0	97.0	36.0	79.0
248.0	95.0	32.0	80.0
248.0	96.0	26.0	78.0
245.0	94.0	25.0	82.0
243.0	95.0	24.0	81.0
241.0	96.0	24.0	80.0
239.0	96.0	25.0	81.0
233.0	97.0	29.0	79.0
226.0	97.0	35.0	78.0
225.0	97.0	33.0	78.0
222.0	99.0	33.0	74.0
219.0	97.0	33.0	74.0
217.0	96.0	31.0	76.0
217.0	97.0	29.0	75.0
216.0	94.0	24.0	78.0
214.0	95.0	23.0	76.0
209.0	92.0	24.0	81.0
205.0	92.0	26.0	79.0
201.0	91.0	27.0	81.0
196.0	93.0	30.0	80.0
195.0	93.0	29.0	78.0
189.0	95.0	35.0	75.0
187.0	95.0	33.0	75.0
188.0	92.0	28.0	78.0
186.0	94.0	27.0	74.0
186.0	93.0	25.0	78.0
185.0	95.0	23.0	75.0
183.0	93.0	25.0	78.0
182.0	92.0	24.0	80.0
181.0	91.0	25.0	80.0
181.0	96.0	23.0	73.0
180.0	91.0	25.0	79.0
179.0	90.0	26.0	80.0
178.0	90.0	26.0	81.0
177.0	88.0	26.0	84.0
177.0	89.0	26.0	81.0
174.0	88.0	29.0	84.0
174.0	91.0	28.0	81.0
173.0	89.0	30.0	83.0
171.0	90.0	30.0	84.0
171.0	90.0	29.0	82.0
170.0	90.0	29.0	80.0
170.0	88.0	29.0	81.0
172.0	88.0	28.0	81.0
172.0	88.0	28.0	82.0
172.0	86.0	28.0	86.0
175.0	90.0	25.0	78.0
176.0	89.0	26.0	78.0
176.0	89.0	25.0	80.0
177.0	91.0	25.0	77.0
179.0	88.0	25.0	83.0
180.0	88.0	26.0	86.0
180.0	90.0	24.0	79.0
181.0	92.0	24.0	78.0
183.0	94.0	24.0	74.0
182.0	95.0	25.0	74.0
180.0	94.0	27.0	75.0
180.0	94.0	30.0	75.0
181.0	97.0	29.0	70.0
185.0	95.0	28.0	73.0
189.0	93.0	24.0	77.0
189.0	92.0	27.0	77.0
194.0	93.0	25.0	77.0
197.0	89.0	25.0	82.0
198.0	90.0	25.0	80.0
201.0	90.0	24.0	81.0
202.0	88.0	26.0	83.0
203.0	91.0	26.0	78.0
203.0	92.0	30.0	76.0
205.6443634033203	93.92399597167969	29.469091415405273	74.655029296875
209.03079223632812	95.96886444091797	29.781063079833984	75.44535064697266
214.0	95.0	31.0	77.0
214.0	94.0	33.0	78.0
218.0	91.0	31.0	80.0
222.0	91.0	26.0	80.0
227.0	92.0	23.0	80.0
230.0	91.0	24.0	82.0
233.0	91.0	24.0	81.0
234.0	91.0	26.0	80.0
236.55581665039062	91.65882873535156	25.694177627563477	79.05900573730469
238.0	95.0	32.0	75.0
239.0	94.0	35.0	77.0
245.0	95.0	27.0	80.0
245.0	95.0	33.0	78.0
252.0	94.0	27.0	80.0
254.0	93.0	27.0	81.0
259.0	94.0	23.0	80.0
262.0	94.0	24.0	81.0
266.0	94.0	26.0	82.0
267.0	97.0	27.0	78.0
266.141845703125	96.67146301269531	26.879104614257812	77.65074157714844
265.71612548828125	99.33816528320312	27.01589584350586	78.04591369628906
268.0	100.0	32.0	75.0
272.0	101.0	31.0	74.0
273.0	98.0	31.0	74.0
276.0	91.0	28.0	76.0
280.0	88.0	25.0	73.0
286.0	83.0	24.0	76.0
296.0	81.0	23.0	81.0
302.0	81.0	23.0	79.0
307.0	81.0	25.0	80.0
310.0	81.0	30.0	80.0
315.0	82.0	34.0	79.0
317.0	88.0	36.0	74.0
319.0	86.0	36.0	76.0
323.0	85.0	32.0	77.0
331.0	82.0	28.0	78.0
335.0	81.0	26.0	79.0
341.0	79.0	25.0	80.0
343.0	76.0	24.0	79.0
345.0	76.0	23.0	78.0
348.0	76.0	23.0	78.0
349.0	74.0	24.0	78.0
351.0	73.0	24.0	79.0
350.0	74.0	25.0	78.0
350.0	74.0	24.0	78.0
350.0	75.0	25.0	78.0
350.0	74.0	24.0	80.0
348.0	73.0	25.0	79.0
346.0	71.0	26.0	81.0
345.0	69.0	26.0	83.0
344.0	69.0	25.0	80.0
344.0	68.0	24.0	81.0
344.0	68.0	25.0	81.0
344.0	69.0	26.0	80.0
344.0	69.0	27.0	81.0
345.0	69.0	27.0	81.0
345.0	66.0	27.0	81.0
345.0	64.0	28.0	82.0
344.0	61.0	30.0	83.0
345.0	60.0	30.0	82.0
346.0	61.0	30.0	82.0
348.0	63.0	29.0	83.0
350.0	66.0	28.0	82.0
351.0	67.0	28.0	82.0
352.0	69.0	27.0	80.0
352.0	68.0	26.0	81.0
351.0	68.0	27.0	81.0
351.0	69.0	27.0	80.0
351.0	69.0	26.0	80.0
348.0	70.0	28.0	79.0
346.0	70.0	30.0	78.0
345.0	69.0	30.0	79.0
344.0	69.0	30.0	79.0
345.0	70.0	29.0	78.0
344.0	71.0	30.0	78.0
344.0	72.0	29.0	76.0
343.0	72.0	28.0	77.0
343.0	71.0	26.0	78.0
341.0	71.0	25.0	79.0
339.0	70.0	25.0	79.0
336.0	70.0	26.0	78.0
335.0	71.0	25.0	76.0
332.0	71.0	26.0	75.0
328.0	70.0	28.0	77.0
326.0	71.0	27.0	75.0
324.0	71.0	28.0	77.0
323.0	72.0	27.0	75.0
322.0	73.0	26.0	75.0
321.0	73.0	25.0	75.0
319.0	71.0	23.0	76.0
318.0	71.0	22.0	78.0
316.0	74.0	20.0	74.0
316.0	76.0	18.0	72.0
316.87738037109375	75.32784271240234	17.94120979309082	71.76483917236328
316.4583740234375	77.84379577636719	17.785449981689453	71.14179992675781
312.38165283203125	79.56736755371094	17.92429542541504	71.69718170166016
304.97247314453125	76.60631561279297	17.83443832397461	71.33775329589844
298.0	77.0	23.0	71.0
298.0	79.0	22.0	69.0
299.0	77.0	24.0	72.0
298.0	76.0	23.0	75.0
298.0	77.0	23.0	75.0
297.0	77.0	24.0	75.0
295.0	76.0	25.0	75.0
295.0	75.0	25.0	76.0
293.0	75.0	25.0	74.0
289.0	76.0	28.0	73.0
286.0	78.0	29.0	73.0
284.0	78.0	31.0	72.0
281.0	78.0	32.0	72.0
281.0	78.0	29.0	72.0
282.0	79.0	24.0	68.0
281.0	77.0	23.0	72.0
279.0	77.0	23.0	74.0
279.0	76.0	22.0	73.0
276.0	76.0	23.0	72.0
272.0	76.0	24.0	71.0
268.0	76.0	27.0	71.0
267.0	75.0	25.0	73.0
263.0	75.0	29.0	74.0
262.0	75.0	28.0	73.0
262.0	76.0	26.0	71.0
260.0	75.0	26.0	72.0
260.0	75.0	22.0	70.0
257.0	74.0	24.0	70.0
255.0	75.0	24.0	68.0
254.0	73.0	25.0	72.0
251.0	75.0	26.0	70.0
250.0	75.0	27.0	70.0
249.0	77.0	26.0	67.0
247.0	76.0	27.0	70.0
245.0	76.0	25.0	68.0
244.0	75.0	24.0	70.0
243.0	77.0	23.0	67.0
242.0	75.0	22.0	69.0
240.0	76.0	22.0	65.0
239.0	73.0	22.0	68.0
238.0	73.0	22.0	67.0
237.0	72.0	21.0	68.0
236.0	69.0	22.0	73.0
235.0	70.0	22.0	73.0
233.0	71.0	21.0	71.0
231.0	69.0	22.0	74.0
231.0	71.0	20.0	72.0
229.0	71.0	20.0	71.0
225.0	71.0	23.0	68.0
224.0	71.0	24.0	70.0
222.0	73.0	23.0	65.0
221.0	73.0	23.0	62.0
219.0	72.0	24.0	64.0
218.0	71.0	24.0	65.0
217.0	72.0	24.0	63.0
216.0	70.0	24.0	70.0
215.0	70.0	24.0	67.0
214.0	72.0	23.0	64.0
214.0	72.0	22.0	64.0
211.0	70.0	23.0	65.0
213.0	71.0	21.0	64.0
213.0	71.0	20.0	64.0
211.0	67.0	22.0	68.0
211.0	68.0	22.0	67.0
211.0	65.0	22.0	69.0
211.0	68.0	21.0	65.0
210.0	67.0	20.0	67.0
209.0	65.0	20.0	69.0
209.0	69.0	19.0	65.0
207.0	70.0	19.0	64.0
206.0	69.0	20.0	67.0
207.0	70.0	18.0	62.0
206.0	70.0	19.0	64.0
207.0	72.0	18.0	60.0
205.0	70.0	18.0	60.0
207.0	71.0	16.0	60.0
207.0	75.0	17.0	56.0
206.0	68.0	18.0	66.0
205.0	74.0	18.0	56.0
205.0	69.0	18.0	62.0
206.0	76.0	15.0	52.0
205.0	76.0	19.0	56.0
207.0	79.0	16.0	51.0
207.0	80.0	16.0	49.0
204.0	78.0	19.0	53.0
207.0	83.0	16.0	48.0
207.0	83.0	16.0	47.0
206.3061065673828	79.20602416992188	15.918310165405273	46.760032653808594
206.111083984375	78.92532348632812	16.11861228942871	47.348419189453125
205.3755645751953	77.65766143798828	16.13034439086914	47.38288497924805
207.0	81.0	15.0	47.0
205.36587524414062	77.88153839111328	15.08874225616455	47.27805709838867
206.16275024414062	74.89993286132812	14.721216201782227	46.12647247314453
206.343994140625	77.33060455322266	14.81788444519043	46.42937088012695
207.89755249023438	75.6567611694336	15.209939956665039	47.65781021118164
209.3865203857422	76.14073181152344	15.239748001098633	47.75121307373047
210.0	77.0	16.0	49.0
212.0	73.0	14.0	53.0
213.0	69.0	14.0	52.0
214.05078125	65.03195190429688	13.918760299682617	51.6982536315918
224.7911376953125	59.328651428222656	13.973278999328613	51.90074920654297
228.60537719726562	60.73809814453125	13.818967819213867	51.32759475708008
229.6041259765625	60.5509147644043	14.0443696975708	52.1648063659668
224.566650390625	54.89276123046875	14.260601997375488	52.96794891357422
225.0	59.0	15.0	52.0
222.27511596679688	63.78581619262695	15.157139778137207	52.54475021362305
219.94775390625	61.491432189941406	15.181620597839355	52.62961959838867
219.6952667236328	62.984031677246094	14.928863525390625	51.753395080566406
216.7858123779297	62.558372497558594	15.157793998718262	52.547019958496094
215.6736297607422	61.690025329589844	15.084256172180176	52.292091369628906
211.0	65.0	16.0	49.0
212.0	62.0	17.0	53.0
212.0	61.0	15.0	54.0
210.0	54.0	17.0	61.0
211.0	57.0	18.0	58.0
208.0	53.0	23.0	64.0
211.0	53.0	21.0	64.0
210.0	52.0	22.0	64.0
208.0	51.0	23.0	69.0
207.0	51.0	24.0	65.0
207.0	50.0	23.0	69.0
207.0	51.0	24.0	66.0
207.0	51.0	24.0	65.0
206.0	52.0	24.0	65.0
206.0	52.0	24.0	68.0
207.0	56.0	24.0	64.0
208.0	55.0	23.0	64.0
209.0	54.0	24.0	66.0
211.0	55.0	23.0	65.0
214.0	55.0	21.0	65.0
216.0	54.0	21.0	67.0
