243.0	189.0	147.0	19.0
241.0	188.0	149.0	18.0
239.0	185.0	154.0	20.0
242.0	184.0	147.0	19.0
242.0	184.0	147.0	19.0
242.0	185.0	149.0	19.0
236.0	185.0	154.0	20.0
240.0	186.0	149.0	19.0
237.0	185.0	160.0	20.0
242.0	186.0	146.0	19.0
241.0	187.0	145.0	18.0
242.0	186.0	149.0	19.0
245.0	188.0	144.0	18.0
245.0	188.0	147.0	20.0
243.0	190.0	147.0	18.0
246.0	190.0	142.0	18.0
245.0	190.0	145.0	19.0
245.0	191.0	147.0	19.0
249.0	192.0	153.0	19.0
246.0	191.0	144.0	19.0
247.0	191.0	142.0	19.0
245.0	189.0	142.0	19.0
251.0	188.0	148.0	18.0
251.0	186.0	148.0	18.0
236.0	179.0	164.0	22.0
243.0	175.0	147.0	19.0
237.0	166.0	139.0	20.0
236.0906219482422	156.6443328857422	137.59828186035156	19.79831314086914
230.0	148.0	150.0	21.0
221.0	138.0	163.0	23.0
211.2904815673828	129.19483947753906	163.99774169921875	23.14078712463379
202.48355102539062	120.51104736328125	161.63986206054688	22.808080673217773
206.01608276367188	118.61639404296875	160.85194396972656	22.6968994140625
206.3115997314453	116.88841247558594	160.35220336914062	22.626384735107422
201.12985229492188	115.67069244384766	160.31361389160156	22.620939254760742
195.04489135742188	113.99128723144531	159.1228485107422	22.452917098999023
195.1672821044922	117.8255844116211	162.6401824951172	22.949230194091797
193.34298706054688	121.42314147949219	161.990234375	22.85751724243164
211.112548828125	126.74772644042969	164.27835083007812	23.180377960205078
193.40420532226562	133.66500854492188	164.90380859375	23.268632888793945
201.43820190429688	137.10171508789062	166.86070251464844	23.544757843017578
232.37484741210938	146.56631469726562	167.2390594482422	23.598148345947266
220.0	152.0	142.0	23.0
220.0	160.0	160.0	21.0
226.2763671875	164.34982299804688	160.05079650878906	21.006664276123047
227.52975463867188	171.42312622070312	159.08966064453125	20.88051414489746
231.0	176.0	142.0	19.0
231.0	178.0	147.0	23.0
229.0	181.0	149.0	21.0
229.0	184.0	146.0	21.0
223.0	186.0	154.0	21.0
221.0	186.0	159.0	22.0
223.0	186.0	153.0	21.0
221.0	188.0	140.0	20.0
222.0	186.0	158.0	20.0
220.0	185.0	137.0	20.0
222.0	182.0	140.0	20.0
220.0	175.0	146.0	23.0
220.9240264892578	169.98434448242188	148.27005004882812	23.35761070251465
215.18789672851562	164.29092407226562	148.93466186523438	23.46231460571289
214.0	158.0	155.0	23.0
214.5185546875	152.31631469726562	157.475341796875	23.367307662963867
211.07492065429688	149.09234619140625	155.02914428710938	23.004322052001953
202.29849243164062	144.67564392089844	154.08029174804688	22.863525390625
200.26754760742188	140.16404724121094	154.9091796875	22.986522674560547
191.0	135.0	174.0	25.0
178.23365783691406	129.47640991210938	176.2154998779297	25.318317413330078
179.89666748046875	130.34573364257812	176.43885803222656	25.35040855407715
181.44651794433594	129.87942504882812	174.93948364257812	25.134979248046875
181.1567840576172	129.42625427246094	175.7882843017578	25.256933212280273
176.5019073486328	132.21841430664062	171.7984161376953	24.68367576599121
180.10873413085938	135.101318359375	171.7346649169922	24.674518585205078
187.0948944091797	137.50607299804688	171.8778839111328	24.69509506225586
181.36642456054688	137.4487762451172	171.1146240234375	24.585432052612305
181.46829223632812	135.77444458007812	170.361328125	24.47719955444336
191.43687438964844	135.72714233398438	167.80569458007812	24.11001205444336
196.5641632080078	134.20401000976562	167.08871459960938	24.006994247436523
196.88851928710938	134.09658813476562	165.3560333251953	23.758045196533203
195.7268829345703	133.84132385253906	167.97067260742188	24.133712768554688
196.19406127929688	135.95523071289062	170.6307830810547	24.515913009643555
190.0	139.0	176.0	19.0
187.73109436035156	141.6117706298828	172.92794799804688	18.668357849121094
196.0392303466797	140.87841796875	172.9427490234375	18.66995620727539
197.8223114013672	138.73471069335938	173.2023162841797	18.69797706604004
194.5601348876953	136.91180419921875	172.3302764892578	18.603839874267578
192.7401580810547	131.22567749023438	175.6834716796875	18.96583366394043
188.87252807617188	127.61698913574219	175.56968688964844	18.95355224609375
185.84310913085938	124.7264633178711	175.4186553955078	18.937246322631836
179.1588897705078	121.7890396118164	177.4904022216797	19.160900115966797
174.43421936035156	121.00418853759766	174.1584930419922	18.801204681396484
178.5709228515625	117.8056869506836	177.5863037109375	19.171253204345703
180.26986694335938	118.38323974609375	175.32308959960938	18.926929473876953
189.08724975585938	116.2906494140625	174.4185333251953	18.82927894592285
183.7855682373047	115.93402099609375	174.06248474121094	18.790842056274414
193.86282348632812	115.5641860961914	174.79116821289062	18.8695068359375
191.4049835205078	114.71085357666016	171.05458068847656	18.46612548828125
212.0	4.0	33.0	118.0
219.1777801513672	10.460874557495117	32.54536056518555	116.37432861328125
218.13412475585938	14.427057266235352	32.2978630065918	115.48933410644531
219.3638916015625	14.870739936828613	32.37898254394531	115.7793960571289
222.3943328857422	16.86124038696289	32.733482360839844	117.0469970703125
222.59335327148438	15.396377563476562	32.70802688598633	116.95597076416016
224.1046600341797	16.608800888061523	32.94792938232422	117.81378173828125
225.10659790039062	16.356876373291016	33.1368293762207	118.48924255371094
224.6847381591797	12.072744369506836	33.817848205566406	120.92439270019531
190.0	104.0	153.0	27.0
192.0	103.0	156.0	26.0
190.0	103.0	164.0	26.0
189.0	102.0	162.0	28.0
191.0	101.0	159.0	28.0
196.44329833984375	98.92866516113281	157.95343017578125	27.815698623657227
201.07472229003906	98.78675079345703	157.07093811035156	27.660289764404297
187.0	97.0	162.0	28.0
189.94802856445312	96.97523498535156	161.20254516601562	27.862167358398438
185.0	99.0	160.0	30.0
184.0	99.0	162.0	30.0
192.03457641601562	97.9912338256836	161.35423278808594	29.880413055419922
185.0	100.0	163.0	30.0
185.08297729492188	99.97735595703125	163.0491943359375	30.00905418395996
183.0	97.0	161.0	26.0
187.88058471679688	100.49442291259766	161.37319946289062	26.060266494750977
181.0	93.0	160.0	27.0
175.0	91.0	125.0	20.0
181.89866638183594	91.84449768066406	126.686767578125	20.26988410949707
198.13755798339844	88.4185562133789	123.25347900390625	43.23766326904297
196.64016723632812	81.17904663085938	126.38099670410156	44.334808349609375
189.5068359375	77.5361557006836	126.70802307128906	44.44953155517578
191.10360717773438	75.55732727050781	123.80125427246094	43.429832458496094
191.9764862060547	74.49464416503906	122.8449935913086	43.09436798095703
136.0	63.0	131.0	21.0
134.19778442382812	64.15023040771484	131.70989990234375	21.11380386352539
124.0	57.0	130.0	21.0
122.0	54.0	132.0	24.0
118.0	53.0	142.0	26.0
115.0	52.0	140.0	23.0
118.0	56.0	139.0	22.0
118.0	60.0	158.0	25.0
117.0	66.0	135.0	22.0
119.0	73.0	177.0	24.0
122.0	79.0	179.0	23.0
123.0	80.0	133.0	22.0
120.0	84.0	134.0	19.0
118.0	86.0	138.0	20.0
124.0	91.0	124.0	18.0
125.0	93.0	127.0	18.0
128.0	86.0	175.0	25.0
123.0	96.0	111.0	16.0
121.0	96.0	110.0	19.0
127.88624572753906	97.58479309082031	105.29423522949219	37.18189239501953
134.6436767578125	95.31037139892578	96.83134460449219	41.29009246826172
139.4349822998047	91.60782623291016	89.25788879394531	43.945472717285156
142.38916015625	86.80078887939453	85.68611145019531	47.72081756591797
142.77748107910156	81.31766510009766	83.61488342285156	50.84503173828125
143.37124633789062	77.65325927734375	84.12857818603516	53.36012649536133
143.48939514160156	74.55642700195312	85.4227294921875	54.64485549926758
143.6136932373047	71.8086166381836	86.88816833496094	54.90233612060547
143.92762756347656	69.43833923339844	88.21810150146484	54.39256286621094
144.7273406982422	67.69475555419922	89.42290496826172	53.648250579833984
146.03219604492188	66.53237915039062	90.36737823486328	52.99651336669922
147.7053985595703	65.8914794921875	91.06233215332031	52.59401321411133
149.587646484375	65.657470703125	91.59021759033203	52.4782600402832
151.46258544921875	65.60839080810547	91.95564270019531	52.55723190307617
153.24122619628906	65.64239501953125	92.22244262695312	52.77154541015625
154.86724853515625	65.68790435791016	92.43191528320312	53.06150817871094
156.31103515625	65.6935043334961	92.59607696533203	53.37474822998047
157.5674285888672	65.63194274902344	92.7137451171875	53.674705505371094
158.6517333984375	65.50439453125	92.7874984741211	53.94500732421875
143.09800720214844	74.01570892333984	93.71640014648438	54.48505401611328
140.9630126953125	73.32719421386719	96.72602081298828	56.23479080200195
140.2174530029297	77.71092987060547	98.57980346679688	57.31254959106445
137.91067504882812	79.8099136352539	99.65989685058594	57.94049835205078
142.14755249023438	77.57749938964844	101.90352630615234	59.244903564453125
139.02195739746094	80.6571273803711	101.7999267578125	59.18467330932617
136.6731414794922	81.14344024658203	103.66353607177734	60.26813888549805
137.2362060546875	80.41278076171875	105.0128173828125	61.052589416503906
133.693603515625	78.46067810058594	107.21270751953125	62.33156204223633
128.53846740722656	78.5810317993164	108.69047546386719	63.190711975097656
129.69302368164062	76.23370361328125	108.709228515625	63.20161056518555
129.5834197998047	71.94034576416016	109.3900146484375	63.5974006652832
128.85414123535156	66.20093536376953	109.97349548339844	63.9366340637207
130.258056640625	64.28736877441406	109.59730529785156	63.717926025390625
182.0	115.0	139.0	19.0
185.0	108.0	160.0	25.0
181.0	104.0	163.0	27.0
180.0	101.0	164.0	27.0
180.0	98.0	162.0	26.0
181.0	99.0	163.0	27.0
181.0	99.0	163.0	27.0
181.0	99.0	164.0	27.0
182.0	96.0	163.0	27.0
219.0	97.0	131.0	19.0
184.0	95.0	167.0	27.0
182.0	94.0	170.0	28.0
181.0	94.0	170.0	29.0
180.0	94.0	172.0	31.0
180.0	93.0	167.0	30.0
180.0	93.0	166.0	31.0
181.0	93.0	169.0	30.0
173.776611328125	88.0418930053711	168.81121826171875	29.96648597717285
173.74905395507812	87.43620300292969	170.59103393554688	30.282428741455078
180.0	89.0	144.0	17.0
180.0	87.0	147.0	19.0
174.0	87.0	152.0	17.0
218.0	87.0	136.0	17.0
184.0	81.0	160.0	23.0
184.0	80.0	164.0	24.0
184.0	81.0	163.0	23.0
183.0	79.0	163.0	24.0
183.0	80.0	162.0	24.0
182.0	78.0	161.0	24.0
181.0	78.0	185.0	25.0
180.0	77.0	178.0	24.0
201.0	77.0	143.0	17.0
202.0	75.0	145.0	16.0
203.0	73.0	142.0	17.0
202.0	71.0	143.0	18.0
201.0	72.0	141.0	17.0
185.0	70.0	160.0	20.0
187.0	69.0	154.0	20.0
189.0	70.0	150.0	18.0
190.0	69.0	148.0	19.0
189.0	65.0	167.0	24.0
186.0	66.0	155.0	20.0
191.0	64.0	147.0	19.0
192.0	63.0	147.0	18.0
194.0	62.0	145.0	19.0
197.0	62.0	137.0	17.0
191.0	61.0	143.0	19.0
174.0	60.0	156.0	18.0
188.0	60.0	146.0	18.0
190.0	59.0	141.0	20.0
168.0	58.0	145.0	18.0
188.0	58.0	145.0	22.0
184.0	58.0	155.0	22.0
185.0	57.0	151.0	23.0
172.0	59.0	160.0	20.0
186.0	60.0	151.0	22.0
168.0	61.0	165.0	19.0
165.0	62.0	170.0	20.0
170.526611328125	64.75586700439453	169.52919006347656	19.944610595703125
179.0	68.0	171.0	20.0
189.0	69.0	148.0	19.0
179.0	71.0	147.0	18.0
177.0	74.0	148.0	16.0
188.0	74.0	147.0	16.0
176.0	74.0	154.0	18.0
185.0	77.0	150.0	16.0
186.0	77.0	150.0	18.0
187.0	79.0	150.0	18.0
190.0	81.0	151.0	20.0
190.0	80.0	155.0	24.0
192.0	84.0	146.0	18.0
193.0	88.0	142.0	16.0
192.0	89.0	144.0	16.0
195.0	89.0	139.0	16.0
193.0	89.0	143.0	17.0
190.0	89.0	146.0	16.0
196.0	89.0	153.0	17.0
189.3369598388672	92.38267517089844	151.81394958496094	16.868215560913086
186.0	94.0	135.0	18.0
182.0	96.0	165.0	19.0
173.23817443847656	101.52159118652344	163.24868774414062	18.7983341217041
184.0	101.0	162.0	25.0
179.47872924804688	100.67964935302734	160.36878967285156	24.748268127441406
176.79266357421875	99.98023986816406	161.3004913330078	24.89204978942871
184.0	97.0	172.0	25.0
183.0	97.0	168.0	25.0
183.0	99.0	165.0	26.0
203.0	100.0	145.0	18.0
185.0	103.0	162.0	27.0
186.0	105.0	158.0	27.0
187.0	106.0	156.0	28.0
186.0	106.0	155.0	26.0
185.0	107.0	155.0	26.0
184.0	104.0	156.0	27.0
183.0	104.0	156.0	25.0
182.0	104.0	157.0	26.0
180.0	105.0	158.0	25.0
177.0	106.0	159.0	25.0
177.0	110.0	163.0	24.0
177.36985778808594	112.76611328125	162.23080444335938	23.886743545532227
181.7959442138672	114.76273345947266	158.93968200683594	23.40216064453125
183.0157470703125	114.52101135253906	161.20704650878906	23.736005783081055
186.5019989013672	113.59660339355469	161.43714904785156	23.769886016845703
174.56187438964844	112.01497650146484	160.6455535888672	23.653335571289062
166.02316284179688	109.77909088134766	161.96603393554688	23.847759246826172
171.0	105.0	163.0	25.0
168.0	104.0	163.0	24.0
168.0	102.0	162.0	26.0
169.0	103.0	155.0	25.0
168.0	101.0	156.0	25.0
168.0	101.0	157.0	25.0
169.0	102.0	156.0	24.0
169.0	102.0	158.0	27.0
170.0	103.0	159.0	27.0
171.0	103.0	157.0	26.0
171.0	103.0	158.0	26.0
170.0	105.0	156.0	24.0
168.0	106.0	157.0	25.0
168.0	105.0	157.0	25.0
167.0	102.0	158.0	26.0
167.0	102.0	158.0	26.0
166.0	101.0	159.0	25.0
166.0	100.0	159.0	25.0
164.0	102.0	160.0	25.0
165.0	101.0	159.0	25.0
165.0	101.0	159.0	25.0
166.0	98.0	159.0	24.0
164.0	95.0	161.0	24.0
167.0	94.0	146.0	21.0
166.0	93.0	159.0	27.0
174.67979431152344	94.3316879272461	163.8348388671875	52.56608200073242
170.0	91.0	158.0	29.0
170.0	92.0	162.0	30.0
171.0	92.0	161.0	30.0
173.0	92.0	131.0	20.0
176.0	94.0	162.0	29.0
179.0	94.0	159.0	27.0
178.0	94.0	164.0	28.0
176.0	94.0	165.0	28.0
175.0	94.0	167.0	27.0
186.0	87.0	154.0	30.0
184.0	90.0	161.0	22.0
184.0	89.0	159.0	21.0
174.78384399414062	89.80875396728516	161.6029510498047	21.343786239624023
179.40524291992188	89.71934509277344	162.2255859375	21.426021575927734
179.05215454101562	94.86848449707031	162.49441528320312	21.461528778076172
169.8600311279297	109.2063217163086	162.6853485107422	21.486745834350586
163.3458709716797	119.14495849609375	162.25311279296875	21.429658889770508
160.665771484375	127.33076477050781	165.6172332763672	21.873977661132812
161.72943115234375	131.26358032226562	166.0657958984375	21.933223724365234
158.09046936035156	134.8142852783203	164.43954467773438	21.71843719482422
152.47500610351562	137.60562133789062	161.79995727539062	21.36981201171875
158.5831298828125	191.75729370117188	161.3279266357422	21.30746841430664
160.1976776123047	174.49447631835938	162.66378784179688	21.483903884887695
189.27288818359375	205.4669952392578	163.8003387451172	21.634014129638672
157.6492919921875	185.9609832763672	167.04371643066406	22.06238555908203
155.47769165039062	124.31404113769531	168.7753143310547	22.291088104248047
163.0	85.0	157.0	27.0
161.0	80.0	160.0	27.0
159.0	76.0	170.0	28.0
148.19491577148438	72.17723083496094	168.9680633544922	27.830036163330078
159.0	76.0	135.0	18.0
170.0	74.0	131.0	17.0
173.0	75.0	134.0	17.0
171.0	79.0	170.0	26.0
172.92015075683594	86.61985778808594	172.0475616455078	26.313156127929688
184.0	94.0	161.0	29.0
197.0	104.0	152.0	26.0
199.73736572265625	114.9682388305664	152.6162872314453	26.105417251586914
205.2109832763672	131.56797790527344	154.50660705566406	26.428760528564453
208.43710327148438	143.2534637451172	153.99777221679688	26.341724395751953
202.6027069091797	150.48687744140625	154.2852783203125	26.39090347290039
197.4322509765625	148.57534790039062	155.5950469970703	26.614940643310547
202.8798828125	132.79025268554688	157.16860961914062	26.884103775024414
198.0	128.0	108.0	17.0
196.0	116.0	139.0	21.0
197.0	105.0	158.0	25.0
211.0	94.0	150.0	23.0
189.45181274414062	89.56689453125	147.11160278320312	22.557111740112305
194.20529174804688	93.51604461669922	147.14317321777344	22.561954498291016
193.809814453125	96.9834976196289	145.95082092285156	22.379127502441406
198.0	106.0	164.0	24.0
198.0	114.0	158.0	21.0
206.4853973388672	120.60294342041016	159.29745483398438	21.172443389892578
206.83786010742188	138.00392150878906	158.36990356445312	21.049163818359375
205.59445190429688	134.5583038330078	159.28314208984375	21.170543670654297
209.5944366455078	138.27037048339844	159.164306640625	21.154748916625977
205.4976043701172	137.04127502441406	163.7166748046875	21.759811401367188
200.0	119.0	170.0	33.0
191.21243286132812	118.2284164428711	168.674072265625	32.742610931396484
197.98211669921875	211.40701293945312	167.18289184570312	32.453147888183594
187.0110626220703	96.11823272705078	169.86813354492188	32.974403381347656
190.0	93.0	145.0	19.0
189.0	81.0	157.0	26.0
186.0	75.0	160.0	26.0
176.01219177246094	67.51197814941406	161.5467987060547	26.251354217529297
177.8919219970703	57.18278884887695	158.523681640625	25.76009750366211
186.31021118164062	56.086631774902344	158.18399047851562	25.704898834228516
188.0847625732422	59.27190017700195	158.2197723388672	25.71071434020996
193.0	65.0	154.0	29.0
193.0	79.0	153.0	25.0
191.0	96.0	115.0	16.0
193.04849243164062	110.84745025634766	113.13529205322266	15.740562438964844
220.3408203125	110.98333740234375	112.48664855957031	15.65031623840332
220.66134643554688	113.53468322753906	113.58099365234375	15.802572250366211
223.77951049804688	110.99693298339844	114.32054138183594	15.905466079711914
241.1696014404297	108.61151123046875	111.7820816040039	15.552289009094238
197.4478302001953	107.6263427734375	110.93048095703125	15.433804512023926
201.8269805908203	101.82064056396484	110.873291015625	15.425848007202148
195.0	93.0	105.0	17.0
197.0	86.0	131.0	20.0
201.0	82.0	131.0	21.0
202.0	78.0	127.0	25.0
205.0	83.0	138.0	22.0
201.0	88.0	132.0	19.0
203.0	91.0	119.0	19.0
203.0	96.0	117.0	19.0
202.804931640625	100.45404815673828	117.87896728515625	19.142738342285156
204.40052795410156	101.98030853271484	117.30473327636719	19.049488067626953
203.49172973632812	103.42447662353516	116.91831970214844	18.986738204956055
198.1218719482422	96.77959442138672	117.80582427978516	19.130861282348633
198.23843383789062	91.3227310180664	118.571044921875	19.255125045776367
187.0	84.0	123.0	19.0
188.58656311035156	86.73844146728516	123.77915954589844	19.120357513427734
188.51699829101562	90.30143737792969	122.19721984863281	18.875991821289062
209.45016479492188	89.68365478515625	119.53694152832031	18.46505355834961
172.0	90.0	161.0	30.0
173.0	92.0	159.0	31.0
169.0	94.0	161.0	28.0
167.0	94.0	161.0	30.0
167.0	94.0	161.0	30.0
160.0	95.0	187.0	32.0
159.13949584960938	92.96867370605469	186.65396118164062	31.940784454345703
175.2008514404297	92.0667953491211	185.40145874023438	31.726449966430664
159.8620147705078	85.57465362548828	185.17831420898438	31.68826675415039
152.0	94.0	173.0	39.0
151.12794494628906	79.18074798583984	172.32449340820312	38.847713470458984
157.2685089111328	78.58154296875	172.5076446533203	38.888999938964844
153.4071044921875	71.93608093261719	174.86965942382812	39.421478271484375
137.7384796142578	99.72079467773438	173.45077514648438	39.10161590576172
115.2933349609375	94.33546447753906	171.16476440429688	38.586273193359375
133.36245727539062	90.52827453613281	175.23318481445312	39.5034294128418
134.52102661132812	90.39979553222656	175.17453002929688	39.490211486816406
99.98927307128906	104.09638977050781	175.68685913085938	39.605709075927734
110.93147277832031	98.72822570800781	176.3606414794922	39.757606506347656
134.7974090576172	104.15907287597656	175.30276489257812	39.51911926269531
73.50212097167969	74.7380599975586	176.31021118164062	39.74623107910156
106.99101257324219	52.4903678894043	174.20266723632812	39.2711181640625
104.1744155883789	76.94161224365234	174.8631134033203	39.42000198364258
124.68338775634766	65.00870513916016	175.95574951171875	39.666316986083984
80.46540069580078	101.59779357910156	177.83462524414062	40.089881896972656
85.3309097290039	104.55230712890625	179.7096405029297	40.5125732421875
98.5885238647461	80.08894348144531	179.1507110595703	40.38656997680664
57.272491455078125	140.3886260986328	180.14605712890625	40.610958099365234
117.87809753417969	99.02828216552734	180.78053283691406	40.753990173339844
89.57673645019531	89.21183776855469	180.53395080566406	40.698402404785156
107.34881591796875	109.583984375	180.10049438476562	40.60068893432617
182.06878662109375	146.3095245361328	182.7518768310547	41.198402404785156
304.7522888183594	129.57022094726562	183.50424194335938	41.36801528930664
325.7737731933594	107.5857925415039	183.43031311035156	41.351348876953125
329.78656005859375	105.17362976074219	184.7874298095703	41.657291412353516
319.8004455566406	37.47480010986328	186.5980682373047	42.06547164916992
303.230712890625	107.8647689819336	174.7251739501953	61.370811462402344
317.357177734375	122.54801940917969	173.7446746826172	61.02641677856445
292.70965576171875	163.91357421875	174.48001098632812	61.284698486328125
187.01925659179688	181.96542358398438	175.1143798828125	61.50750732421875
167.79537963867188	181.5359649658203	174.43991088867188	61.270606994628906
165.59246826171875	182.93898010253906	177.96487426757812	62.50871658325195
165.44253540039062	179.7843780517578	176.7359161376953	62.077049255371094
162.1529083251953	173.49717712402344	174.20797729492188	61.189125061035156
159.8280792236328	161.73757934570312	177.04244995117188	62.18471145629883
160.28575134277344	174.7429962158203	179.1610565185547	62.928855895996094
143.03598022460938	192.1210479736328	183.50454711914062	64.4544677734375
153.4154510498047	184.9358367919922	186.25180053710938	65.4194107055664
146.7218017578125	109.8738021850586	185.0449676513672	64.99552154541016
196.51263427734375	100.8919448852539	185.90628051757812	65.29804992675781
275.3202209472656	107.09366607666016	186.42352294921875	65.47972106933594
321.55682373046875	84.49274444580078	185.59640502929688	65.189208984375
330.37933349609375	62.01100540161133	188.19146728515625	66.10069274902344
326.3164978027344	38.59971237182617	188.05426025390625	66.05250549316406
323.72967529296875	97.91649627685547	188.38356018066406	66.16816711425781
315.4756164550781	69.3946762084961	187.447265625	65.83930969238281
326.0	66.0	20.0	138.0
317.2452392578125	69.22737121582031	20.18832778930664	139.29946899414062
323.5044860839844	69.53972625732422	20.287578582763672	139.98428344726562
292.5318603515625	38.65400314331055	20.626544952392578	142.32315063476562
277.3270568847656	25.953136444091797	21.085651397705078	145.49099731445312
226.44155883789062	74.33250427246094	21.253215789794922	146.64720153808594
128.20285034179688	82.60595703125	21.144006729125977	145.89364624023438
119.70845031738281	106.81224060058594	21.185871124267578	146.18251037597656
108.06766510009766	94.72476196289062	21.429821014404297	147.8657684326172
77.67247772216797	70.46107482910156	21.048648834228516	145.23568725585938
146.0	29.0	168.0	33.0
150.98623657226562	20.03716278076172	169.7439727783203	33.342567443847656
144.40574645996094	7.0604658126831055	168.83151245117188	33.16333770751953
147.0	24.0	167.0	33.0
143.958984375	13.666021347045898	169.76571655273438	33.54651641845703
147.1637725830078	9.259071350097656	170.76565551757812	33.744110107421875
135.6983642578125	7.712371826171875	171.8104705810547	33.95056915283203
141.49053955078125	9.227367401123047	170.6344757080078	33.71818161010742
139.32354736328125	11.289400100708008	172.9271697998047	34.171226501464844
140.17282104492188	11.653653144836426	175.5679931640625	34.69306564331055
140.7739715576172	12.706811904907227	176.23402404785156	34.82467269897461
137.66583251953125	14.006750106811523	177.7530059814453	35.12483596801758
135.7720947265625	12.030041694641113	180.04466247558594	35.57767868041992
140.47531127929688	13.906011581420898	180.76620483398438	35.72026062011719
138.49624633789062	10.925738334655762	179.98080444335938	35.56505584716797
137.75778198242188	12.849332809448242	181.61770629882812	35.888511657714844
139.47402954101562	10.929438591003418	182.7213897705078	36.10660171508789
137.61309814453125	10.37828540802002	184.8923797607422	36.53560256958008
140.0285186767578	10.130719184875488	185.4665069580078	36.64905548095703
135.3287811279297	8.384176254272461	185.17588806152344	36.59162902832031
141.12155151367188	9.705816268920898	186.027099609375	36.75983428955078
142.26651000976562	10.559613227844238	183.97996520996094	36.355308532714844
137.12185668945312	11.550433158874512	187.8502197265625	37.12009048461914
142.2124481201172	14.8491792678833	190.14646911621094	37.5738410949707
138.11279296875	16.577611923217773	186.9462890625	36.941471099853516
136.8852081298828	18.65317153930664	189.29258728027344	37.40510940551758
139.22149658203125	20.100234985351562	189.11190795898438	37.369407653808594
129.46792602539062	21.43954849243164	189.61868286132812	37.46955108642578
132.7710723876953	22.077299118041992	190.9376220703125	37.73017883300781
134.5912322998047	23.95022201538086	187.48097229003906	37.04712677001953
136.33242797851562	18.04030990600586	188.96864318847656	37.341094970703125
136.95423889160156	18.78042984008789	184.99874877929688	36.55662155151367
140.2013397216797	17.455646514892578	185.78585815429688	36.71216583251953
137.3966827392578	17.50434112548828	184.13180541992188	36.38532257080078
134.2568817138672	15.891824722290039	183.18397521972656	36.198028564453125
135.80470275878906	17.80508804321289	185.14041137695312	36.58462905883789
140.32040405273438	20.594280242919922	183.08084106445312	36.177650451660156
135.9256134033203	18.12909507751465	183.39425659179688	36.23958206176758
133.9136962890625	19.428760528564453	185.00634765625	36.55813980102539
136.0723419189453	19.3513126373291	186.68807983398438	36.89045333862305
132.973388671875	20.450103759765625	187.23919677734375	36.99935531616211
137.1374053955078	21.377981185913086	184.1313018798828	36.38521957397461
137.14173889160156	21.075061798095703	182.37823486328125	36.0388069152832
134.9773406982422	22.073583602905273	186.3775177001953	36.82908248901367
136.80795288085938	21.252513885498047	186.65701293945312	36.88431167602539
136.15966796875	24.305068969726562	187.47903442382812	37.046749114990234
138.8873748779297	24.346986770629883	185.8877410888672	36.73230743408203
136.1462860107422	22.525829315185547	184.0436553955078	36.3679084777832
132.11309814453125	20.404743194580078	185.09796142578125	36.57624435424805
131.44406127929688	22.746551513671875	184.32864379882812	36.424224853515625
135.579345703125	21.738765716552734	183.03549194335938	36.1686897277832
129.82113647460938	19.787796020507812	182.777587890625	36.11772537231445
133.8540802001953	19.714683532714844	183.75489807128906	36.31084442138672
133.25030517578125	20.509756088256836	182.57220458984375	36.07714080810547
127.75069427490234	18.373165130615234	184.21780395507812	36.40231704711914
140.5311279296875	18.701663970947266	182.69302368164062	36.10101318359375
136.74331665039062	20.011823654174805	178.78109741210938	35.32799530029297
133.731201171875	19.54696273803711	176.95840454101562	34.96782684326172
137.72012329101562	20.395931243896484	175.98504638671875	34.77548599243164
134.16250610351562	20.838321685791016	174.78688049316406	34.538719177246094
141.06011962890625	20.39613914489746	174.72708129882812	34.52690124511719
136.8782501220703	18.639211654663086	176.49252319335938	34.875755310058594
139.5697784423828	18.15982437133789	174.2705535888672	34.436683654785156
137.83511352539062	19.4116153717041	174.78817749023438	34.538963317871094
139.87966918945312	20.694501876831055	175.668701171875	34.71295928955078
139.62539672851562	22.966615676879883	177.00460815429688	34.9769401550293
137.93592834472656	24.113346099853516	179.1641387939453	35.4036750793457
137.1768798828125	25.69906234741211	178.7861785888672	35.3289909362793
137.72634887695312	25.5914306640625	178.43621826171875	35.25983428955078
138.87039184570312	24.683048248291016	176.81900024414062	34.94026565551758
137.73094177246094	23.872180938720703	177.97525024414062	35.16874313354492
135.92657470703125	23.038679122924805	175.9845428466797	34.77537155151367
138.13412475585938	18.47449493408203	175.99261474609375	34.77696990966797
129.51011657714844	19.20389175415039	176.97425842285156	34.970951080322266
141.65042114257812	20.018497467041016	175.60934448242188	34.701236724853516
137.03294372558594	19.95549201965332	176.06871032714844	34.79201126098633
141.54708862304688	20.63631820678711	177.361328125	35.04743576049805
144.75103759765625	22.73147964477539	175.2918701171875	34.63850021362305
140.04922485351562	22.209611892700195	177.76071166992188	35.1263542175293
140.8391571044922	22.721830368041992	181.65274047851562	35.89543914794922
137.06515502929688	23.69287872314453	184.8064422607422	36.51862716674805
136.94723510742188	23.01673126220703	182.6109161376953	36.08477783203125
138.89779663085938	22.059864044189453	183.43991088867188	36.24858856201172
138.78677368164062	21.628650665283203	183.31509399414062	36.22392654418945
137.26806640625	20.5130558013916	185.50811767578125	36.65727996826172
139.19505310058594	21.240840911865234	181.95474243164062	35.955116271972656
135.8846435546875	22.43522071838379	183.57144165039062	36.27458572387695
140.8689727783203	23.222131729125977	183.03353881835938	36.16830062866211
139.4875946044922	22.842548370361328	182.99063110351562	36.159820556640625
138.93606567382812	21.260103225708008	182.09771728515625	35.983375549316406
135.8261260986328	20.959632873535156	180.2602996826172	35.62029266357422
135.5264892578125	20.031024932861328	181.4227294921875	35.84999084472656
138.55889892578125	25.370868682861328	181.8662872314453	35.93764114379883
142.7553253173828	22.476436614990234	179.1123504638672	35.39344787597656
137.1527862548828	22.630535125732422	180.70535278320312	35.70823287963867
134.54574584960938	20.505903244018555	180.4272003173828	35.65327072143555
134.37704467773438	22.9637393951416	182.5950469970703	36.08164596557617
139.70443725585938	22.92987632751465	181.31761169433594	35.82921600341797
137.8106231689453	25.9663143157959	182.87417602539062	36.136802673339844
130.2679443359375	23.84592056274414	182.2976531982422	36.02288055419922
130.03530883789062	24.790424346923828	180.32821655273438	35.63370895385742
140.3885040283203	24.002891540527344	177.28182983398438	35.03173065185547
128.26695251464844	23.17788314819336	178.35195922851562	35.243194580078125
130.99606323242188	22.874469757080078	177.09530639648438	34.994876861572266
139.04833984375	22.839475631713867	178.99684143066406	35.370628356933594
136.4962615966797	21.966468811035156	178.1114959716797	35.1956787109375
131.08880615234375	23.029949188232422	180.62744140625	35.69284439086914
127.50760650634766	21.567289352416992	182.3558349609375	36.034385681152344
132.8400115966797	21.99612045288086	182.36514282226562	36.036224365234375
130.15443420410156	21.480802536010742	183.16885375976562	36.195037841796875
131.28860473632812	23.267305374145508	185.93807983398438	36.74224853515625
133.05233764648438	25.53094482421875	190.05831909179688	37.556434631347656
132.33734130859375	25.079235076904297	189.4949188232422	37.445106506347656
134.24462890625	23.21990966796875	190.09156799316406	37.56300735473633
130.93301391601562	24.176021575927734	189.53033447265625	37.45210647583008
129.6062774658203	24.991596221923828	192.19424438476562	37.97850799560547
135.25015258789062	21.230024337768555	192.2660369873047	37.99269485473633
131.30038452148438	21.579700469970703	193.5209503173828	38.24066925048828
126.2572021484375	21.84084701538086	191.8232421875	37.90519332885742
132.19747924804688	22.41697883605957	192.85525512695312	38.10912322998047
135.76931762695312	23.552814483642578	191.4654541015625	37.83449172973633
126.4479751586914	22.78162956237793	191.90591430664062	37.921531677246094
131.4520721435547	21.65970802307129	192.73916625976562	38.086185455322266
135.5097198486328	23.448162078857422	191.1114959716797	37.764549255371094
135.2606201171875	22.675411224365234	190.99075317382812	37.740692138671875
132.2269744873047	23.52281951904297	191.037353515625	37.749900817871094
130.311279296875	22.074312210083008	190.99465942382812	37.74146270751953
125.05355072021484	23.236392974853516	189.8113555908203	37.50763702392578
129.224609375	23.47748374938965	190.72958374023438	37.689083099365234
137.143310546875	22.360424041748047	187.14527893066406	36.98080825805664
129.4237518310547	21.348905563354492	189.30288696289062	37.40715789794922
136.68380737304688	23.50888442993164	189.2810821533203	37.40284729003906
141.0127410888672	23.681148529052734	189.98321533203125	37.54159164428711
138.5682830810547	24.611080169677734	193.74037170410156	38.284019470214844
134.2842254638672	23.441707611083984	194.52493286132812	38.439048767089844
136.96693420410156	23.159515380859375	195.03811645507812	38.54045486450195
134.68374633789062	23.7903995513916	196.68136596679688	38.86517333984375
133.32362365722656	23.066986083984375	197.72222900390625	39.07085037231445
135.29998779296875	24.653621673583984	195.09619140625	38.55193328857422
136.8785400390625	22.11155891418457	195.65463256835938	38.66228103637695
136.32015991210938	22.070615768432617	197.94154357910156	39.11418533325195
136.3227081298828	22.645959854125977	201.06129455566406	39.73065948486328
143.7457733154297	23.11199951171875	201.80697631835938	39.87800979614258
133.91836547851562	22.63982582092285	200.58914184570312	39.637359619140625
129.82589721679688	24.72296714782715	202.06192016601562	39.92839050292969
132.47828674316406	22.56195068359375	197.28048706054688	38.983558654785156
138.6736297607422	22.4792537689209	197.14480590820312	38.956748962402344
137.99826049804688	22.26483154296875	194.6462860107422	38.46302795410156
148.32577514648438	25.436965942382812	195.52706909179688	38.63707733154297
145.57559204101562	24.460397720336914	193.7201690673828	38.280029296875
143.40228271484375	26.185821533203125	192.53512573242188	38.045860290527344
145.6549835205078	26.186965942382812	193.65313720703125	38.26678466796875
145.33206176757812	25.760540008544922	192.7725830078125	38.0927848815918
147.6226806640625	24.61673355102539	192.11514282226562	37.962867736816406
145.14002990722656	24.882959365844727	193.2329559326172	38.183753967285156
146.4442901611328	25.1094970703125	190.94021606445312	37.73069763183594
149.03067016601562	26.618328094482422	189.2767333984375	37.40198516845703
144.35287475585938	26.081653594970703	188.86953735351562	37.3215217590332
136.13186645507812	28.66109275817871	187.33921813964844	37.01912307739258
133.73794555664062	28.204486846923828	188.5533447265625	37.25904083251953
133.582763671875	27.354122161865234	187.34458923339844	37.02018356323242
134.05899047851562	27.470321655273438	188.3203887939453	37.21300506591797
141.63186645507812	26.517093658447266	188.43515014648438	37.235679626464844
137.72976684570312	27.147241592407227	191.44241333007812	37.829933166503906
139.12203979492188	27.4038143157959	189.57083129882812	37.46009826660156
133.70913696289062	27.565814971923828	191.91172790527344	37.922672271728516
128.37672424316406	30.279644012451172	193.5003204345703	38.23658752441406
137.91087341308594	24.87216567993164	192.9493408203125	38.127708435058594
134.04025268554688	25.815059661865234	190.02655029296875	37.550148010253906
140.73574829101562	25.659780502319336	190.53855895996094	37.65132522583008
144.3414764404297	24.31670379638672	191.55447387695312	37.85207748413086
139.3047332763672	24.81780433654785	193.147216796875	38.166812896728516
138.0741424560547	27.93085289001465	191.9683074951172	37.93385696411133
141.75204467773438	26.783193588256836	191.2880096435547	37.79943084716797
141.53543090820312	25.844097137451172	191.0560302734375	37.75358963012695
134.4075469970703	25.292274475097656	193.64199829101562	38.26458740234375
136.6699676513672	25.174203872680664	192.06521606445312	37.953006744384766
134.6405487060547	25.877426147460938	191.9413604736328	37.928531646728516
129.8365478515625	26.7656192779541	191.7379150390625	37.888328552246094
136.0923309326172	26.795284271240234	192.8744659423828	38.11292266845703
137.2830352783203	27.634740829467773	193.00711059570312	38.139129638671875
142.46603393554688	28.105693817138672	191.0854034423828	37.75939178466797
141.1849365234375	28.293725967407227	188.95138549804688	37.33769989013672
140.2294464111328	27.48500633239746	188.85350036621094	37.318359375
138.5607147216797	27.776363372802734	189.2507781982422	37.3968620300293
141.77781677246094	27.02915382385254	194.85281372070312	38.50385284423828
140.7240447998047	26.125274658203125	192.06076049804688	37.95212936401367
141.206787109375	26.602672576904297	189.79672241210938	37.50474548339844
139.47500610351562	27.19649887084961	192.56431579589844	38.0516357421875
141.5128631591797	28.826904296875	191.92178344726562	37.92466354370117
145.14752197265625	27.452383041381836	192.88558959960938	38.11511993408203
141.47061157226562	26.906265258789062	190.818603515625	37.70667266845703
140.2696533203125	27.265945434570312	190.16482543945312	37.577484130859375
139.76171875	26.4221134185791	190.78440856933594	37.69991683959961
141.44253540039062	28.3205509185791	191.7020721435547	37.881248474121094
138.7836456298828	26.666122436523438	192.84725952148438	38.1075439453125
141.24476623535156	27.422550201416016	191.7917938232422	37.89897918701172
139.35433959960938	26.853708267211914	191.6560821533203	37.872161865234375
135.60333251953125	29.429576873779297	192.23995971679688	37.98754119873047
139.96871948242188	27.477331161499023	190.60824584960938	37.66510772705078
134.51719665527344	28.108531951904297	193.77896118164062	38.291656494140625
133.60769653320312	26.941730499267578	196.44830322265625	38.819129943847656
131.28857421875	26.184972763061523	201.7609405517578	39.868934631347656
130.3978271484375	29.081945419311523	201.9746856689453	39.911170959472656
135.47506713867188	26.512191772460938	203.5498504638672	40.22243118286133
130.59918212890625	28.764286041259766	203.0712127685547	40.12784957885742
122.9034194946289	26.964126586914062	201.99453735351562	39.91508865356445
128.18545532226562	26.997638702392578	198.97994995117188	39.319393157958984
126.7208251953125	28.552974700927734	197.87832641601562	39.101707458496094
127.1413345336914	31.201183319091797	198.84725952148438	39.293174743652344
135.5315399169922	27.666284561157227	195.31326293945312	38.59484100341797
134.91094970703125	29.06390380859375	192.829345703125	38.10401153564453
127.29841613769531	29.493328094482422	192.27793884277344	37.995052337646484
124.56535339355469	29.42919921875	195.19566345214844	38.57161331176758
126.83207702636719	27.51145362854004	196.73387145996094	38.875572204589844
123.62031555175781	28.702713012695312	196.5225830078125	38.83381271362305
116.92942810058594	27.381200790405273	198.62350463867188	39.248966217041016
120.25860595703125	28.528905868530273	197.61878967285156	39.05042266845703
113.2709732055664	30.086894989013672	198.51255798339844	39.22703170776367
113.6699447631836	33.85247802734375	199.1059112548828	39.34428405761719
114.89964294433594	32.250083923339844	198.2447509765625	39.17412185668945
107.67867279052734	34.39397430419922	199.01150512695312	39.32563018798828
109.19168853759766	30.1214599609375	200.44171142578125	39.608245849609375
116.43934631347656	29.6610107421875	197.91061401367188	39.10808563232422
101.25257873535156	30.10418701171875	198.48365783691406	39.22132110595703
108.27294921875	28.505313873291016	202.4696502685547	40.00897216796875
112.35630798339844	29.162090301513672	202.35806274414062	39.98691940307617
112.89524841308594	29.251983642578125	202.57131958007812	40.02906036376953
115.45123291015625	31.117565155029297	200.80364990234375	39.67976379394531
109.91497802734375	31.02608871459961	201.1470489501953	39.74761962890625
115.7826919555664	32.3422737121582	198.6287841796875	39.25
111.7540054321289	32.39466094970703	199.13107299804688	39.34925079345703
116.79144287109375	30.9356689453125	195.34439086914062	38.60097885131836
116.1670150756836	29.293445587158203	197.2700958251953	38.98150634765625
113.98899841308594	30.49395179748535	195.8607635498047	38.7030143737793
106.28965759277344	27.433176040649414	198.1313018798828	39.15167999267578
110.2850112915039	27.638412475585938	195.52415466308594	38.636497497558594
112.99186706542969	26.883026123046875	199.15029907226562	39.3530387878418
117.52008056640625	29.518001556396484	199.57484436035156	39.43693161010742
118.89876556396484	28.588464736938477	198.87100219726562	39.297847747802734
120.10650634765625	31.350122451782227	199.0872344970703	39.340579986572266
120.52690124511719	31.259521484375	199.66140747070312	39.454036712646484
115.92875671386719	33.711517333984375	196.1793670654297	38.765968322753906
113.72027587890625	30.283191680908203	201.06251525878906	39.73089599609375
114.35482025146484	31.394887924194336	199.1572723388672	39.354408264160156
114.11761474609375	30.020832061767578	198.58145141601562	39.24061965942383
111.86466217041016	29.869836807250977	201.6412811279297	39.84525680541992
112.94351959228516	27.46413803100586	204.3011932373047	40.37086868286133
109.6100845336914	24.6142520904541	208.955322265625	41.29054641723633
103.59175109863281	26.90017318725586	208.4455108642578	41.1898078918457
112.3451156616211	29.05361557006836	208.7361297607422	41.24723815917969
112.6883773803711	27.6363468170166	207.7925262451172	41.0607795715332
112.4649429321289	27.348957061767578	207.5159912109375	41.006141662597656
115.66751861572266	29.100805282592773	204.58277893066406	40.42652130126953
106.99869537353516	27.94215965270996	206.3462371826172	40.774986267089844
109.55850982666016	28.466150283813477	203.803955078125	40.272621154785156
117.72309875488281	26.8800048828125	200.52041625976562	39.623779296875
107.50135803222656	29.106237411499023	198.67864990234375	39.25983810424805
125.7281723022461	30.60122299194336	196.14834594726562	38.75983428955078
117.91922760009766	31.016647338867188	195.1241912841797	38.557456970214844
113.2381820678711	30.066864013671875	198.06715393066406	39.138999938964844
108.3728256225586	29.094486236572266	198.80770874023438	39.28533935546875
113.99681091308594	28.9981689453125	195.87661743164062	38.706138610839844
119.85307312011719	27.04927635192871	192.9066925048828	38.119266510009766
112.23658752441406	29.41192054748535	193.1598358154297	38.169288635253906
114.73283386230469	29.168048858642578	196.14602661132812	38.759376525878906
116.72908020019531	27.685155868530273	197.14700317382812	38.95717239379883
118.81858825683594	29.373279571533203	196.3334503173828	38.79641342163086
114.26790618896484	32.19575119018555	195.6467742919922	38.66072463989258
110.0570068359375	31.532596588134766	196.06369018554688	38.74311065673828
118.9739761352539	31.76833152770996	194.7772216796875	38.48889923095703
113.91996765136719	28.6768741607666	193.79611206054688	38.29502868652344
117.5341796875	29.296560287475586	194.49502563476562	38.433135986328125
112.89111328125	31.6081600189209	194.36572265625	38.40758514404297
112.4828109741211	30.77128028869629	189.2106475830078	37.388916015625
108.67794036865234	31.69254493713379	186.4154815673828	36.836578369140625
111.823974609375	30.22939109802246	186.7220458984375	36.897159576416016
110.2740707397461	31.94095802307129	185.8695831298828	36.72871017456055
117.19441223144531	29.336360931396484	187.3845672607422	37.028076171875
119.96055603027344	27.75246810913086	186.10903930664062	36.776023864746094
116.16911315917969	33.5206298828125	185.2566375732422	36.607582092285156
115.54035949707031	32.746376037597656	184.14488220214844	36.38789749145508
123.76594543457031	35.30023193359375	185.22805786132812	36.60193634033203
121.78153991699219	35.59612274169922	183.02194213867188	36.1660041809082
108.96707916259766	34.494361877441406	180.91937255859375	35.750526428222656
123.0445327758789	33.695411682128906	177.03717041015625	34.98338317871094
123.7050552368164	33.59906768798828	177.20872497558594	35.01728439331055
119.60294342041016	30.6225528717041	178.55123901367188	35.282569885253906
117.140625	30.007884979248047	180.0274658203125	35.57427978515625
115.77616119384766	31.859018325805664	179.94764709472656	35.558509826660156
122.29307556152344	36.55485153198242	177.97669982910156	35.169044494628906
123.44197845458984	37.52414321899414	176.51063537597656	34.87934112548828
126.38037109375	38.311370849609375	177.11666870117188	34.99909591674805
117.6076431274414	39.52302169799805	177.21688842773438	35.01890182495117
127.03022766113281	39.97309112548828	176.7046356201172	34.91767883300781
127.6833267211914	37.63109588623047	174.8658447265625	34.55432891845703
124.96113586425781	36.95380783081055	177.62066650390625	35.09869384765625
125.96501159667969	37.7507438659668	180.5545654296875	35.678443908691406
