287.0	119.0	21.0	53.0
287.0	119.0	22.0	54.0
288.4497985839844	118.47750091552734	21.364532470703125	52.440208435058594
289.4510803222656	119.40714263916016	21.14542579650879	51.90240478515625
289.43206787109375	119.24028015136719	20.894939422607422	51.287574768066406
289.48016357421875	120.0162124633789	20.580524444580078	50.515830993652344
290.4324035644531	118.5384521484375	20.18814468383789	49.552711486816406
291.15570068359375	117.78177642822266	19.840890884399414	48.70035934448242
290.6211853027344	117.28096008300781	19.955020904541016	48.980491638183594
290.11248779296875	117.25770568847656	19.61568260192871	48.1475715637207
291.3853454589844	118.6841049194336	19.674211502075195	48.29123306274414
290.88079833984375	119.41732025146484	19.69853973388672	48.350948333740234
289.50311279296875	119.5806655883789	20.159055709838867	49.48130416870117
290.0	118.0	18.0	52.0
290.1719665527344	117.7014389038086	17.99136734008789	51.975059509277344
289.8145446777344	116.64619445800781	17.833101272583008	51.517845153808594
290.13818359375	117.3608169555664	18.138853073120117	52.40113067626953
290.6742248535156	117.01277923583984	18.151805877685547	52.43854904174805
291.44866943359375	117.9304428100586	18.47720718383789	53.37859344482422
290.419189453125	116.69624328613281	18.091381072998047	52.26398849487305
290.0	115.0	19.0	55.0
290.0	115.0	19.0	56.0
289.0	116.0	20.0	56.0
289.0	117.0	20.0	55.0
289.0	116.0	20.0	57.0
287.8120422363281	115.9625244140625	19.73842430114746	56.25450897216797
288.0	115.0	21.0	58.0
289.30291748046875	115.62425231933594	20.836416244506836	57.54819869995117
289.2314453125	115.69758605957031	21.099681854248047	58.27531051635742
289.8954772949219	116.99349212646484	21.25855255126953	58.7140998840332
290.33856201171875	115.31181335449219	21.325580596923828	58.89922332763672
292.44793701171875	114.69058990478516	21.224782943725586	58.620826721191406
291.0179138183594	114.89787292480469	21.490690231323242	59.3552360534668
291.57757568359375	114.4736557006836	21.725303649902344	60.00321578979492
292.29913330078125	114.692138671875	21.395572662353516	59.092529296875
292.7457580566406	113.77909088134766	21.265615463256836	58.73359298706055
293.1971435546875	115.01167297363281	21.787181854248047	60.174110412597656
293.37103271484375	114.68022155761719	21.89881134033203	60.482421875
293.9048767089844	117.8326644897461	21.537765502929688	59.485252380371094
295.67840576171875	116.57828521728516	21.471078872680664	59.30106735229492
296.08843994140625	114.23249816894531	21.223129272460938	58.61625289916992
295.4130859375	116.14703369140625	21.11764907836914	58.324920654296875
297.433837890625	116.74867248535156	21.006563186645508	58.01810836791992
297.8751525878906	116.74169921875	20.838781356811523	57.554710388183594
297.6192932128906	116.78096008300781	20.76702117919922	57.35651397705078
298.1880798339844	117.57380676269531	20.630348205566406	56.979042053222656
298.0	119.0	22.0	56.0
299.7021789550781	117.064208984375	22.37453269958496	56.9533576965332
300.0	118.0	23.0	54.0
300.0	118.0	24.0	55.0
299.932373046875	119.10062408447266	24.34078598022461	55.780967712402344
302.72625732421875	119.17259216308594	24.375873565673828	55.86137008666992
301.51873779296875	118.0860595703125	24.45144271850586	56.03455352783203
303.0	119.0	24.0	53.0
300.0	118.0	26.0	55.0
302.23309326171875	121.188232421875	25.65398597717285	54.26804733276367
301.7506103515625	118.86158752441406	26.292327880859375	55.618385314941406
305.0	118.0	24.0	58.0
305.0	118.0	24.0	57.0
303.3257751464844	118.13688659667969	24.131851196289062	57.313148498535156
304.30767822265625	119.14189147949219	24.1064395904541	57.2527961730957
308.0	118.0	25.0	58.0
307.2762756347656	117.7169189453125	24.98245620727539	57.95929718017578
309.0	117.0	26.0	59.0
306.61376953125	117.41389465332031	25.801494598388672	58.5495491027832
306.79095458984375	117.0385971069336	25.56540298461914	58.01380157470703
308.7146911621094	117.97403717041016	25.81122398376465	58.571624755859375
310.0	118.0	24.0	59.0
312.37835693359375	118.5172119140625	23.581979751586914	57.97236251831055
312.68780517578125	118.86894226074219	23.65839195251465	58.16020965576172
312.3238220214844	119.7550048828125	23.25911521911621	57.17864990234375
313.3467712402344	118.95743560791016	22.81498146057129	56.086822509765625
313.9231262207031	118.51515197753906	23.1462345123291	56.901153564453125
312.5514221191406	119.00837707519531	22.457408905029297	55.207794189453125
314.25164794921875	118.78536224365234	22.33885383605957	54.916343688964844
317.1949768066406	121.98213958740234	22.31857681274414	54.866493225097656
317.0	117.0	26.0	61.0
315.52728271484375	115.39239501953125	26.079559326171875	61.1866569519043
316.8719482421875	117.01545715332031	26.32403564453125	61.7602424621582
316.8944091796875	114.9488754272461	26.35407066345215	61.830711364746094
318.2828369140625	114.68631744384766	26.627696990966797	62.472686767578125
319.8670349121094	113.28248596191406	26.64362144470215	62.510047912597656
320.5107727050781	114.38838195800781	26.786544799804688	62.845367431640625
321.13006591796875	113.86236572265625	26.498233795166016	62.16893768310547
321.09503173828125	114.36458587646484	26.33504867553711	61.78608322143555
321.425048828125	115.4517593383789	26.624248504638672	62.464599609375
320.2682189941406	115.2879638671875	26.40407371520996	61.94804000854492
319.56610107421875	114.5444107055664	25.87288475036621	60.7017936706543
319.10614013671875	116.71659851074219	25.355443954467773	59.48780059814453
319.82781982421875	117.29231262207031	25.30530548095703	59.37016677856445
322.5169982910156	118.24201965332031	24.97882652282715	58.60419845581055
321.71978759765625	117.5565185546875	24.5714168548584	57.648353576660156
324.0	117.0	23.0	62.0
321.86016845703125	114.7247543334961	23.342754364013672	62.9239501953125
321.98345947265625	112.63704681396484	23.273967742919922	62.738525390625
323.35382080078125	113.84659576416016	23.432903289794922	63.166961669921875
322.9141540527344	115.2251968383789	23.079294204711914	62.2137565612793
324.39874267578125	114.98991394042969	23.184406280517578	62.497108459472656
325.4837951660156	114.4081039428711	23.11388397216797	62.3070068359375
328.0	118.0	26.0	59.0
323.82470703125	115.29014587402344	26.374935150146484	59.8508186340332
323.6825256347656	114.84671783447266	26.777210235595703	60.763671875
325.44635009765625	114.68620300292969	26.522857666015625	60.186485290527344
325.17547607421875	116.90438079833984	27.004608154296875	61.279693603515625
326.6749572753906	118.09969329833984	27.34356689453125	62.04887008666992
328.0	119.0	24.0	57.0
327.97003173828125	119.95355224609375	24.42583656311035	58.01136016845703
326.93963623046875	118.76261901855469	24.483348846435547	58.14794921875
327.0	118.0	23.0	58.0
325.53021240234375	119.27012634277344	23.20575714111328	58.51886749267578
324.663818359375	120.69840240478516	23.090993881225586	58.229469299316406
7.0	160.0	26.0	80.0
4.0	164.0	27.0	76.0
3.0	166.0	26.0	76.0
1.0	162.0	26.0	79.0
0.0	161.0	26.0	79.0
0.0	161.0	24.0	82.0
0.0	163.0	23.0	81.0
0.0	163.0	21.0	79.0
0.0	164.0	20.0	77.0
0.0	164.0	19.0	77.0
0.0	165.0	19.0	75.0
0.0	166.0	18.0	75.0
0.0	168.0	17.0	78.0
0.0	169.0	16.0	77.0
0.0	170.0	16.0	77.0
0.0	170.0	15.0	77.0
0.0	171.0	13.0	76.0
0.0	171.0	12.0	75.0
0.0	182.0	10.0	67.0
0.0	176.0	11.0	74.0
-1.9878337383270264	172.51507568359375	10.748964309692383	72.31120300292969
0.0	183.0	9.0	58.0
0.0	189.0	9.0	45.0
-1.0898915529251099	183.15966796875	10.0	45.11995315551758
-0.8439550399780273	182.20095825195312	10.021116256713867	44.44794464111328
-1.0169074535369873	181.9096221923828	10.081547737121582	44.06028366088867
-1.0561954975128174	181.5504608154297	10.167253494262695	44.41858673095703
-2.132065534591675	180.9791717529297	10.152873039245605	44.34014892578125
-2.396878719329834	183.43406677246094	10.13914680480957	44.25597381591797
-2.0983073711395264	184.44149780273438	10.239173889160156	44.69257736206055
-1.552122712135315	180.70700073242188	10.147659301757812	44.17055892944336
0.0	186.0	6.0	64.0
0.0	185.0	6.0	66.0
0.0	188.0	8.0	67.0
0.0	185.0	9.0	71.0
0.0	186.0	9.0	70.0
0.0	185.0	10.0	71.0
0.0	152.0	10.0	98.0
0.0	185.0	10.0	71.0
2.0	186.0	5.0	5.0
17.61566925048828	182.58718872070312	6.441510200500488	10.503591537475586
15.88530445098877	151.6842041015625	4.136035442352295	18.814481735229492
9.184412956237793	149.02194213867188	10.0	18.536785125732422
-0.18296031653881073	150.22506713867188	10.052910804748535	18.44109535217285
-1.4780819416046143	148.6611328125	10.024117469787598	18.169212341308594
-4.607576370239258	143.3238525390625	10.379823684692383	20.4333438873291
-4.653469085693359	133.9775390625	5.415142059326172	16.47705078125
22.96503448486328	99.69126892089844	-10.08204174041748	16.880496978759766
40.60441589355469	86.19690704345703	-3.1621761322021484	29.366464614868164
41.28834915161133	86.72754669189453	10.567878723144531	47.49522018432617
58.23845291137695	81.56336975097656	10.495019912719727	47.16777420043945
61.920989990234375	83.19749450683594	10.45362663269043	46.98174285888672
55.27016067504883	80.97681427001953	12.286283493041992	47.73194122314453
47.17000961303711	80.24272918701172	12.033124923706055	45.70281219482422
61.501747131347656	81.87964630126953	12.152382850646973	46.155765533447266
59.07014083862305	81.36486053466797	12.391621589660645	47.064414978027344
52.70833969116211	80.57486724853516	12.826570510864258	46.21564865112305
44.75321578979492	78.74465942382812	13.376996994018555	45.08026885986328
38.19412612915039	76.68749237060547	13.754806518554688	43.97217559814453
33.69169235229492	74.03426361083984	14.43665885925293	44.09584045410156
48.17825698852539	86.54661560058594	14.278610229492188	43.61309051513672
323.0	131.0	20.0	59.0
324.0	131.0	20.0	58.0
354.0	132.0	21.0	61.0
354.5467224121094	129.64093017578125	21.292240142822266	61.8488883972168
354.1318359375	127.29410552978516	21.08266258239746	61.24011993408203
354.59423828125	129.78744506835938	20.69858169555664	60.12445068359375
356.2772521972656	127.2551040649414	20.70481300354004	60.142547607421875
355.2828063964844	128.7957763671875	20.628841400146484	59.921875
355.01434326171875	129.96182250976562	20.439592361450195	59.37214279174805
355.1114196777344	131.30905151367188	20.3851318359375	59.213951110839844
355.1304016113281	131.13619995117188	20.297637939453125	58.959808349609375
354.0	135.0	19.0	58.0
354.0	134.0	19.0	58.0
352.1568908691406	131.8176727294922	19.57901954650879	59.76753616333008
350.53594970703125	131.4067840576172	19.800251007080078	60.44287109375
349.0	135.0	19.0	60.0
346.8094177246094	132.9128875732422	19.40453338623047	61.27747344970703
344.0	138.0	20.0	54.0
342.0	138.0	20.0	55.0
341.15179443359375	136.91470336914062	20.349653244018555	55.9615478515625
338.0	139.0	20.0	60.0
334.77685546875	138.15773010253906	20.20829963684082	60.624900817871094
329.0	142.0	22.0	57.0
326.0	144.0	21.0	61.0
322.0	143.0	22.0	62.0
317.19439697265625	143.5459442138672	21.579370498657227	60.8145866394043
313.0	143.0	23.0	62.0
307.0	143.0	25.0	63.0
303.9393615722656	143.27426147460938	24.498027801513672	61.73502731323242
298.0	142.0	26.0	62.0
293.6478271484375	141.5822296142578	26.28586769104004	62.68168258666992
285.91546630859375	142.0174102783203	26.320781707763672	62.76494598388672
279.46038818359375	141.4521026611328	26.28034019470215	62.66851043701172
264.0	141.0	29.0	62.0
261.2448425292969	142.27249145507812	28.92826271057129	61.84663009643555
253.8480987548828	142.70419311523438	29.367931365966797	62.7866096496582
247.218505859375	142.6145477294922	29.307580947875977	62.65757369995117
240.0	142.0	28.0	63.0
232.0	142.0	29.0	63.0
226.0168914794922	141.40408325195312	28.927326202392578	62.84212112426758
219.0	142.0	28.0	62.0
211.0	141.0	28.0	64.0
205.0	143.0	27.0	62.0
199.18685913085938	145.26034545898438	26.961599349975586	61.911827087402344
194.0	142.0	27.0	62.0
188.217041015625	142.1244659423828	26.79916000366211	61.538818359375
183.77333068847656	144.68101501464844	26.654281616210938	61.20613479614258
177.35983276367188	143.06039428710938	26.24599266052246	60.268577575683594
171.0	141.0	25.0	63.0
166.45925903320312	139.1555938720703	24.95370864868164	62.88335037231445
158.14199829101562	140.82730102539062	25.07095718383789	63.17881393432617
152.92984008789062	140.65277099609375	25.493831634521484	64.24445343017578
148.66497802734375	140.68438720703125	25.595813751220703	64.50144958496094
142.72811889648438	139.31015014648438	26.171289443969727	65.95164489746094
133.9637451171875	139.45794677734375	25.809494018554688	65.03993225097656
126.16859436035156	137.7347869873047	26.00615882873535	65.53551483154297
120.42503356933594	135.46743774414062	26.464885711669922	66.6915054321289
312.0	151.0	29.0	66.0
305.0	153.0	29.0	64.0
299.0	152.0	29.0	65.0
295.0	151.0	28.0	65.0
292.845703125	154.09739685058594	27.58559799194336	64.03799438476562
287.20159912109375	153.16812133789062	27.938827514648438	64.85799407958984
85.0	138.0	30.0	67.0
357.0	146.0	26.0	78.0
353.0	147.0	26.0	74.0
349.0	148.0	27.0	74.0
347.0	148.0	26.0	76.0
344.0176696777344	144.48208618164062	26.463134765625	77.3537826538086
344.0087890625	142.9766387939453	26.33636474609375	76.98323059082031
344.80859375	143.96115112304688	26.275005340576172	76.80387878417969
343.0	147.0	27.0	76.0
340.1732482910156	144.41043090820312	27.070049285888672	76.19718170166016
337.92169189453125	142.79739379882812	27.531085968017578	77.49491882324219
336.8226623535156	144.5316619873047	27.313411712646484	76.88221740722656
336.17047119140625	143.11595153808594	28.09792709350586	79.09048461914062
333.85723876953125	143.76901245117188	28.343097686767578	79.78059387207031
330.8296813964844	144.1477508544922	28.278610229492188	79.59906768798828
329.0	148.0	26.0	73.0
328.0	148.0	25.0	75.0
324.0	146.0	25.0	76.0
321.4801025390625	145.44839477539062	24.820859909057617	75.45541381835938
316.26812744140625	144.7124786376953	25.266666412353516	76.81067657470703
314.0235595703125	143.1620330810547	25.744213104248047	78.26243591308594
309.6966857910156	143.00717163085938	25.865894317626953	78.6323471069336
309.3056640625	146.27456665039062	25.95602035522461	78.90632629394531
310.0	145.0	26.0	75.0
310.0	145.0	27.0	75.0
311.0	146.0	27.0	73.0
311.0	147.0	27.0	75.0
312.25970458984375	147.23312377929688	27.0471248626709	75.13090515136719
310.97174072265625	147.7799072265625	27.219873428344727	75.61076354980469
310.9702453613281	146.24539184570312	27.238794326782227	75.66331481933594
313.0	146.0	26.0	74.0
224.0	147.0	27.0	66.0
226.8236083984375	148.68905639648438	27.269084930419922	66.65776062011719
230.0	148.0	24.0	68.0
232.0	147.0	24.0	68.0
234.0	146.0	25.0	70.0
234.2989959716797	147.2672119140625	25.574176788330078	71.60769653320312
237.8339080810547	147.73040771484375	25.617740631103516	71.72966766357422
239.62637329101562	147.1287841796875	25.41604232788086	71.16492462158203
239.3335418701172	148.67758178710938	25.53984260559082	71.51156616210938
240.85595703125	147.22674560546875	25.715417861938477	72.00318145751953
242.9174041748047	149.1749725341797	25.846691131591797	72.3707504272461
331.0	145.0	31.0	75.0
331.48779296875	144.31134033203125	31.542394638061523	76.31224060058594
336.0	146.0	26.0	72.0
337.0	145.0	27.0	74.0
339.0	143.0	28.0	78.0
341.0	143.0	28.0	78.0
339.9437255859375	140.73721313476562	27.681686401367188	77.11326599121094
340.7605285644531	140.05380249023438	27.923519134521484	77.78694915771484
344.0	145.0	25.0	75.0
344.0	144.0	25.0	76.0
346.0	143.0	27.0	76.0
346.0	143.0	28.0	77.0
347.0	143.0	27.0	77.0
348.0	143.0	26.0	76.0
348.0	143.0	26.0	76.0
349.0	142.0	26.0	78.0
349.0	142.0	26.0	77.0
351.0	145.0	25.0	74.0
351.0	141.0	28.0	78.0
352.0	141.0	26.0	78.0
352.0	142.0	26.0	77.0
353.0	141.0	28.0	77.0
353.0	141.0	28.0	77.0
354.0	140.0	28.0	78.0
353.5514221191406	139.33755493164062	28.294979095458984	78.82173156738281
355.0	141.0	28.0	76.0
355.0	140.0	28.0	77.0
355.0	141.0	28.0	76.0
356.0	141.0	27.0	76.0
356.0	140.0	27.0	76.0
356.0	140.0	27.0	76.0
357.0	140.0	26.0	76.0
356.0	140.0	28.0	76.0
356.0	140.0	28.0	75.0
356.0	140.0	27.0	77.0
356.0	140.0	27.0	76.0
356.0	140.0	27.0	75.0
356.0	140.0	27.0	75.0
356.0	141.0	27.0	75.0
355.0	141.0	28.0	74.0
355.0	141.0	28.0	74.0
355.0	141.0	27.0	74.0
355.0	140.0	27.0	74.0
354.0	140.0	28.0	75.0
354.0	140.0	27.0	74.0
354.0	140.0	26.0	74.0
352.0	140.0	24.0	76.0
351.0	141.0	24.0	74.0
350.0	141.0	24.0	75.0
349.0	141.0	25.0	74.0
348.0	141.0	26.0	75.0
347.0	141.0	27.0	74.0
347.0	140.0	27.0	73.0
347.0	141.0	26.0	73.0
346.0	141.0	27.0	74.0
345.0	141.0	27.0	74.0
344.0	140.0	27.0	75.0
344.0	140.0	26.0	75.0
343.0	140.0	27.0	73.0
342.0	140.0	26.0	74.0
342.0	140.0	25.0	73.0
343.02838134765625	141.0309295654297	24.80413055419922	72.42805480957031
343.383544921875	137.41549682617188	24.487642288208008	71.50389862060547
340.99957275390625	139.5289764404297	24.425024032592773	71.32105255126953
338.499267578125	136.5727081298828	24.96930503845215	72.91036224365234
339.3908386230469	138.48486328125	25.252073287963867	73.73603820800781
334.0	138.0	27.0	74.0
336.17755126953125	141.7303466796875	27.129444122314453	74.35478210449219
335.5011901855469	141.30410766601562	26.898853302001953	73.7227783203125
318.96051025390625	144.1682891845703	26.863826751708984	73.62678527832031
332.0	140.0	27.0	73.0
331.1392517089844	143.30575561523438	26.496719360351562	71.6392822265625
330.2536315917969	141.737060546875	26.45444679260254	71.52499389648438
330.3086242675781	144.9027862548828	26.322002410888672	71.16691589355469
329.8599548339844	144.1130828857422	26.289836883544922	71.0799560546875
327.74298095703125	144.1500244140625	26.104888916015625	70.57991027832031
327.84259033203125	145.07186889648438	26.31064796447754	71.13622283935547
327.74456787109375	147.3446807861328	25.719478607177734	69.53787994384766
330.2415466308594	150.77053833007812	25.640817642211914	69.3251953125
332.85638427734375	151.79537963867188	25.198637008666992	68.12967681884766
319.07989501953125	138.5582733154297	25.218521118164062	68.18344116210938
318.2648010253906	142.80142211914062	25.247188568115234	68.26094818115234
318.93035888671875	144.85838317871094	25.103721618652344	67.873046875
319.5120849609375	143.62466430664062	25.133071899414062	67.95240020751953
317.20849609375	142.25320434570312	25.637283325195312	69.31564331054688
315.0	139.0	26.0	72.0
315.0	139.0	25.0	70.0
313.0	139.0	26.0	70.0
312.0	138.0	25.0	71.0
312.0	137.0	23.0	71.0
310.0	136.0	23.0	74.0
309.0	138.0	23.0	72.0
309.0	138.0	23.0	70.0
309.64703369140625	137.0231475830078	23.20193862915039	70.61459350585938
308.0	138.0	22.0	65.0
307.28814697265625	133.22265625	22.321577072143555	65.95011901855469
306.64068603515625	129.54080200195312	22.539043426513672	66.5926284790039
307.1568298339844	130.44488525390625	22.48762321472168	66.44070434570312
307.9281311035156	131.09713745117188	22.025400161743164	65.0750503540039
305.14453125	137.38839721679688	22.323848724365234	65.95683288574219
298.1632385253906	150.87655639648438	22.249828338623047	65.7381362915039
299.68060302734375	154.02957153320312	22.116525650024414	65.34428405761719
298.8792724609375	146.03453063964844	22.23830795288086	65.70408630371094
298.6453857421875	142.11294555664062	22.081113815307617	65.2396469116211
291.27545166015625	140.25167846679688	22.554128646850586	66.63719177246094
293.0	138.0	21.0	68.0
290.0	140.0	24.0	66.0
289.0	137.0	26.0	72.0
288.0	139.0	26.0	70.0
287.0	139.0	27.0	69.0
286.0	139.0	28.0	69.0
286.5968322753906	141.10671997070312	27.848058700561523	68.62556457519531
284.9218444824219	141.76071166992188	27.92169189453125	68.8070068359375
284.0482177734375	142.50546264648438	27.89850425720215	68.74986267089844
282.58258056640625	140.1826934814453	27.5519962310791	67.8959732055664
280.9071960449219	141.5561065673828	27.6218204498291	68.06803894042969
280.1047058105469	139.205810546875	27.201732635498047	67.03282165527344
279.0	137.0	24.0	70.0
278.3739013671875	139.3603515625	23.99460220336914	69.9842529296875
276.0	139.0	24.0	67.0
276.51239013671875	139.2300262451172	23.97735023498535	66.936767578125
273.0	137.0	25.0	70.0
271.0	137.0	26.0	71.0
273.47833251953125	138.90420532226562	26.360042572021484	71.98319244384766
272.28839111328125	138.49618530273438	26.693683624267578	72.89427947998047
270.83868408203125	138.13308715820312	26.624019622802734	72.70404815673828
269.66162109375	137.4475555419922	26.243671417236328	71.6654052734375
269.19866943359375	139.8250732421875	26.09795570373535	71.26749420166016
268.0	138.0	25.0	68.0
266.88824462890625	138.4262237548828	25.146106719970703	68.39741516113281
267.0	137.0	22.0	68.0
267.0	138.0	21.0	67.0
264.0	138.0	22.0	67.0
262.0	138.0	24.0	68.0
260.0	137.0	25.0	68.0
258.0	137.0	26.0	69.0
257.0	137.0	26.0	69.0
256.0	137.0	27.0	69.0
254.0	138.0	28.0	68.0
254.0	139.0	27.0	67.0
253.37936401367188	140.37155151367188	26.703018188476562	66.26304626464844
255.0	138.0	23.0	68.0
251.0	137.0	26.0	70.0
252.0	136.0	24.0	68.0
250.1827850341797	138.8658905029297	24.230037689208984	68.65177917480469
249.0	136.0	23.0	70.0
247.0	135.0	24.0	73.0
246.0	135.0	24.0	72.0
244.0	136.0	25.0	69.0
242.0	135.0	25.0	69.0
240.0	135.0	26.0	71.0
242.18307495117188	139.6198272705078	26.317459106445312	71.86690521240234
239.0	136.0	26.0	70.0
241.0644989013672	140.63995361328125	26.3963565826416	71.06710815429688
238.53567504882812	139.4352569580078	26.642292022705078	71.72923278808594
237.89578247070312	137.48487854003906	26.699081420898438	71.88212585449219
235.48837280273438	137.92654418945312	26.383066177368164	71.03131103515625
235.13522338867188	136.26736450195312	26.290496826171875	70.7820816040039
237.0	137.0	20.0	66.0
235.0	137.0	21.0	66.0
233.0	138.0	22.0	65.0
231.0	138.0	23.0	66.0
230.0	137.0	24.0	68.0
228.0	137.0	25.0	68.0
226.0	138.0	26.0	66.0
225.4418487548828	138.1387481689453	26.171051025390625	66.4342041015625
225.40274047851562	139.42442321777344	26.24930191040039	66.6328353881836
224.0	137.0	25.0	68.0
223.54568481445312	137.7578125	24.866535186767578	67.63697052001953
221.0	137.0	25.0	68.0
220.0	136.0	25.0	68.0
220.0	136.0	24.0	67.0
219.0	136.0	23.0	67.0
218.0	137.0	22.0	67.0
217.0	134.0	24.0	69.0
217.0	133.0	23.0	69.0
218.0	135.0	21.0	66.0
219.0	135.0	19.0	66.0
218.1508026123047	128.82943725585938	18.806005477905273	65.32612609863281
219.1096649169922	131.75808715820312	18.722286224365234	65.03532409667969
219.38864135742188	128.92953491210938	18.672208786010742	64.86136627197266
207.0	144.0	26.0	71.0
209.74411010742188	142.77212524414062	25.799983978271484	70.45381164550781
211.0	152.0	22.0	61.0
210.7908935546875	152.42123413085938	21.92751693725586	60.79902267456055
208.5779266357422	148.01339721679688	21.80916976928711	60.47087860107422
204.5838165283203	138.4821014404297	22.309823989868164	61.85905075073242
204.0171661376953	138.19911193847656	22.239198684692383	61.66322708129883
203.0	135.0	24.0	71.0
201.0	137.0	25.0	69.0
199.0	136.0	25.0	69.0
197.87747192382812	134.80946350097656	25.569576263427734	70.57203674316406
198.0	136.0	24.0	67.0
194.0	139.0	26.0	67.0
194.0	139.0	25.0	68.0
194.0	139.0	24.0	68.0
197.0	136.0	22.0	65.0
195.0	134.0	23.0	68.0
193.8380889892578	137.26296997070312	22.68148422241211	67.05830383300781
196.0	136.0	20.0	67.0
193.8444061279297	136.92471313476562	20.196308135986328	67.65763092041016
178.0	143.0	32.0	77.0
181.3584442138672	136.2030792236328	31.610279083251953	76.06224060058594
181.1615753173828	137.99758911132812	31.2852725982666	75.28019714355469
180.12010192871094	139.3334197998047	31.91927719116211	76.8057632446289
180.58157348632812	135.15463256835938	31.327220916748047	75.3811264038086
181.0480499267578	141.04872131347656	31.29935073852539	75.31407165527344
181.19366455078125	142.0786590576172	31.098369598388672	74.83045959472656
182.20260620117188	136.77426147460938	31.379180908203125	75.50615692138672
181.83242797851562	140.3841552734375	31.03501319885254	74.67799377441406
185.0	144.0	28.0	74.0
184.6924591064453	143.73446655273438	27.676620483398438	73.14535522460938
184.99423217773438	145.1943817138672	27.85025978088379	73.604248046875
185.6126708984375	143.9544219970703	27.864482879638672	73.64183044433594
185.96536254882812	144.95863342285156	27.5205020904541	72.73273468017578
186.59725952148438	145.04641723632812	27.912490844726562	73.7686996459961
185.83401489257812	145.99929809570312	27.446674346923828	72.53761291503906
187.7642364501953	146.51083374023438	27.239177703857422	71.98922729492188
188.35421752929688	144.88125610351562	27.623437881469727	73.00477600097656
188.23143005371094	144.83038330078125	27.321277618408203	72.20620727539062
187.34173583984375	147.374267578125	27.245807647705078	72.00675201416016
187.75631713867188	145.17135620117188	27.1889591217041	71.85649871826172
251.0	145.0	28.0	61.0
250.8557586669922	146.70504760742188	28.073307037353516	61.159706115722656
250.0	145.0	27.0	62.0
250.0	143.0	27.0	64.0
248.7020721435547	146.73947143554688	27.309362411499023	64.7332992553711
247.0	146.0	28.0	62.0
248.28500366210938	150.2958526611328	28.07588768005371	62.16803741455078
247.0	146.0	26.0	69.0
247.0	144.0	25.0	66.0
249.4480743408203	146.9184112548828	24.989715576171875	65.97284698486328
249.8798828125	145.09024047851562	25.245092391967773	66.64704895019531
249.1982421875	147.15975952148438	25.30721664428711	66.8110580444336
249.51712036132812	145.9833984375	25.657962799072266	67.73703002929688
248.9938201904297	147.60214233398438	25.236644744873047	66.62474822998047
250.235595703125	146.04583740234375	25.335430145263672	66.88553619384766
248.0	146.0	24.0	62.0
250.8969268798828	147.28550720214844	23.902395248413086	61.74785614013672
253.0	148.0	20.0	62.0
255.21054077148438	146.28514099121094	20.212522506713867	62.65882110595703
236.748046875	145.11419677734375	20.04214096069336	62.13063430786133
247.0	152.0	26.0	75.0
252.0	152.0	25.0	72.0
254.0	150.0	28.0	75.0
265.0	157.0	21.0	60.0
248.0	145.0	22.0	62.0
249.0	145.0	21.0	61.0
248.74609375	148.26602172851562	20.43265724182129	59.35200119018555
246.0	145.0	24.0	64.0
246.2372283935547	148.99241638183594	24.137866973876953	64.36764526367188
246.0	146.0	22.0	62.0
245.0	146.0	23.0	63.0
245.99630737304688	147.91526794433594	22.9255313873291	62.7960205078125
245.58401489257812	149.86697387695312	22.613636016845703	61.94169998168945
243.0	143.0	21.0	65.0
244.7914581298828	144.8512725830078	21.078418731689453	65.24272155761719
244.92184448242188	144.2957763671875	21.40743064880371	66.26109313964844
244.06948852539062	144.1708526611328	21.599206924438477	66.85468292236328
244.45480346679688	147.8687286376953	21.241289138793945	65.74684143066406
243.21029663085938	145.04112243652344	21.32498550415039	66.00590515136719
242.8721923828125	144.30650329589844	21.21002769470215	65.65008544921875
243.00765991210938	144.2181396484375	21.05559730529785	65.17208099365234
242.54800415039062	144.514892578125	20.891651153564453	64.66462707519531
241.46676635742188	143.5906982421875	21.087411880493164	65.27055358886719
239.94766235351562	142.9897918701172	21.276294708251953	65.85518646240234
198.0	142.0	26.0	59.0
198.0	142.0	25.0	59.0
198.0	143.0	23.0	58.0
198.0	142.0	23.0	60.0
199.0	143.0	20.0	60.0
198.0	143.0	20.0	60.0
196.76109313964844	143.26405334472656	19.79596710205078	59.387901306152344
196.0591278076172	141.70932006835938	19.872270584106445	59.6168098449707
196.0	145.0	19.0	58.0
194.9579315185547	143.72396850585938	19.135908126831055	58.41487503051758
194.86923217773438	145.76980590820312	19.557445526123047	59.7016716003418
194.4806671142578	146.00924682617188	19.69527816772461	60.1224250793457
193.60305786132812	150.5927734375	19.87408447265625	60.66826248168945
193.0119171142578	147.67344665527344	20.094175338745117	61.340126037597656
193.56826782226562	150.18295288085938	19.930587768554688	60.84075164794922
218.0	144.0	22.0	63.0
220.6497344970703	146.2396240234375	21.781681060791016	62.37481689453125
205.5580596923828	145.47659301757812	21.632884979248047	61.9487190246582
205.0529327392578	144.71914672851562	21.84121322631836	62.54529571533203
190.0	164.0	26.0	50.0
201.75782775878906	160.79490661621094	26.182998657226562	50.35192108154297
205.1262969970703	158.68997192382812	26.337453842163086	50.648956298828125
206.06942749023438	159.82089233398438	25.740985870361328	49.50189971923828
203.57211303710938	161.1464385986328	25.447265625	48.937049865722656
205.06649780273438	159.44998168945312	25.682292938232422	49.38903045654297
206.3833770751953	159.48892211914062	25.518505096435547	49.07404708862305
206.22042846679688	155.7327117919922	25.829055786132812	49.67125701904297
205.8959197998047	157.0362091064453	25.910873413085938	49.82859420776367
203.9490509033203	159.42526245117188	26.739681243896484	51.422462463378906
196.23484802246094	159.99349975585938	26.8978214263916	51.7265739440918
197.45619201660156	159.494140625	27.613428115844727	53.10274124145508
196.66256713867188	159.33602905273438	27.907073974609375	53.667442321777344
196.2047576904297	156.96759033203125	28.093730926513672	54.026397705078125
196.0569610595703	158.61929321289062	28.270971298217773	54.36724090576172
194.65286254882812	157.4187774658203	28.593334197998047	54.9871711730957
193.4378662109375	157.38134765625	29.045276641845703	55.856285095214844
192.67984008789062	158.5968017578125	29.038293838500977	55.842857360839844
88.0	133.0	24.0	63.0
88.24014282226562	134.64291381835938	23.815959930419922	62.51689529418945
88.2354507446289	134.6148223876953	23.542823791503906	61.7999153137207
86.06874084472656	132.41644287109375	23.513965606689453	61.72416305541992
85.0	133.0	24.0	64.0
84.9125747680664	132.08016967773438	24.06536865234375	64.17430877685547
83.3244400024414	131.54324340820312	24.0711612701416	64.18975067138672
82.0	132.0	23.0	63.0
82.0	131.0	22.0	65.0
81.99676513671875	130.45169067382812	22.438236236572266	66.29478454589844
79.0	131.0	23.0	63.0
80.12159729003906	132.79843139648438	22.644062042236328	62.0250358581543
77.0	131.0	24.0	63.0
78.49958801269531	132.07943725585938	24.09894561767578	63.259727478027344
78.50816345214844	133.38232421875	24.182680130004883	63.47953414916992
77.6229476928711	133.32046508789062	23.658838272094727	62.10444259643555
77.5097427368164	134.21810913085938	23.248071670532227	61.02618408203125
78.89374542236328	131.615234375	23.450435638427734	61.5573844909668
76.0	133.0	20.0	60.0
75.0	133.0	20.0	62.0
75.0	133.0	19.0	61.0
73.0	133.0	20.0	61.0
72.0	132.0	21.0	63.0
71.0	132.0	22.0	62.0
69.0	131.0	23.0	63.0
67.0	131.0	25.0	63.0
68.0	131.0	23.0	63.0
67.0	130.0	23.0	64.0
66.0	130.0	24.0	64.0
66.21099853515625	130.6021270751953	24.114965438842773	64.30657196044922
66.0	131.0	23.0	62.0
65.24654388427734	128.97323608398438	23.4211483001709	63.1352653503418
63.0	127.0	24.0	63.0
63.0	125.0	23.0	63.0
63.0	123.0	23.0	61.0
63.0	121.0	22.0	62.0
63.0	121.0	22.0	62.0
62.0	120.0	22.0	62.0
63.19610595703125	119.8952865600586	22.37575340270996	63.0589485168457
60.0	116.0	23.0	62.0
60.0	115.0	23.0	63.0
60.0	115.0	22.0	61.0
60.0	115.0	22.0	60.0
61.99005126953125	116.37043762207031	21.9884033203125	59.9683723449707
61.251792907714844	115.76265716552734	21.87250518798828	59.65228271484375
58.0	115.0	20.0	59.0
57.0	115.0	20.0	58.0
55.0	115.0	20.0	57.0
53.0	113.0	20.0	59.0
51.0	110.0	20.0	61.0
49.0	110.0	20.0	59.0
47.0	109.0	21.0	60.0
44.0	106.0	23.0	60.0
42.0	103.0	23.0	64.0
40.0	102.0	22.0	61.0
38.0	100.0	23.0	61.0
35.0	97.0	24.0	62.0
35.10469436645508	93.4100112915039	24.161930084228516	62.41831588745117
32.0	90.0	23.0	61.0
30.0	86.0	23.0	59.0
26.800451278686523	81.81074523925781	22.871280670166016	58.66980743408203
27.0	77.0	21.0	63.0
25.0	75.0	21.0	60.0
24.0	73.0	20.0	59.0
23.0	70.0	20.0	59.0
21.0	66.0	21.0	60.0
19.0	64.0	22.0	59.0
19.946374893188477	61.696937561035156	22.074560165405273	59.19995880126953
17.0	57.0	22.0	60.0
19.7471923828125	58.42725372314453	21.87986183166504	59.6723518371582
18.70058250427246	58.5648078918457	21.489500045776367	58.60773468017578
15.0	55.0	22.0	59.0
14.0	53.0	23.0	59.0
13.0	50.0	22.0	60.0
12.0	49.0	21.0	59.0
11.0	47.0	21.0	59.0
8.165063858032227	43.23866653442383	21.177522659301758	59.498756408691406
5.415162086486816	41.14702224731445	21.472301483154297	60.32694625854492
4.0	39.0	21.0	59.0
2.0	38.0	21.0	59.0
1.0	37.0	21.0	60.0
0.0	34.0	22.0	62.0
0.0	34.0	21.0	60.0
0.038210678845644	34.843719482421875	20.992677688598633	59.97907638549805
0.0	34.0	21.0	60.0
0.0	34.0	21.0	62.0
0.0	36.0	21.0	59.0
0.0	35.0	19.0	61.0
0.0	35.0	20.0	60.0
0.0	36.0	21.0	59.0
1.0	36.0	22.0	60.0
3.0	37.0	22.0	58.0
5.0	36.0	22.0	59.0
8.0	37.0	22.0	58.0
12.078954696655273	37.6424674987793	22.2838134765625	58.74823760986328
15.11920166015625	36.512542724609375	22.176597595214844	58.465576171875
18.18776512145996	36.45806884765625	22.162309646606445	58.42790603637695
21.0	36.0	22.0	58.0
22.0	36.0	24.0	60.0
25.0	35.0	24.0	61.0
29.0	37.0	21.0	58.0
32.0	36.0	21.0	59.0
32.10725784301758	36.196044921875	20.832218170166016	58.52861404418945
32.735084533691406	36.80677032470703	21.302371978759766	59.849525451660156
36.0	38.0	20.0	58.0
36.0	38.0	20.0	58.0
36.0	37.0	21.0	60.0
36.0	36.0	23.0	61.0
37.0	37.0	22.0	60.0
34.0	37.0	24.0	60.0
34.0	37.0	23.0	61.0
33.0	38.0	24.0	60.0
31.0	40.0	24.0	59.0
30.0	42.0	24.0	58.0
30.0	43.0	24.0	58.0
47.0	53.0	20.0	54.0
32.030948638916016	48.53246307373047	20.02584457397461	54.06978225708008
29.349756240844727	45.340511322021484	20.259735107421875	54.70128631591797
27.0	44.0	24.0	59.0
25.732519149780273	43.29671096801758	23.53713607788086	57.86212921142578
25.46515655517578	43.824432373046875	23.631296157836914	58.09360885620117
24.00497055053711	45.46314239501953	23.6224365234375	58.07182693481445
22.52621841430664	46.15739059448242	23.55878257751465	57.91534423828125
23.0	45.0	22.0	59.0
23.0	45.0	22.0	59.0
21.814659118652344	45.53266143798828	22.140764236450195	59.37750244140625
21.337717056274414	44.41334915161133	21.873008728027344	58.65943145751953
20.15949249267578	45.736656188964844	21.599742889404297	57.92658615112305
18.719472885131836	46.367950439453125	21.609466552734375	57.952667236328125
19.200708389282227	46.18873977661133	21.668697357177734	58.11151123046875
21.66811180114746	46.03569793701172	21.25802230834961	57.010162353515625
31.0	44.0	19.0	57.0
36.0	40.0	22.0	66.0
45.241512298583984	34.86800003051758	21.6025390625	64.8076171875
54.0	39.0	21.0	55.0
63.774620056152344	39.02878952026367	21.030574798583984	55.080078125
75.0	38.0	23.0	56.0
86.58268737792969	40.562950134277344	22.57275390625	54.959754943847656
101.0	39.0	23.0	57.0
109.85691833496094	37.496726989746094	22.81955909729004	56.552818298339844
121.4415283203125	36.9361686706543	22.61446189880371	56.04453659057617
129.0696258544922	36.18768310546875	22.697114944458008	56.2493782043457
136.03057861328125	34.5422477722168	23.068927764892578	57.17082977294922
160.0	44.0	20.0	56.0
166.0	46.0	21.0	50.0
172.8368682861328	47.815635681152344	20.734582901000977	49.36805725097656
180.5751495361328	46.997291564941406	20.87035369873047	49.691322326660156
189.2747039794922	48.908531188964844	20.557743072509766	48.9470100402832
198.92103576660156	46.57249450683594	21.016794204711914	50.03998947143555
209.79953002929688	46.22754669189453	21.283334732055664	50.67460632324219
219.50814819335938	47.30210494995117	21.539979934692383	51.285667419433594
227.09619140625	46.07404327392578	21.510793685913086	51.2161750793457
236.85049438476562	45.36894989013672	21.331674575805664	50.789695739746094
246.6104278564453	46.359474182128906	21.296234130859375	50.70531463623047
254.54141235351562	46.27594757080078	21.31227684020996	50.74351119995117
262.65032958984375	45.84087371826172	21.02914047241211	50.069374084472656
272.6581726074219	46.88190460205078	20.825410842895508	49.58430480957031
280.0564270019531	48.828895568847656	20.884429931640625	49.724830627441406
286.04351806640625	45.3868408203125	21.000240325927734	50.000572204589844
285.6380310058594	44.14402389526367	20.854799270629883	49.65428161621094
287.2728576660156	43.49068069458008	21.00479507446289	50.011417388916016
288.0	39.0	19.0	56.0
290.0	40.0	20.0	54.0
292.0	39.0	21.0	57.0
294.0	38.0	22.0	58.0
296.0	40.0	23.0	55.0
304.0	42.0	20.0	52.0
308.7295837402344	41.29703903198242	20.30824851989746	52.80144500732422
331.0	47.0	19.0	53.0
337.0	47.0	18.0	51.0
343.0	48.0	18.0	50.0
347.5188903808594	48.30641555786133	17.73074722290039	49.25206756591797
352.0067443847656	48.86673355102539	17.807138442993164	49.464263916015625
357.32513427734375	48.303688049316406	18.05586814880371	50.15518569946289
358.0	45.0	23.0	58.0
363.0	49.0	20.0	49.0
385.0	47.0	28.0	63.0
386.0	48.0	29.0	65.0
387.0	49.0	29.0	64.0
369.0	50.0	20.0	54.0
389.0	52.0	27.0	66.0
386.0	52.0	28.0	66.0
386.30828857421875	51.993370056152344	27.807424545288086	65.54607391357422
365.0	51.0	21.0	57.0
385.0	54.0	26.0	62.0
384.78387451171875	54.59259796142578	25.650390625	61.16631317138672
385.62042236328125	54.99224853515625	25.77170753479004	61.45560836791992
383.999755859375	54.966453552246094	25.80865478515625	61.5437126159668
379.0	55.0	28.0	61.0
380.83349609375	54.716087341308594	28.208953857421875	61.45521926879883
379.3140563964844	56.24925994873047	28.46242332458496	62.007415771484375
377.837646484375	55.94530487060547	28.629558563232422	62.37152862548828
377.0281982421875	55.1063346862793	28.702972412109375	62.531471252441406
375.6174621582031	55.30290985107422	28.934194564819336	63.03520584106445
375.4537048339844	55.096961975097656	29.155160903930664	63.51659393310547
373.46148681640625	55.0877685546875	29.208282470703125	63.63232421875
373.00244140625	54.920448303222656	28.473501205444336	62.03155517578125
352.0	51.0	21.0	58.0
352.0	55.0	20.0	52.0
352.0	56.0	19.0	50.0
351.0	56.0	19.0	50.0
352.0	56.0	18.0	49.0
351.0	56.0	18.0	51.0
349.697998046875	51.892906188964844	18.408367156982422	52.15703582763672
347.0	50.0	22.0	59.0
344.97149658203125	51.63237380981445	22.12773895263672	59.34257125854492
345.409912109375	51.21137619018555	22.09220314025879	59.247276306152344
345.31231689453125	50.43701171875	21.779205322265625	58.407875061035156
343.0	50.0	22.0	59.0
341.7359313964844	48.973388671875	22.06829071044922	59.183143615722656
342.10015869140625	48.50989532470703	22.11688995361328	59.3134765625
344.0	54.0	19.0	52.0
343.13232421875	53.45246505737305	19.09671401977539	52.264686584472656
342.25811767578125	50.54693603515625	19.489009857177734	53.338340759277344
342.5484313964844	51.447608947753906	19.274234771728516	52.75054168701172
361.0	55.0	24.0	57.0
359.3089294433594	55.8760871887207	23.91622543334961	56.8010368347168
358.2486877441406	55.695579528808594	23.59404182434082	56.03584671020508
357.4544677734375	55.600624084472656	23.368656158447266	55.50055694580078
357.0	55.0	24.0	56.0
339.0	55.0	18.0	50.0
337.5830078125	52.25368118286133	18.030345916748047	50.08429718017578
338.0	57.0	17.0	47.0
336.59393310546875	54.68647003173828	16.831302642822266	46.53359603881836
335.9678649902344	55.58051681518555	16.99386978149414	46.98304748535156
334.826416015625	54.2663459777832	16.883739471435547	46.678565979003906
332.0	54.0	19.0	52.0
331.0	53.0	20.0	53.0
330.9732360839844	51.0930061340332	20.277729034423828	53.735984802246094
330.0	55.0	20.0	50.0
329.30853271484375	52.9766845703125	20.535140991210938	51.337852478027344
329.0	51.0	19.0	53.0
329.0134582519531	51.81220626831055	18.938251495361328	52.8277587890625
327.0	51.0	20.0	54.0
326.7554626464844	51.3200569152832	20.207204818725586	54.55945587158203
326.0	51.0	21.0	54.0
343.0	54.0	26.0	60.0
343.0	54.0	25.0	59.0
324.0	53.0	19.0	51.0
324.1007385253906	51.84734344482422	18.87567710876465	50.666290283203125
324.0	53.0	19.0	52.0
323.1764221191406	50.55800247192383	18.55181121826172	50.77337646484375
323.45263671875	53.388572692871094	18.161588668823242	49.70539855957031
323.5635681152344	51.630523681640625	18.250457763671875	49.94862365722656
323.0480651855469	52.0146484375	18.65899658203125	51.066734313964844
337.0	54.0	24.0	58.0
328.9817810058594	52.3427848815918	23.82113265991211	57.56772994995117
336.0	53.0	23.0	58.0
335.0	54.0	23.0	58.0
335.0	54.0	22.0	57.0
334.0	54.0	22.0	55.0
333.0	54.0	24.0	56.0
334.0	55.0	22.0	57.0
333.0	55.0	22.0	56.0
333.0	53.0	21.0	60.0
331.0	54.0	23.0	56.0
330.9237976074219	52.06892013549805	22.48291778564453	54.74101638793945
329.118408203125	54.2406120300293	22.356443405151367	54.433082580566406
329.6759338378906	53.4677619934082	22.728431701660156	55.33879470825195
328.99322509765625	52.14336013793945	22.833721160888672	55.59514617919922
327.0	53.0	23.0	58.0
326.0	52.0	24.0	58.0
326.0	52.0	23.0	58.0
326.0	53.0	23.0	59.0
325.0	53.0	22.0	58.0
324.0	53.0	23.0	59.0
324.0	53.0	23.0	59.0
323.0	53.0	23.0	58.0
322.0	54.0	23.0	58.0
321.0	53.0	23.0	58.0
321.0	53.0	23.0	58.0
320.41961669921875	51.241661071777344	23.233112335205078	58.58784866333008
318.0	52.0	25.0	61.0
318.25958251953125	50.26807403564453	24.447368621826172	59.651573181152344
318.0	53.0	22.0	59.0
317.0	53.0	22.0	58.0
317.0	53.0	21.0	59.0
315.0	53.0	23.0	58.0
315.2066955566406	51.18209457397461	23.02713394165039	58.06843185424805
313.41510009765625	50.945106506347656	23.10025978088379	58.252830505371094
313.0	52.0	23.0	60.0
313.8092956542969	47.7539176940918	23.094202041625977	60.24574661254883
311.0	53.0	24.0	60.0
311.0	54.0	22.0	57.0
311.0	54.0	22.0	57.0
310.0	54.0	22.0	57.0
309.0	53.0	21.0	57.0
309.0	53.0	21.0	58.0
308.0	51.0	22.0	60.0
289.0	51.0	20.0	49.0
307.0	51.0	22.0	59.0
306.36138916015625	53.757911682128906	21.71132469177246	58.225830078125
306.09423828125	54.33221435546875	21.67331314086914	58.1238899230957
303.83013916015625	53.963722229003906	21.838607788085938	58.56718063354492
303.65631103515625	54.8276252746582	21.573986053466797	57.857513427734375
286.0	51.0	19.0	48.0
285.0	51.0	20.0	48.0
284.0	49.0	20.0	50.0
284.0	50.0	20.0	49.0
285.0	51.0	19.0	48.0
285.0	51.0	18.0	48.0
299.0	53.0	21.0	57.0
298.0	53.0	21.0	53.0
298.0	53.0	21.0	52.0
298.0	53.0	20.0	53.0
296.0	52.0	21.0	47.0
295.6785888671875	51.414100646972656	21.346033096313477	47.774452209472656
294.1753845214844	48.75963592529297	21.690126419067383	48.54456329345703
292.86102294921875	51.78810501098633	21.88187026977539	48.97370529174805
292.2337646484375	49.51161575317383	22.35740089416504	50.037986755371094
277.0	50.0	17.0	51.0
293.0	52.0	22.0	49.0
273.0	48.0	20.0	54.0
291.0	51.0	22.0	54.0
290.0	52.0	23.0	57.0
290.0	52.0	22.0	57.0
289.0	52.0	22.0	57.0
289.0	52.0	22.0	56.0
288.0	52.0	22.0	56.0
288.0	52.0	22.0	56.0
268.0	48.0	20.0	53.0
266.0	49.0	21.0	52.0
267.0	49.0	19.0	51.0
284.0	52.0	22.0	56.0
284.0	51.0	22.0	57.0
283.0	51.0	23.0	57.0
283.0	52.0	22.0	56.0
283.0	52.0	22.0	57.0
265.0	50.0	18.0	49.0
282.0	52.0	21.0	56.0
279.0	51.0	22.0	57.0
279.0	51.0	21.0	58.0
278.0	51.0	22.0	58.0
277.0	50.0	23.0	59.0
276.0	51.0	23.0	57.0
276.0	52.0	23.0	57.0
275.0	52.0	23.0	55.0
275.0	53.0	23.0	55.0
274.0	53.0	23.0	55.0
274.0	52.0	23.0	56.0
273.0	51.0	23.0	55.0
273.0	52.0	22.0	55.0
272.0	52.0	22.0	56.0
271.0	51.0	23.0	56.0
270.0	52.0	23.0	55.0
270.0	51.0	23.0	56.0
270.0	52.0	23.0	54.0
269.0	52.0	23.0	55.0
269.0	52.0	22.0	55.0
267.0	51.0	23.0	55.0
266.0	50.0	24.0	56.0
266.83807373046875	46.590728759765625	23.835979461669922	55.617286682128906
265.3558349609375	46.66968536376953	24.249221801757812	56.581520080566406
265.64251708984375	48.73237228393555	24.15899658203125	56.37099075317383
246.0	46.0	18.0	54.0
245.0	49.0	19.0	49.0
262.0	49.0	26.0	59.0
260.2572326660156	48.34943771362305	25.628076553344727	58.15601348876953
244.0	50.0	18.0	47.0
260.0	50.0	26.0	58.0
260.0	51.0	23.0	56.0
259.0	50.0	23.0	57.0
258.0	50.0	23.0	57.0
259.0	51.0	22.0	56.0
257.0	50.0	24.0	59.0
257.0	50.0	23.0	58.0
256.0	50.0	23.0	58.0
255.0	51.0	23.0	57.0
255.0	49.0	22.0	59.0
254.23117065429688	45.49546813964844	22.15862274169922	59.42539596557617
253.0	51.0	22.0	53.0
253.0	49.0	22.0	55.0
252.0	50.0	23.0	55.0
250.0	50.0	25.0	56.0
231.0	49.0	21.0	56.0
231.0	50.0	20.0	57.0
250.0	51.0	24.0	54.0
231.0	47.0	20.0	60.0
230.0	46.0	21.0	61.0
249.0	51.0	24.0	53.0
249.7370147705078	51.64714431762695	24.172576904296875	53.38111114501953
247.0	50.0	25.0	54.0
247.0	50.0	25.0	54.0
247.0	50.0	25.0	55.0
245.0	50.0	26.0	55.0
245.0	50.0	24.0	53.0
243.0	49.0	25.0	54.0
243.27182006835938	49.26072311401367	25.151798248291016	54.327880859375
243.0680389404297	47.03362274169922	25.28356170654297	54.61248779296875
242.2581329345703	46.6119499206543	25.182140350341797	54.3934211730957
241.352294921875	45.54130172729492	25.868221282958984	55.87535858154297
241.277099609375	45.152381896972656	26.05245018005371	56.273292541503906
239.8834991455078	45.82417678833008	26.2072811126709	56.60772705078125
238.13137817382812	44.75581359863281	26.55033302307129	57.348716735839844
240.564208984375	44.76654815673828	26.424999237060547	57.0779914855957
237.94253540039062	44.58948516845703	26.842388153076172	57.97955322265625
239.82919311523438	44.87009811401367	26.728565216064453	57.73369598388672
237.12496948242188	44.977840423583984	26.681283950805664	57.631568908691406
237.39987182617188	43.83444595336914	26.670400619506836	57.608070373535156
237.4505157470703	44.3647575378418	26.612903594970703	57.4838752746582
236.9618377685547	45.518531799316406	26.13722801208496	56.4564208984375
236.7262725830078	47.108524322509766	25.780929565429688	55.68682098388672
236.91342163085938	47.3779296875	25.672964096069336	55.45361328125
234.0298309326172	45.463829040527344	25.764450073242188	55.651222229003906
234.71304321289062	46.61066436767578	25.431354522705078	54.931739807128906
233.3960418701172	45.86604690551758	25.762964248657227	55.64801025390625
231.0	49.0	26.0	62.0
230.0	49.0	25.0	61.0
231.0	50.0	23.0	56.0
230.0	49.0	25.0	62.0
229.93417358398438	42.431190490722656	24.90558624267578	61.76585006713867
229.71728515625	44.05464172363281	24.897785186767578	61.74650192260742
228.19955444335938	43.089698791503906	25.1514949798584	62.375709533691406
227.3677215576172	44.004905700683594	24.82175064086914	61.55794143676758
