174.0	57.0	20.0	147.0
174.0	54.0	21.0	152.0
175.0	54.0	20.0	151.0
174.0	54.0	21.0	152.0
174.0	53.0	22.0	153.0
174.0	52.0	21.0	154.0
173.0	55.0	21.0	151.0
173.0	54.0	21.0	154.0
174.0	57.0	21.0	151.0
174.0	55.0	21.0	155.0
174.0	57.0	21.0	152.0
174.0	56.0	21.0	153.0
174.0	56.0	21.0	151.0
173.0	57.0	22.0	154.0
174.0	57.0	21.0	151.0
174.0	56.0	21.0	153.0
174.0	60.0	21.0	149.0
174.0	59.0	21.0	149.0
175.0	55.0	21.0	157.0
178.0	61.0	20.0	151.0
180.0	62.0	20.0	150.0
184.0	63.0	20.0	150.0
187.0	59.0	20.0	153.0
192.0	62.0	20.0	153.0
199.0	63.0	21.0	162.0
205.0	67.0	22.0	151.0
212.0	71.0	20.0	144.0
217.7198028564453	80.62702941894531	19.630279541015625	141.3380126953125
222.2926483154297	74.58058166503906	19.723806381225586	142.0114288330078
230.9835662841797	78.54254150390625	20.073795318603516	144.5313720703125
236.68099975585938	79.89540100097656	20.203222274780273	145.4632568359375
238.6622314453125	68.66386413574219	20.373838424682617	146.69168090820312
242.0	50.0	28.0	170.0
247.1417999267578	58.6922721862793	27.950363159179688	169.69863891601562
247.0	30.0	20.0	155.0
257.5492858886719	72.51789855957031	19.75987434387207	153.13900756835938
259.0	67.0	23.0	154.0
264.0	67.0	22.0	153.0
270.611572265625	74.87801361083984	21.973217010498047	152.81373596191406
276.0	75.0	21.0	139.0
277.49517822265625	78.84984588623047	20.66195297241211	136.762451171875
282.0805969238281	79.70893859863281	20.644947052001953	136.64990234375
285.9096374511719	77.79271697998047	20.589176177978516	136.28076171875
291.24810791015625	81.19469451904297	20.438735961914062	135.28500366210938
294.8966369628906	78.06285095214844	20.313989639282227	134.4593048095703
299.0	66.0	20.0	146.0
302.0	54.0	20.0	152.0
305.0	68.0	19.0	138.0
308.1396484375	76.88748931884766	18.7592716217041	136.2515411376953
309.7265319824219	75.74345397949219	18.741107940673828	136.11959838867188
309.0	71.0	20.0	126.0
309.1143493652344	76.08760070800781	20.078081130981445	126.4919204711914
308.8963928222656	75.41744232177734	20.187715530395508	127.1826171875
309.008056640625	79.6830062866211	20.088449478149414	126.55723571777344
308.75555419921875	73.64239501953125	20.20254135131836	127.2760009765625
308.5934143066406	78.5628662109375	20.392261505126953	128.4712371826172
305.29937744140625	85.99024963378906	20.173465728759766	127.09281158447266
301.84637451171875	81.62687683105469	19.988567352294922	125.92796325683594
298.25885009765625	84.35481262207031	20.123891830444336	126.78050231933594
291.0	66.0	19.0	137.0
283.66204833984375	79.46083068847656	19.311304092407227	139.24464416503906
277.4538879394531	79.7303695678711	19.311481475830078	139.24591064453125
269.0	82.0	19.0	129.0
260.5878601074219	89.5279769897461	19.054203033447266	129.36801147460938
252.47445678710938	89.56049346923828	19.20522689819336	130.3933868408203
243.10098266601562	86.39098358154297	19.701669692993164	133.7639617919922
237.87838745117188	85.40959167480469	20.013349533081055	135.88011169433594
230.0976104736328	85.90780639648438	19.874431610107422	134.9369354248047
220.29373168945312	85.68565368652344	19.777475357055664	134.27865600585938
212.0	68.0	21.0	150.0
204.0	72.0	19.0	143.0
196.0	66.0	18.0	145.0
188.0	64.0	19.0	146.0
182.0	62.0	18.0	147.0
175.0	64.0	20.0	144.0
169.0	56.0	20.0	151.0
166.0	55.0	19.0	148.0
162.0	55.0	20.0	147.0
163.0	56.0	19.0	140.0
164.0	58.0	19.0	135.0
166.0	56.0	18.0	134.0
169.0	52.0	18.0	133.0
173.0	40.0	20.0	144.0
181.0	39.0	19.0	148.0
189.0	40.0	20.0	145.0
197.46926879882812	40.785179138183594	20.13167953491211	145.9546661376953
209.6553192138672	41.93983840942383	20.124574661254883	145.90316772460938
247.810302734375	53.53704833984375	19.8015193939209	143.56101989746094
267.19964599609375	79.36933135986328	19.7039737701416	142.8538055419922
270.6944580078125	80.47300720214844	19.599117279052734	142.0935821533203
269.6575012207031	77.7112808227539	19.665441513061523	142.57444763183594
267.69366455078125	79.62850952148438	19.532995223999023	141.6142120361328
269.69256591796875	79.25279235839844	19.459827423095703	141.083740234375
272.80975341796875	76.76383972167969	19.611862182617188	142.1859893798828
273.4855041503906	84.6455078125	19.56430435180664	141.84121704101562
276.0	79.0	21.0	148.0
269.294189453125	76.30517578125	21.19324493408203	149.36190795898438
267.73382568359375	75.62580108642578	21.063926696777344	148.4505157470703
267.35687255859375	75.47843933105469	21.301258087158203	150.12313842773438
268.0	66.0	21.0	160.0
265.65484619140625	70.79203033447266	20.909320831298828	159.30911254882812
263.0	65.0	22.0	161.0
263.0	64.0	22.0	167.0
263.0	65.0	20.0	160.0
263.0	64.0	21.0	160.0
263.0	65.0	21.0	161.0
264.0	67.0	22.0	156.0
266.0357666015625	70.96770477294922	21.774505615234375	154.40103149414062
267.26812744140625	71.14961242675781	21.77352523803711	154.39407348632812
269.0	73.0	19.0	146.0
269.7336730957031	76.50718688964844	19.267658233642578	148.05673217773438
273.0	66.0	23.0	159.0
263.0	55.0	25.0	166.0
274.0	73.0	20.0	149.0
274.0	77.0	19.0	142.0
274.0	79.0	20.0	139.0
271.64697265625	83.03163146972656	19.87655258178711	138.14205932617188
273.12139892578125	79.68536376953125	20.022113800048828	139.15370178222656
272.8716125488281	76.16047668457031	20.01381492614746	139.0960235595703
276.9508361816406	75.62889099121094	20.243785858154297	140.6943359375
274.5415954589844	75.99762725830078	20.442161560058594	142.07305908203125
274.1117858886719	73.8447265625	20.701961517333984	143.87869262695312
269.95904541015625	71.2321548461914	20.775325775146484	144.38858032226562
268.8553161621094	69.7447509765625	20.934064865112305	145.4918212890625
267.3877868652344	73.2981185913086	20.797286987304688	144.54119873046875
266.20343017578125	66.34889221191406	21.110408782958984	146.7174072265625
244.33035278320312	70.94075012207031	20.917034149169922	145.37344360351562
264.7070617675781	74.36092376708984	20.686826705932617	143.77349853515625
269.72125244140625	69.50092315673828	20.484737396240234	142.3689727783203
287.4964294433594	78.70695495605469	20.279390335083008	140.94180297851562
259.1151123046875	66.54120635986328	20.459854125976562	142.19601440429688
261.9125671386719	68.28058624267578	20.291919708251953	141.0288543701172
263.69683837890625	63.81116485595703	20.604942321777344	143.20437622070312
268.28680419921875	68.63666534423828	20.505279541015625	142.51171875
271.15380859375	64.796875	20.770801544189453	144.35708618164062
273.00994873046875	68.36000061035156	21.00273323059082	145.96900939941406
274.32684326171875	69.07749938964844	21.06976890563965	146.43490600585938
274.5345764160156	67.47242736816406	21.152732849121094	147.01150512695312
273.60107421875	70.68909454345703	20.505521774291992	142.51339721679688
269.9243469238281	76.10540008544922	20.54562759399414	142.79212951660156
267.30413818359375	75.54936218261719	20.66350555419922	143.61138916015625
276.0	60.0	24.0	159.0
274.05218505859375	67.64954376220703	23.947521209716797	158.65231323242188
277.85888671875	68.01653289794922	24.0927734375	159.61459350585938
284.23443603515625	67.4241714477539	24.04764747619629	159.31564331054688
286.27374267578125	68.15098571777344	23.505168914794922	155.72174072265625
289.52899169921875	73.96678161621094	23.444490432739258	155.3197479248047
219.0	66.0	19.0	141.0
206.0	63.0	20.0	140.0
194.0	71.0	19.0	126.0
183.0	54.0	19.0	148.0
172.0	51.0	20.0	143.0
168.0	50.0	19.0	135.0
164.0	50.0	19.0	128.0
162.0	46.0	19.0	127.0
165.0	41.0	18.0	127.0
171.16134643554688	39.01991653442383	18.133182525634766	127.9396743774414
185.3892364501953	46.49753189086914	18.138965606689453	127.9804916381836
198.0270538330078	45.191593170166016	18.359453201293945	129.53616333007812
212.71066284179688	46.503170013427734	18.77347183227539	132.457275390625
235.4181365966797	58.71821975708008	18.658447265625	131.6457061767578
283.0896911621094	63.71522903442383	19.083202362060547	134.64259338378906
289.0	64.0	23.0	165.0
287.0	32.0	21.0	150.0
287.0	33.0	21.0	150.0
286.4983825683594	62.37762451171875	21.345956802368164	152.4711151123047
287.7696533203125	66.30207061767578	21.913066864013672	156.5218963623047
289.6241149902344	65.99058532714844	22.14881706237793	158.20582580566406
289.23431396484375	67.57046508789062	21.987112045288086	157.05079650878906
291.2047424316406	60.79143142700195	21.802417755126953	155.73153686523438
293.4928894042969	69.7655258178711	21.817806243896484	155.84146118164062
294.4452209472656	65.85010528564453	21.911420822143555	156.5101318359375
297.7850036621094	72.11249542236328	21.694982528686523	154.96414184570312
299.3663024902344	66.20240783691406	21.712337493896484	155.08810424804688
299.7253723144531	61.23298263549805	21.6983699798584	154.9883270263672
297.9849548339844	56.39509201049805	21.778852462768555	155.56320190429688
297.759765625	60.46746826171875	21.75677490234375	155.40548706054688
296.20025634765625	55.8417854309082	22.075740814208984	157.68380737304688
295.34283447265625	61.21031951904297	22.140825271606445	158.14869689941406
292.0	73.0	21.0	149.0
291.62103271484375	77.99269104003906	21.285106658935547	151.0229034423828
290.0	72.0	22.0	152.0
291.0	71.0	21.0	150.0
292.0	72.0	20.0	148.0
291.0	70.0	22.0	157.0
293.32183837890625	70.80194854736328	21.89923667907715	156.28091430664062
292.05072021484375	69.92460632324219	21.862085342407227	156.01577758789062
291.4923400878906	68.29280090332031	22.07334327697754	157.5233917236328
291.92266845703125	67.48843383789062	21.745159149169922	155.18136596679688
293.8556213378906	65.2772216796875	21.991844177246094	156.94180297851562
296.8503112792969	65.32682800292969	21.994970321655273	156.964111328125
295.61541748046875	51.225914001464844	22.405109405517578	159.89102172851562
293.14288330078125	62.479164123535156	22.647863388061523	161.62339782714844
292.0	73.0	20.0	150.0
290.0	77.0	20.0	144.0
288.0	78.0	20.0	145.0
286.0	76.0	21.0	148.0
283.761474609375	68.26506042480469	20.838510513305664	146.86187744140625
282.0	65.0	19.0	167.0
276.4216003417969	63.017662048339844	19.150955200195312	168.3268280029297
276.0	80.0	19.0	154.0
275.0	80.0	20.0	153.0
273.8333740234375	68.93036651611328	20.1298770904541	153.99356079101562
277.48052978515625	79.12664031982422	19.84760856628418	151.83419799804688
277.1021423339844	71.46681213378906	19.82528305053711	151.66339111328125
272.64068603515625	69.42745208740234	19.729328155517578	150.9293212890625
266.4964294433594	71.85942077636719	19.52103042602539	149.33584594726562
259.5914306640625	61.2418098449707	19.839208602905273	151.76991271972656
261.0	60.0	20.0	148.0
262.66400146484375	67.5875473022461	19.944576263427734	147.58987426757812
265.0868835449219	69.81007385253906	20.024229049682617	148.17929077148438
274.0	79.0	18.0	140.0
279.0	68.0	19.0	158.0
281.0	69.0	20.0	160.0
282.0	69.0	19.0	151.0
280.0	71.0	19.0	146.0
277.0	74.0	19.0	139.0
273.0	66.0	18.0	143.0
271.80340576171875	70.01021575927734	18.011877059936523	143.0943603515625
270.7728576660156	64.96421813964844	17.90459632873535	142.24208068847656
269.37408447265625	62.83140182495117	17.7229061126709	140.7986602783203
269.525146484375	61.518089294433594	18.072166442871094	143.57333374023438
265.04034423828125	63.020179748535156	18.042194366455078	143.33523559570312
265.90289306640625	66.03809356689453	17.847211837768555	141.7862091064453
268.044677734375	64.35912322998047	17.95707130432129	142.6589813232422
267.79779052734375	60.5675163269043	17.824953079223633	141.60935974121094
262.0	70.0	17.0	132.0
255.1278076171875	72.84912109375	16.98454475402832	131.87998962402344
253.45578002929688	74.2490005493164	16.94143295288086	131.54525756835938
254.0	68.0	18.0	128.0
252.2868194580078	67.99921417236328	18.463947296142578	131.2991943359375
250.6673126220703	70.77838897705078	18.460126876831055	131.2720184326172
247.0	49.0	22.0	150.0
249.0	46.0	20.0	146.0
249.0	62.0	17.0	125.0
248.39663696289062	62.821067810058594	17.11306381225586	125.83137512207031
251.59237670898438	64.90420532226562	17.25433349609375	126.8701171875
258.0	45.0	23.0	156.0
267.56103515625	53.745582580566406	23.269651412963867	157.82894897460938
278.0	59.0	20.0	152.0
281.0	69.0	20.0	140.0
279.7851257324219	69.9205551147461	20.108882904052734	140.76217651367188
279.43408203125	69.81417083740234	20.4670467376709	143.26931762695312
284.0	67.0	21.0	141.0
287.8174133300781	64.5719985961914	21.155471801757812	142.0438690185547
292.0	73.0	17.0	123.0
292.0	72.0	17.0	123.0
291.42095947265625	80.95952606201172	16.922077178955078	122.43621826171875
288.0	64.0	20.0	140.0
292.83465576171875	66.37861633300781	19.75535011291504	138.28744506835938
292.9414978027344	69.59031677246094	19.577058792114258	137.03939819335938
290.0	71.0	19.0	131.0
284.0	72.0	19.0	125.0
276.418212890625	76.18122100830078	19.161962509155273	126.06556701660156
272.10919189453125	76.13520812988281	19.15134048461914	125.9957046508789
273.2289123535156	78.45948791503906	19.02115249633789	125.13919830322266
277.0977478027344	77.45550537109375	19.14261817932129	125.93830871582031
282.0079650878906	72.94623565673828	19.46193504333496	128.03907775878906
284.3677673339844	68.55204772949219	19.680675506591797	129.47816467285156
283.547119140625	67.53895568847656	19.521390914916992	128.43023681640625
282.89886474609375	68.84886169433594	19.84841537475586	130.5817108154297
286.9982604980469	69.31056213378906	19.693002700805664	129.55926513671875
288.0621643066406	69.79853820800781	19.305994033813477	127.0131607055664
284.86328125	72.44505310058594	19.456600189208984	128.00399780273438
281.2752685546875	73.68384552001953	19.647972106933594	129.26303100585938
283.364501953125	74.11398315429688	19.690879821777344	129.54531860351562
289.095947265625	77.15225982666016	19.3808650970459	127.5057373046875
292.8280334472656	82.09578704833984	19.163127899169922	126.0732650756836
296.4320373535156	79.34012603759766	19.00542640686035	125.0357437133789
295.44500732421875	80.69960021972656	18.859792709350586	124.07763671875
294.3604431152344	76.57337951660156	19.09954833984375	125.65496826171875
294.04815673828125	78.5250244140625	19.06712532043457	125.44166564941406
292.0	72.0	19.0	131.0
291.1448669433594	77.32588195800781	18.92474937438965	130.48117065429688
289.0	70.0	18.0	127.0
286.7875671386719	80.50191497802734	17.948787689208984	126.638671875
285.59326171875	75.84013366699219	17.999889373779297	126.99922180175781
285.42620849609375	79.1208724975586	17.771697998046875	125.38919830322266
285.80328369140625	77.76978302001953	18.066823959350586	127.47148132324219
286.0	68.0	20.0	137.0
286.0	68.0	20.0	138.0
287.0	68.0	20.0	139.0
288.08221435546875	72.39651489257812	19.95847511291504	138.71139526367188
285.38909912109375	73.36042022705078	19.654041290283203	136.59556579589844
283.2855224609375	64.82597351074219	19.959062576293945	138.71548461914062
281.17352294921875	66.15751647949219	20.154043197631836	140.0706024169922
280.54742431640625	68.52775573730469	20.093278884887695	139.64828491210938
276.0	62.0	21.0	132.0
281.2255859375	74.54066467285156	20.6973934173584	130.097900390625
283.0653381347656	68.64579010009766	20.676836013793945	129.96868896484375
285.4664001464844	60.355796813964844	20.607830047607422	129.53492736816406
285.5108947753906	68.58146667480469	20.652727127075195	129.817138671875
286.4119873046875	72.92915344238281	20.58101463317871	129.3663787841797
291.5210266113281	75.26576232910156	20.982097625732422	131.887451171875
295.2295837402344	75.2740249633789	21.010408401489258	132.06541442871094
301.1839904785156	66.11009216308594	21.382152557373047	134.402099609375
306.3905944824219	58.149635314941406	21.620161056518555	135.8981475830078
306.91131591796875	63.01539993286133	21.678569793701172	136.26528930664062
302.6448059082031	66.68012237548828	21.504878997802734	135.1735076904297
297.0	67.0	23.0	136.0
298.71856689453125	64.08165740966797	22.866802215576172	135.21238708496094
300.96673583984375	58.123985290527344	23.118267059326172	136.69932556152344
305.515380859375	59.05849075317383	22.771005630493164	134.64596557617188
303.5008544921875	56.7917366027832	22.65085220336914	133.9355010986328
301.3155517578125	58.01288604736328	22.642684936523438	133.88720703125
295.6451721191406	62.178558349609375	22.983163833618164	135.9004669189453
289.7150573730469	68.71601104736328	23.05683708190918	136.33609008789062
281.6711120605469	67.240966796875	22.706287384033203	134.26327514648438
275.63116455078125	69.18900299072266	22.77656364440918	134.6788330078125
275.05035400390625	67.5067138671875	22.823028564453125	134.95358276367188
278.2181701660156	74.5768051147461	23.377092361450195	138.22979736328125
280.213623046875	72.48048400878906	23.866321563720703	141.1226348876953
283.8938293457031	73.68513488769531	23.7424259185791	140.3900146484375
283.84564208984375	74.82117462158203	23.51328468322754	139.0350799560547
279.3687438964844	67.35814666748047	23.405376434326172	138.39700317382812
269.6553955078125	65.06993865966797	23.518712997436523	139.06716918945312
259.334716796875	60.80400466918945	23.965679168701172	141.71009826660156
251.1365203857422	52.830810546875	24.036712646484375	142.13011169433594
252.69888305664062	48.71403884887695	23.671606063842773	139.9712371826172
255.19284057617188	56.0242919921875	23.599822998046875	139.54678344726562
262.17303466796875	62.98895263671875	23.715381622314453	140.23008728027344
268.8246154785156	69.5732650756836	23.777070999145508	140.59487915039062
278.54644775390625	75.50662994384766	23.50187110900879	138.9676055908203
294.35650634765625	76.01219940185547	23.702016830444336	140.1510772705078
302.62750244140625	65.91463470458984	23.93212890625	141.51174926757812
306.8188171386719	68.00647735595703	23.821605682373047	140.8582305908203
310.1016540527344	73.58126068115234	23.682636260986328	140.0364990234375
303.0	71.0	22.0	148.0
297.0	73.0	23.0	144.0
290.43731689453125	72.60525512695312	23.122867584228516	144.76925659179688
285.5578918457031	69.1571273803711	23.2899169921875	145.8151397705078
278.9335021972656	64.65713500976562	23.34662437438965	146.17019653320312
273.1023254394531	67.196044921875	23.677379608154297	148.2410125732422
271.46929931640625	64.87337493896484	23.092052459716797	144.5763702392578
270.60467529296875	62.8045654296875	23.324687957763672	146.03285217285156
267.86444091796875	62.952880859375	23.270238876342773	145.69195556640625
266.30169677734375	64.45356750488281	22.90085792541504	143.37930297851562
268.7318420410156	65.58604431152344	22.411027908325195	140.3125457763672
271.6334533691406	61.6539421081543	22.395137786865234	140.2130584716797
273.0549011230469	60.79088592529297	22.237783432006836	139.22789001464844
273.36822509765625	64.97232818603516	22.028432846069336	137.9171905517578
276.1590881347656	63.82957077026367	22.121726989746094	138.5012969970703
277.40057373046875	62.6525993347168	22.077333450317383	138.22335815429688
284.4633483886719	65.4744644165039	22.553428649902344	141.20411682128906
291.0	61.0	20.0	144.0
296.00921630859375	64.33897399902344	19.919445037841797	143.42001342773438
302.24163818359375	66.71768951416016	19.824289321899414	142.73487854003906
304.0	50.0	22.0	167.0
310.8867492675781	47.52305221557617	21.881505966186523	166.10052490234375
310.0192565917969	47.80675506591797	21.781845092773438	165.34400939941406
308.9725036621094	46.53049087524414	21.946786880493164	166.5960693359375
306.0	44.0	23.0	161.0
306.0	55.0	22.0	158.0
305.0	63.0	21.0	149.0
303.2795104980469	55.524391174316406	20.7940616607666	147.53878784179688
303.0326843261719	53.195594787597656	20.952476501464844	148.66278076171875
305.53033447265625	55.76716232299805	20.73169708251953	147.09629821777344
305.51739501953125	63.492515563964844	20.332406997680664	144.26324462890625
304.9538269042969	56.99198532104492	20.220699310302734	143.4706573486328
305.9229431152344	62.2800407409668	20.313283920288086	144.1275634765625
307.37420654296875	62.897010803222656	20.30377197265625	144.06005859375
306.0	69.0	22.0	150.0
303.0	74.0	21.0	145.0
296.0	74.0	22.0	142.0
286.8326110839844	76.35780334472656	22.267955780029297	143.7295379638672
277.0	61.0	24.0	144.0
265.3868713378906	64.18109130859375	23.75973892211914	142.5584259033203
260.19403076171875	63.68486404418945	23.64608383178711	141.8765106201172
262.93682861328125	61.527015686035156	23.4011287689209	140.40676879882812
266.8987121582031	62.34538650512695	23.589679718017578	141.53807067871094
273.0	58.0	21.0	150.0
288.0	64.0	20.0	151.0
301.308349609375	58.65751266479492	20.352802276611328	153.66366577148438
314.74359130859375	59.03546142578125	20.410757064819336	154.10122680664062
322.965087890625	64.81639099121094	20.284713745117188	153.1496124267578
329.8187255859375	71.90882873535156	20.008934020996094	151.06747436523438
330.9019470214844	73.98955535888672	19.976484298706055	150.82249450683594
330.1925964355469	69.77346801757812	19.757854461669922	149.17184448242188
327.7450256347656	70.97516632080078	19.721630096435547	148.8983612060547
321.82659912109375	63.917335510253906	19.647010803222656	148.33499145507812
318.57952880859375	61.33903884887695	19.4138126373291	146.5743408203125
318.9505920410156	54.85197830200195	19.245838165283203	145.30612182617188
315.7275085449219	48.64695358276367	19.333332061767578	145.96669006347656
331.0	89.0	22.0	142.0
328.0	88.0	23.0	146.0
329.13116455078125	70.7549057006836	23.090845108032227	146.57666015625
328.7685241699219	71.38319396972656	23.70438003540039	150.47128295898438
327.37359619140625	73.80326080322266	23.59577751159668	149.78189086914062
327.5108947753906	73.11988830566406	23.8541202545166	151.42178344726562
328.03973388671875	73.13502502441406	23.628936767578125	149.9923553466797
329.8099365234375	77.47239685058594	23.743698120117188	150.72085571289062
330.95782470703125	70.8013687133789	24.04677963256836	152.64476013183594
338.0	69.0	22.0	150.0
343.0	72.0	21.0	144.0
338.9883117675781	72.37419891357422	20.716094970703125	142.05322265625
328.1418762207031	75.61310577392578	20.242328643798828	138.80453491210938
310.7274169921875	69.36407470703125	20.172542572021484	138.3260040283203
294.37994384765625	74.44876861572266	20.29141616821289	139.14114379882812
278.11346435546875	63.60065460205078	20.21289825439453	138.6027374267578
264.906005859375	57.188514709472656	20.425796508789062	140.06259155273438
258.68670654296875	52.309593200683594	20.650318145751953	141.60214233398438
264.0	63.0	20.0	129.0
281.0	71.0	22.0	125.0
305.6767883300781	67.37786865234375	22.00832748413086	125.04731750488281
328.04241943359375	73.97408294677734	21.994598388671875	124.96931457519531
345.2999267578125	78.26283264160156	22.0776424407959	125.44117736816406
345.6322021484375	71.54669952392578	22.121532440185547	125.69056701660156
341.32867431640625	71.15794372558594	22.180269241333008	126.0242919921875
341.42291259765625	75.31300354003906	21.91769790649414	124.53239440917969
326.11187744140625	69.00794982910156	21.584308624267578	122.63813781738281
309.53851318359375	72.7671890258789	21.925296783447266	124.5755615234375
294.05438232421875	72.10359191894531	22.316730499267578	126.79960632324219
286.4390869140625	70.76152038574219	22.180238723754883	126.0240707397461
287.3624267578125	72.42533874511719	22.214170455932617	126.21685791015625
295.38629150390625	79.5818099975586	22.622148513793945	128.534912109375
301.0	60.0	22.0	153.0
310.5448913574219	65.50749206542969	22.43463134765625	156.0226593017578
316.0	80.0	22.0	138.0
317.7535400390625	73.19192504882812	22.61253547668457	141.84225463867188
319.31671142578125	77.64173889160156	22.214996337890625	139.34860229492188
323.6184997558594	77.05036163330078	22.610942840576172	141.832275390625
328.0	78.0	21.0	141.0
327.13330078125	77.61085510253906	20.861835479736328	140.0723419189453
326.3590393066406	78.44905853271484	20.8494815826416	139.98939514160156
324.18658447265625	72.94261932373047	21.0694522857666	141.46633911132812
318.86065673828125	72.2289810180664	21.198129653930664	142.33029174804688
317.6368713378906	75.59254455566406	21.13665008544922	141.91749572753906
313.1175231933594	70.54475402832031	21.374086380004883	143.51170349121094
306.3381042480469	71.05072784423828	21.28803825378418	142.9339599609375
294.47760009765625	67.08707427978516	21.29500389099121	142.98072814941406
283.0	64.0	19.0	144.0
272.0	61.0	20.0	145.0
265.9110107421875	57.7789421081543	20.17034912109375	146.2350311279297
270.34796142578125	66.16144561767578	20.363794326782227	147.63751220703125
284.45782470703125	71.54180145263672	20.570730209350586	149.13778686523438
300.846923828125	66.20307922363281	20.363473892211914	147.6351776123047
310.1181945800781	67.26577758789062	20.737201690673828	150.34469604492188
313.2584533691406	68.02021026611328	20.791723251342773	150.73997497558594
316.4310302734375	70.33663177490234	20.87649917602539	151.3546142578125
315.77337646484375	70.80844116210938	20.78717613220215	150.70703125
317.6861267089844	72.88428497314453	21.226743698120117	153.89389038085938
318.0	79.0	25.0	153.0
319.93328857421875	70.28846740722656	24.83199691772461	151.97181701660156
321.9466857910156	75.99138641357422	25.029781341552734	153.18226623535156
323.38165283203125	75.20867919921875	24.733726501464844	151.37042236328125
325.10650634765625	75.60252380371094	25.261310577392578	154.59921264648438
326.29974365234375	72.91854095458984	24.821210861206055	151.9058074951172
325.19598388671875	75.17243957519531	24.97430992126465	152.84278869628906
329.0	81.0	23.0	153.0
329.0	81.0	24.0	153.0
328.8326721191406	75.45881652832031	23.8292179107666	151.9112548828125
327.3569641113281	70.71086120605469	24.096338272094727	153.61415100097656
324.89019775390625	73.6915054321289	23.827707290649414	151.90162658691406
325.908935546875	72.79141235351562	23.888072967529297	152.2864532470703
326.9913635253906	75.11430358886719	23.930404663085938	152.55630493164062
328.953125	73.01504516601562	23.776844024658203	151.5773468017578
328.03515625	74.31437683105469	23.790943145751953	151.66720581054688
