340.0	141.0	20.0	21.0
340.0	141.0	21.0	22.0
340.0	141.0	21.0	23.0
340.0	141.0	21.0	23.0
340.0	142.0	21.0	22.0
340.0	141.0	21.0	23.0
340.0	141.0	21.0	23.0
340.0	142.0	20.0	21.0
340.0	141.0	21.0	22.0
339.0	141.0	22.0	22.0
340.0	141.0	20.0	22.0
340.0	141.0	20.0	21.0
352.0	150.0	21.0	20.0
339.0	154.0	22.0	22.0
340.0	141.0	21.0	22.0
340.0	142.0	21.0	21.0
340.0	141.0	20.0	23.0
340.0	141.0	21.0	23.0
340.0	141.0	21.0	23.0
340.0	141.0	21.0	23.0
340.0	142.0	21.0	22.0
340.0	141.0	21.0	23.0
340.0	142.0	20.0	22.0
340.0	142.0	21.0	22.0
340.0	141.0	21.0	23.0
340.0	141.0	21.0	23.0
340.0	141.0	20.0	22.0
340.0	141.0	20.0	23.0
340.0	141.0	21.0	23.0
340.0	141.0	21.0	22.0
340.0	141.0	21.0	23.0
340.0	141.0	21.0	22.0
340.0	142.0	21.0	21.0
340.0	141.0	20.0	22.0
340.0	141.0	21.0	22.0
340.0	141.0	20.0	23.0
340.0	141.0	20.0	22.0
339.0	141.0	22.0	22.0
340.0	141.0	21.0	23.0
340.0	141.0	20.0	22.0
340.0	141.0	21.0	23.0
340.0	141.0	20.0	22.0
340.0	142.0	21.0	22.0
340.0	142.0	21.0	21.0
340.0	141.0	21.0	22.0
340.0	141.0	21.0	22.0
341.0	142.0	20.0	21.0
340.0	141.0	21.0	22.0
340.0	141.0	21.0	22.0
342.0	141.0	21.0	22.0
346.0	141.0	20.0	21.0
349.0	141.0	19.0	20.0
352.0	140.0	20.0	21.0
355.26788330078125	140.72113037109375	19.769821166992188	20.758310317993164
357.0	141.0	20.0	20.0
359.629150390625	141.20138549804688	19.662424087524414	19.662424087524414
362.7269592285156	139.84458923339844	20.026508331298828	20.026508331298828
363.0	138.0	22.0	22.0
366.88885498046875	139.07626342773438	22.123836517333984	22.123836517333984
370.0	139.0	20.0	21.0
372.71270751953125	139.685302734375	20.231578826904297	21.2431583404541
375.0	139.0	20.0	21.0
377.0	139.0	21.0	21.0
380.0	138.0	21.0	21.0
382.0	138.0	20.0	21.0
385.0	138.0	19.0	21.0
387.0	138.0	20.0	20.0
389.0	138.0	20.0	21.0
418.0	175.0	23.0	23.0
418.0	175.0	23.0	23.0
418.0	175.0	23.0	23.0
418.0	176.0	23.0	23.0
418.0	175.0	23.0	23.0
418.0	175.0	23.0	23.0
418.0	175.0	23.0	23.0
414.0	145.0	22.0	21.0
418.0	175.0	23.0	23.0
414.0	145.0	23.0	22.0
413.0	144.0	23.0	22.0
412.03155517578125	144.5352325439453	23.3293514251709	22.315032958984375
412.5244140625	143.60092163085938	23.487384796142578	22.466196060180664
320.0	133.0	21.0	22.0
320.0	134.0	20.0	20.0
320.0	134.0	20.0	21.0
320.0	133.0	21.0	22.0
320.0	134.0	20.0	21.0
320.0	134.0	20.0	21.0
320.0	134.0	20.0	21.0
321.0	134.0	19.0	21.0
320.0	133.0	20.0	22.0
320.0	133.0	20.0	21.0
320.0	134.0	20.0	20.0
320.0	133.0	21.0	22.0
320.0	133.0	20.0	22.0
320.0	134.0	20.0	21.0
320.0	134.0	20.0	20.0
320.0	133.0	20.0	21.0
320.0	133.0	20.0	21.0
320.0	134.0	20.0	21.0
320.0	134.0	20.0	21.0
320.0	134.0	20.0	21.0
320.0	134.0	20.0	21.0
320.0	134.0	20.0	20.0
320.0	134.0	20.0	21.0
320.0	134.0	20.0	21.0
320.0	133.0	20.0	22.0
320.0	133.0	20.0	22.0
320.0	133.0	20.0	22.0
320.0	134.0	20.0	21.0
320.0	134.0	20.0	21.0
320.0	133.0	20.0	22.0
320.0	134.0	20.0	21.0
320.0	133.0	20.0	22.0
320.0	133.0	20.0	21.0
320.0	134.0	20.0	20.0
320.0	133.0	20.0	21.0
320.0	133.0	20.0	22.0
320.0	133.0	21.0	21.0
320.0	134.0	20.0	21.0
320.0	133.0	20.0	22.0
320.0	133.0	20.0	22.0
320.0	134.0	20.0	21.0
320.0	133.0	20.0	21.0
320.0	134.0	20.0	21.0
320.0	134.0	20.0	21.0
320.0	133.0	20.0	22.0
320.0	133.0	20.0	22.0
320.0	134.0	20.0	21.0
320.0	134.0	20.0	21.0
320.0	134.0	20.0	20.0
320.0	134.0	20.0	21.0
320.0	134.0	20.0	21.0
320.0	134.0	20.0	21.0
320.0	134.0	20.0	21.0
320.0	133.0	21.0	22.0
320.0	133.0	20.0	21.0
320.0	134.0	20.0	21.0
320.0	133.0	20.0	22.0
320.0	134.0	20.0	21.0
320.0	133.0	20.0	22.0
320.0	133.0	20.0	21.0
320.0	134.0	20.0	21.0
320.0	134.0	20.0	21.0
320.0	134.0	20.0	21.0
320.0	134.0	20.0	21.0
321.0	134.0	19.0	21.0
321.0	134.0	19.0	20.0
321.0	133.0	19.0	21.0
320.0	133.0	21.0	22.0
320.0	133.0	20.0	22.0
320.0	133.0	20.0	22.0
320.0	134.0	20.0	21.0
320.0	133.0	20.0	22.0
320.0	133.0	21.0	21.0
320.0	134.0	20.0	21.0
320.0	133.0	20.0	21.0
320.0	133.0	20.0	21.0
321.0	133.0	19.0	21.0
320.0	133.0	20.0	22.0
320.0	134.0	20.0	21.0
320.0	134.0	20.0	21.0
320.0	134.0	20.0	21.0
320.0	134.0	20.0	20.0
320.0	133.0	20.0	21.0
320.0	133.0	20.0	21.0
321.0	133.0	19.0	21.0
320.0	134.0	20.0	20.0
320.0	133.0	20.0	22.0
320.0	133.0	20.0	22.0
320.0	133.0	20.0	22.0
320.0	133.0	20.0	22.0
320.0	133.0	20.0	22.0
319.90826416015625	133.59304809570312	19.916929244995117	21.908620834350586
320.32452392578125	133.4202117919922	19.90947723388672	21.90042495727539
320.33587646484375	133.12937927246094	20.00423240661621	22.004655838012695
336.0	136.0	21.0	21.0
333.0	137.0	21.0	22.0
330.0	138.0	21.0	22.0
327.0	139.0	21.0	22.0
324.0	140.0	21.0	22.0
321.0	141.0	21.0	22.0
318.0	142.0	21.0	21.0
294.0	132.0	20.0	21.0
292.0	132.0	19.0	20.0
288.0	132.0	20.0	21.0
305.0	145.0	19.0	20.0
302.0	145.0	21.0	23.0
299.0	146.0	21.0	23.0
296.0	147.0	21.0	22.0
292.0	148.0	22.0	22.0
271.0	132.0	19.0	20.0
268.0	132.0	20.0	21.0
266.0	133.0	19.0	20.0
280.0	150.0	22.0	24.0
275.6359558105469	151.4150390625	21.885822296142578	23.875446319580078
274.0	153.0	22.0	23.0
272.6273498535156	152.35748291015625	22.036357879638672	23.038013458251953
269.0	154.0	21.0	23.0
266.0	155.0	20.0	22.0
262.0	156.0	22.0	23.0
259.81768798828125	155.13784790039062	22.10797691345215	23.112884521484375
257.0	157.0	22.0	23.0
253.367919921875	158.10902404785156	21.898160934448242	22.89353370666504
227.0	164.0	23.0	24.0
237.0	132.0	20.0	21.0
250.0	159.0	22.0	23.0
251.0	159.0	22.0	23.0
220.0	163.0	23.0	24.0
218.8926239013672	161.1234588623047	23.5791072845459	24.60428810119629
217.0	163.0	23.0	23.0
216.0520477294922	161.9534912109375	22.926998138427734	22.926998138427734
223.0	132.0	20.0	22.0
221.6407012939453	132.14340209960938	20.10982322692871	22.120805740356445
219.28857421875	132.8340301513672	20.399499893188477	22.439451217651367
217.0	133.0	21.0	21.0
259.0	157.0	22.0	23.0
259.0	157.0	22.0	23.0
260.62225341796875	155.63601684570312	21.748249053955078	22.736804962158203
211.0	133.0	20.0	21.0
199.0	162.0	23.0	24.0
199.1626434326172	161.88714599609375	22.490741729736328	23.46860122680664
262.0	156.0	22.0	23.0
195.0	162.0	23.0	24.0
263.0	156.0	21.0	23.0
346.0	186.0	24.0	25.0
346.4104309082031	184.37100219726562	23.706546783447266	24.694320678710938
418.0	199.0	24.0	21.0
345.0	187.0	24.0	25.0
345.45562744140625	186.10723876953125	24.033954620361328	25.035369873046875
344.0	187.0	23.0	25.0
344.0	187.0	23.0	24.0
343.0	188.0	23.0	24.0
183.0	162.0	22.0	24.0
343.0	188.0	23.0	24.0
343.5306701660156	187.3770294189453	23.226919174194336	24.236783981323242
343.1466369628906	186.54122924804688	23.408512115478516	24.426273345947266
343.5796813964844	186.47137451171875	23.317237854003906	24.331029891967773
188.0	134.0	19.0	21.0
187.0	134.0	20.0	21.0
186.73794555664062	132.91163635253906	20.124950408935547	21.13119888305664
342.0	188.0	24.0	25.0
341.6968078613281	186.912841796875	24.41024398803711	25.427339553833008
341.4762878417969	186.94937133789062	24.269689559936523	25.280929565429688
175.0	162.0	23.0	24.0
183.0	134.0	20.0	22.0
174.0	162.0	23.0	23.0
341.0	188.0	24.0	26.0
341.0	188.0	24.0	25.0
341.8594665527344	186.78884887695312	24.027061462402344	25.02819061279297
180.0	135.0	21.0	21.0
180.0	135.0	20.0	21.0
342.0	188.0	23.0	25.0
178.0	134.0	22.0	22.0
342.0	188.0	23.0	25.0
342.0	188.0	23.0	25.0
342.0	188.0	23.0	25.0
177.0	134.0	22.0	22.0
177.263427734375	133.7013702392578	21.780323028564453	21.780323028564453
341.0	188.0	24.0	26.0
341.20330810546875	186.65838623046875	24.018068313598633	26.019573211669922
341.4876403808594	186.68978881835938	24.212284088134766	26.229970932006836
342.0	188.0	23.0	25.0
174.0	162.0	23.0	24.0
174.0	162.0	23.0	24.0
173.39382934570312	160.9862823486328	23.302837371826172	24.31600570678711
174.12339782714844	161.13528442382812	22.91842269897461	23.91487693786621
342.0	188.0	23.0	25.0
174.0	162.0	23.0	24.0
174.0	163.0	23.0	22.0
173.9651641845703	162.04466247558594	23.255990982055664	22.24485969543457
173.97872924804688	161.50881958007812	23.171443939208984	22.163990020751953
174.2614288330078	161.9113006591797	23.240461349487305	22.23000717163086
174.24325561523438	162.38882446289062	22.961271286010742	21.962955474853516
174.00033569335938	162.25601196289062	22.827890396118164	21.835372924804688
174.49014282226562	161.96824645996094	22.29561996459961	21.326244354248047
174.09469604492188	162.1416015625	22.51438331604004	21.53549575805664
174.0	162.0	23.0	23.0
173.9613800048828	161.18325805664062	22.993877410888672	22.993877410888672
342.0	188.0	23.0	25.0
174.0	162.0	23.0	23.0
174.0	162.0	23.0	23.0
174.2581329345703	161.14048767089844	22.75501823425293	22.75501823425293
174.0	162.0	23.0	23.0
173.68484497070312	161.11929321289062	23.13290786743164	23.13290786743164
174.3794708251953	161.23178100585938	22.879322052001953	22.879322052001953
174.55433654785156	161.7262725830078	22.6428279876709	22.6428279876709
174.2424774169922	161.4647216796875	22.402210235595703	22.402210235595703
174.4379119873047	161.58375549316406	22.000829696655273	22.000829696655273
174.43319702148438	162.21682739257812	21.836288452148438	21.836288452148438
174.4523468017578	161.69898986816406	22.11737060546875	22.11737060546875
174.7953643798828	162.40200805664062	21.826993942260742	21.826993942260742
175.35203552246094	161.84939575195312	21.47661781311035	21.47661781311035
174.65292358398438	162.2071990966797	21.41848373413086	21.41848373413086
174.79879760742188	161.8182373046875	21.59971046447754	21.59971046447754
174.73165893554688	161.9503631591797	21.44308853149414	21.44308853149414
342.0	188.0	23.0	25.0
342.33746337890625	186.82492065429688	23.21625328063965	25.235057830810547
341.0	188.0	24.0	25.0
341.95941162109375	186.9905242919922	23.74506950378418	24.734447479248047
342.41644287109375	186.662109375	23.775251388549805	24.765888214111328
173.0	162.0	23.0	23.0
174.4629669189453	161.293212890625	22.810800552368164	22.810800552368164
174.4595184326172	161.23275756835938	22.511770248413086	22.511770248413086
174.6546173095703	161.2589874267578	22.401493072509766	22.401493072509766
174.3910675048828	161.30087280273438	22.526260375976562	22.526260375976562
174.0370635986328	161.44656372070312	22.580251693725586	22.580251693725586
174.26113891601562	161.25390625	22.983272552490234	22.983272552490234
174.0	162.0	23.0	24.0
174.2965545654297	160.76828002929688	22.859378814697266	23.85326385498047
174.0	163.0	23.0	22.0
173.89816284179688	161.5541534423828	23.395984649658203	22.378765106201172
174.0	162.0	22.0	23.0
174.20108032226562	161.706298828125	21.860559463500977	22.85422134399414
174.33535766601562	161.5967254638672	22.060970306396484	23.063743591308594
175.31887817382812	160.91000366210938	22.029569625854492	23.03091812133789
341.0	188.0	24.0	25.0
342.0	188.0	23.0	25.0
342.0	188.0	23.0	25.0
342.2065124511719	186.58053588867188	22.789413452148438	24.771099090576172
341.0	188.0	25.0	25.0
342.0	188.0	23.0	25.0
174.0	163.0	23.0	22.0
174.0	162.0	23.0	23.0
174.71957397460938	161.1774444580078	23.007808685302734	23.007808685302734
174.45849609375	161.03936767578125	22.81723403930664	22.81723403930664
174.42776489257812	161.5894775390625	22.725555419921875	22.725555419921875
174.17047119140625	161.24827575683594	22.55496597290039	22.55496597290039
175.26072692871094	161.39535522460938	22.224605560302734	22.224605560302734
174.7757568359375	161.26870727539062	22.209077835083008	22.209077835083008
174.30714416503906	161.2259979248047	21.87841796875	21.87841796875
174.5660400390625	161.7769317626953	22.015005111694336	22.015005111694336
174.8245086669922	161.62557983398438	22.032958984375	22.032958984375
175.18980407714844	161.3602752685547	22.35103988647461	22.35103988647461
342.0	188.0	23.0	25.0
174.0	162.0	23.0	23.0
174.30982971191406	161.55450439453125	22.778499603271484	22.778499603271484
342.0	188.0	23.0	25.0
342.0	188.0	23.0	25.0
342.38031005859375	186.458251953125	22.8362979888916	24.822063446044922
342.0	188.0	23.0	25.0
342.0	188.0	23.0	25.0
342.0	188.0	23.0	25.0
342.0	188.0	23.0	25.0
342.0	188.0	23.0	25.0
341.0	188.0	24.0	25.0
342.0	188.0	23.0	25.0
342.0	188.0	23.0	25.0
342.432861328125	186.41943359375	23.045310974121094	25.049251556396484
342.0	188.0	23.0	25.0
341.0	188.0	24.0	25.0
342.2232360839844	186.93313598632812	23.85829734802246	24.85239028930664
342.0	188.0	23.0	25.0
174.0	162.0	23.0	24.0
174.48416137695312	161.07826232910156	22.87369728088379	23.868206024169922
174.30809020996094	161.27084350585938	22.397777557373047	23.371593475341797
174.506591796875	161.4976806640625	22.508861541748047	23.487510681152344
342.0	188.0	23.0	25.0
173.0	162.0	24.0	24.0
341.0	188.0	24.0	25.0
342.0	188.0	23.0	25.0
174.0	162.0	23.0	23.0
173.56187438964844	160.70993041992188	23.0952091217041	23.0952091217041
174.26641845703125	160.9530792236328	23.09558868408203	23.09558868408203
174.50759887695312	160.6552734375	22.566747665405273	22.566747665405273
174.27938842773438	161.23724365234375	22.70729637145996	22.70729637145996
173.72352600097656	161.19711303710938	22.53583526611328	22.53583526611328
174.103759765625	160.94656372070312	22.605911254882812	22.605911254882812
174.79324340820312	161.18600463867188	22.464656829833984	22.464656829833984
174.275146484375	161.37353515625	22.133520126342773	22.133520126342773
175.0225372314453	161.83058166503906	22.090030670166016	22.090030670166016
175.10122680664062	161.5251922607422	22.084304809570312	22.084304809570312
174.45523071289062	161.51339721679688	22.303142547607422	22.303142547607422
175.31442260742188	161.35501098632812	22.337345123291016	22.337345123291016
174.8870391845703	161.08969116210938	22.59681510925293	22.59681510925293
174.16639709472656	161.45501708984375	22.56146240234375	22.56146240234375
174.0	162.0	23.0	23.0
173.6594696044922	161.09329223632812	22.93045425415039	22.93045425415039
174.46192932128906	161.03628540039062	22.928558349609375	22.928558349609375
174.14010620117188	161.7694091796875	22.95766830444336	22.95766830444336
174.29718017578125	161.31576538085938	22.56381607055664	22.56381607055664
174.46839904785156	161.3815155029297	22.591205596923828	22.591205596923828
174.0	162.0	23.0	23.0
174.4279022216797	161.72805786132812	22.622329711914062	22.622329711914062
174.1045379638672	161.3336181640625	22.41947364807129	22.41947364807129
174.535888671875	162.29672241210938	22.298206329345703	22.298206329345703
173.81625366210938	161.62899780273438	22.333133697509766	22.333133697509766
173.91983032226562	161.99728393554688	22.183807373046875	22.183807373046875
175.05679321289062	160.82595825195312	22.008256912231445	22.008256912231445
174.80856323242188	161.24798583984375	22.058889389038086	22.058889389038086
174.205078125	161.63772583007812	21.906410217285156	21.906410217285156
174.70809936523438	161.4760284423828	22.21665382385254	22.21665382385254
174.93206787109375	161.61495971679688	22.333683013916016	22.333683013916016
173.952392578125	161.36465454101562	22.043453216552734	22.043453216552734
174.21893310546875	161.25784301757812	22.65885353088379	22.65885353088379
174.34042358398438	161.1810760498047	22.858896255493164	22.858896255493164
174.09188842773438	161.5201416015625	22.71395492553711	22.71395492553711
174.32395935058594	161.3158416748047	22.526443481445312	22.526443481445312
173.69053649902344	161.23294067382812	22.53517723083496	22.53517723083496
173.92105102539062	160.73779296875	22.79415512084961	22.79415512084961
173.6589813232422	161.587646484375	22.676084518432617	22.676084518432617
174.0990753173828	161.6128387451172	22.624582290649414	22.624582290649414
173.78262329101562	161.38926696777344	22.68145179748535	22.68145179748535
174.32139587402344	161.9257354736328	22.737619400024414	22.737619400024414
174.49899291992188	161.19076538085938	22.963842391967773	22.963842391967773
174.1854248046875	161.48135375976562	23.085887908935547	23.085887908935547
173.51998901367188	161.39797973632812	22.655376434326172	22.655376434326172
174.0	162.0	22.0	24.0
342.0	188.0	23.0	25.0
342.1651306152344	186.53305053710938	23.237247467041016	25.257877349853516
174.0	162.0	23.0	24.0
173.92697143554688	160.7520294189453	22.895742416381836	23.89120864868164
342.0	188.0	23.0	25.0
174.0	162.0	22.0	23.0
174.24862670898438	161.5115509033203	21.96178436279297	22.96004867553711
174.61001586914062	161.8399200439453	21.77932357788086	22.76929473876953
175.27255249023438	161.1882781982422	21.95945167541504	22.95760726928711
174.52439880371094	161.4263916015625	21.66952896118164	22.65450668334961
175.27767944335938	161.5583953857422	21.626773834228516	22.60980796813965
175.30746459960938	161.3351593017578	21.779067993164062	22.769025802612305
174.7549285888672	161.5065155029297	21.731182098388672	22.71895980834961
174.9547576904297	161.56640625	21.585546493530273	22.56670379638672
174.53726196289062	161.47071838378906	22.063426971435547	23.066308975219727
174.75692749023438	161.41976928710938	21.804790496826172	22.795917510986328
174.66041564941406	161.26559448242188	21.774005889892578	22.763734817504883
173.90542602539062	161.4981689453125	21.93506622314453	22.932117462158203
175.07583618164062	161.37451171875	21.71065902709961	22.697511672973633
175.4441375732422	161.4326629638672	21.70212745666504	22.6885929107666
175.2165985107422	161.7828369140625	21.677038192749023	22.662363052368164
174.78720092773438	161.20497131347656	21.64890480041504	22.632949829101562
175.19757080078125	161.47232055664062	21.585094451904297	22.566238403320312
174.81321716308594	161.37193298339844	21.429288864135742	22.403348922729492
174.6919708251953	161.58192443847656	21.48739242553711	22.464092254638672
175.02633666992188	161.8594970703125	21.110206604003906	22.069761276245117
175.59523010253906	161.96243286132812	20.707122802734375	21.64835548400879
175.3482208251953	162.0500030517578	20.711570739746094	21.653005599975586
174.86827087402344	162.11538696289062	20.51211929321289	21.444488525390625
175.44454956054688	161.6906280517578	20.583398818969727	21.519006729125977
175.65841674804688	161.8736114501953	20.665159225463867	21.60448455810547
175.23837280273438	161.85324096679688	20.814855575561523	21.760986328125
175.34506225585938	161.48062133789062	20.734390258789062	21.676862716674805
175.47311401367188	161.71939086914062	20.631855010986328	21.569665908813477
175.43667602539062	161.66055297851562	20.42538833618164	21.35381317138672
176.20712280273438	161.90855407714844	20.260770797729492	21.181713104248047
175.76605224609375	162.87277221679688	20.005266189575195	20.914594650268555
176.0186767578125	162.2588653564453	19.933935165405273	20.840023040771484
175.5752716064453	162.0286102294922	19.820262908935547	20.721187591552734
176.85520935058594	161.943359375	19.832149505615234	20.733613967895508
175.7970733642578	162.8218536376953	19.671926498413086	20.56610679626465
175.72494506835938	162.22586059570312	19.63162612915039	20.52397346496582
175.88436889648438	162.2286376953125	19.74701690673828	20.644609451293945
