340.0	158.0	27.0	55.0
339.0	158.0	27.0	54.0
340.0	158.0	25.0	54.0
338.0	157.0	27.0	56.0
340.0	158.0	25.0	54.0
338.0	157.0	27.0	55.0
339.0	157.0	26.0	55.0
339.0	157.0	25.0	54.0
340.0	158.0	23.0	52.0
339.0	159.0	24.0	52.0
339.0	158.0	24.0	53.0
337.0	158.0	26.0	53.0
338.0	158.0	25.0	53.0
338.0	158.0	25.0	52.0
338.0	157.0	24.0	53.0
337.0	158.0	25.0	53.0
336.0	157.0	26.0	53.0
336.0	157.0	26.0	53.0
335.0	156.0	27.0	54.0
335.0	156.0	26.0	54.0
335.0	156.0	26.0	54.0
335.0	156.0	26.0	55.0
335.0	155.0	26.0	55.0
335.0	156.0	26.0	54.0
334.0	156.0	26.0	54.0
334.0	157.0	26.0	52.0
334.0	157.0	25.0	53.0
334.0	157.0	26.0	53.0
334.0	157.0	24.0	53.0
332.0	157.0	26.0	53.0
332.0	157.0	25.0	52.0
332.0	157.0	24.0	51.0
331.0	156.0	24.0	52.0
331.0	156.0	24.0	52.0
330.0	157.0	25.0	51.0
330.0	157.0	24.0	51.0
329.0	155.0	25.0	53.0
329.0	157.0	24.0	51.0
328.0	157.0	24.0	51.0
327.0	156.0	25.0	51.0
327.0	157.0	23.0	50.0
327.0	157.0	23.0	50.0
326.0	156.0	23.0	51.0
325.0	156.0	24.0	51.0
325.0	156.0	23.0	50.0
326.0	157.0	23.0	49.0
324.0	156.0	24.0	50.0
324.0	156.0	24.0	50.0
323.0	156.0	25.0	50.0
325.0	157.0	21.0	48.0
323.0	156.0	24.0	50.0
322.0	155.0	25.0	51.0
322.0	155.0	25.0	51.0
322.0	156.0	24.0	49.0
322.0	155.0	24.0	51.0
321.0	154.0	25.0	50.0
321.0	154.0	24.0	50.0
320.0	155.0	24.0	49.0
320.0	155.0	23.0	50.0
320.0	155.0	24.0	51.0
319.0	155.0	24.0	51.0
318.0	154.0	25.0	52.0
317.0	154.0	25.0	52.0
317.0	154.0	25.0	51.0
317.0	154.0	24.0	52.0
317.0	153.0	23.0	52.0
317.0	154.0	22.0	50.0
314.0	154.0	23.0	51.0
316.0	154.0	21.0	50.0
315.0	154.0	22.0	49.0
314.0	154.0	22.0	49.0
313.0	154.0	23.0	50.0
312.0	153.0	23.0	51.0
312.0	153.0	23.0	51.0
311.0	153.0	23.0	51.0
311.0	154.0	23.0	50.0
312.0	154.0	22.0	50.0
312.0	154.0	22.0	50.0
311.0	154.0	22.0	50.0
310.0	154.0	23.0	50.0
310.0	153.0	23.0	51.0
310.0	153.0	22.0	51.0
310.0	153.0	22.0	49.0
309.0	153.0	23.0	49.0
309.0	154.0	23.0	48.0
309.0	153.0	23.0	49.0
309.0	153.0	23.0	49.0
308.0	153.0	23.0	48.0
307.0	153.0	24.0	49.0
307.0	153.0	23.0	49.0
307.0	153.0	23.0	48.0
307.0	153.0	23.0	48.0
307.0	153.0	23.0	48.0
307.0	153.0	22.0	47.0
307.0	153.0	22.0	48.0
307.0	153.0	22.0	48.0
306.0	153.0	23.0	48.0
307.0	153.0	21.0	49.0
305.0	153.0	23.0	48.0
306.0	152.0	21.0	49.0
305.0	152.0	23.0	49.0
305.0	152.0	23.0	49.0
305.0	152.0	22.0	48.0
305.0	153.0	22.0	47.0
305.0	152.0	22.0	48.0
304.0	152.0	23.0	48.0
303.0	152.0	23.0	47.0
303.0	152.0	22.0	46.0
303.0	152.0	21.0	45.0
303.0	152.0	21.0	46.0
303.0	152.0	20.0	45.0
302.0	152.0	20.0	44.0
303.0	153.0	19.0	43.0
302.0	152.0	19.0	43.0
301.0	152.0	20.0	44.0
299.0	152.0	22.0	47.0
300.0	152.0	21.0	45.0
300.0	152.0	21.0	46.0
299.0	152.0	21.0	46.0
299.0	151.0	21.0	47.0
298.0	151.0	22.0	47.0
297.0	151.0	22.0	47.0
297.0	152.0	22.0	46.0
297.0	153.0	22.0	45.0
297.0	153.0	22.0	44.0
297.0	153.0	21.0	44.0
296.0	153.0	22.0	45.0
296.0	153.0	22.0	44.0
296.0	153.0	22.0	44.0
296.0	153.0	21.0	44.0
296.0	153.0	21.0	44.0
296.0	153.0	21.0	43.0
296.0	152.0	20.0	44.0
296.0	153.0	20.0	42.0
296.0	153.0	20.0	42.0
296.0	153.0	19.0	42.0
295.0	152.0	20.0	44.0
296.0	152.0	19.0	43.0
295.0	152.0	19.0	43.0
295.0	152.0	19.0	43.0
294.0	152.0	20.0	43.0
294.0	151.0	20.0	44.0
294.0	151.0	19.0	44.0
293.0	152.0	20.0	43.0
293.0	151.0	20.0	43.0
292.0	151.0	20.0	44.0
292.0	151.0	20.0	44.0
291.0	151.0	20.0	43.0
291.0	151.0	20.0	43.0
291.0	150.0	20.0	44.0
290.0	150.0	20.0	45.0
289.0	150.0	21.0	44.0
290.0	151.0	20.0	42.0
290.0	151.0	20.0	42.0
290.0	150.0	19.0	44.0
289.0	150.0	20.0	44.0
289.0	150.0	20.0	43.0
289.0	150.0	20.0	43.0
289.0	150.0	20.0	44.0
289.0	151.0	20.0	42.0
289.0	151.0	19.0	42.0
287.0	151.0	21.0	42.0
288.0	151.0	19.0	41.0
288.0	151.0	19.0	41.0
287.0	150.0	19.0	43.0
286.0	150.0	20.0	43.0
285.0	150.0	20.0	43.0
286.0	150.0	19.0	42.0
285.0	150.0	19.0	42.0
284.0	150.0	20.0	42.0
284.0	150.0	20.0	43.0
283.0	150.0	20.0	43.0
283.0	152.0	19.0	40.0
283.70050048828125	152.2006072998047	19.031911849975586	40.06718063354492
283.0	151.0	19.0	41.0
282.0	151.0	19.0	40.0
282.0	151.0	19.0	41.0
282.0	150.0	19.0	41.0
282.0	150.0	19.0	41.0
282.0	151.0	18.0	40.0
282.0	151.0	18.0	40.0
282.0	151.0	18.0	41.0
282.0	151.0	18.0	40.0
282.0	151.0	17.0	40.0
281.0	150.0	18.0	40.0
281.0	151.0	18.0	39.0
280.0	151.0	18.0	39.0
281.0	151.0	17.0	39.0
280.0	150.0	18.0	40.0
280.0	150.0	18.0	40.0
279.0	149.0	19.0	41.0
279.0	150.0	19.0	40.0
279.0	149.0	19.0	41.0
279.0	150.0	18.0	40.0
280.0	150.0	17.0	40.0
280.0	150.0	18.0	40.0
279.0	150.0	19.0	40.0
279.0	150.0	18.0	40.0
278.0	150.0	19.0	39.0
278.0	150.0	18.0	39.0
278.0	150.0	18.0	39.0
277.0	149.0	18.0	40.0
276.0	150.0	19.0	38.0
276.0	149.0	19.0	39.0
275.0	149.0	20.0	40.0
275.0	149.0	19.0	40.0
275.0	149.0	18.0	40.0
274.0	149.0	19.0	40.0
273.0	149.0	19.0	40.0
273.0	148.0	19.0	40.0
273.0	149.0	19.0	40.0
272.0	148.0	19.0	41.0
272.0	148.0	19.0	40.0
272.0	149.0	19.0	39.0
272.0	150.0	18.0	38.0
272.0	150.0	18.0	38.0
272.0	150.0	17.0	37.0
271.0	149.0	18.0	39.0
271.0	149.0	18.0	39.0
271.0	149.0	18.0	38.0
271.0	148.0	18.0	39.0
271.0	148.0	17.0	40.0
270.0	148.0	19.0	40.0
271.0	148.0	18.0	40.0
271.0	148.0	17.0	39.0
271.0	148.0	17.0	39.0
270.0	147.0	18.0	40.0
270.0	148.0	17.0	39.0
269.0	148.0	18.0	39.0
269.0	148.0	17.0	39.0
268.0	148.0	18.0	39.0
267.0	148.0	19.0	40.0
267.0	148.0	19.0	40.0
267.0	148.0	18.0	40.0
266.0	148.0	19.0	39.0
266.0	148.0	19.0	39.0
265.0	148.0	19.0	39.0
266.0	149.0	18.0	37.0
265.0	149.0	19.0	37.0
266.0	148.0	17.0	38.0
265.0	148.0	18.0	38.0
264.0	148.0	18.0	38.0
264.0	148.0	18.0	38.0
264.0	149.0	18.0	37.0
263.0	148.0	18.0	38.0
263.0	148.0	18.0	38.0
263.0	148.0	17.0	37.0
262.0	148.0	18.0	38.0
261.0	148.0	19.0	39.0
261.0	148.0	19.0	39.0
260.0	148.0	19.0	39.0
259.0	148.0	19.0	39.0
259.0	148.0	19.0	38.0
259.0	148.0	18.0	38.0
260.0	147.0	17.0	39.0
259.0	148.0	18.0	38.0
259.0	148.0	18.0	38.0
259.0	147.0	17.0	39.0
259.0	147.0	17.0	40.0
258.0	147.0	18.0	40.0
258.0	147.0	18.0	39.0
258.0	147.0	18.0	39.0
258.0	147.0	17.0	39.0
258.0	147.0	17.0	39.0
258.0	147.0	17.0	39.0
258.0	147.0	17.0	39.0
258.0	147.0	18.0	38.0
259.0	147.0	16.0	38.0
259.0	147.0	16.0	37.0
259.0	147.0	16.0	37.0
259.0	148.0	16.0	35.0
258.6705322265625	147.8716583251953	16.20258903503418	35.44316482543945
259.0	147.0	16.0	37.0
260.0	148.0	16.0	36.0
259.0	147.0	17.0	37.0
260.0	147.0	17.0	37.0
261.0	147.0	17.0	38.0
261.0	147.0	17.0	38.0
260.0	146.0	18.0	39.0
261.0	146.0	17.0	38.0
261.0	146.0	18.0	38.0
261.0	146.0	18.0	38.0
262.0	146.0	16.0	37.0
262.0	147.0	16.0	36.0
262.0	147.0	15.0	36.0
262.0	147.0	15.0	36.0
260.0	147.0	17.0	37.0
261.0	147.0	16.0	37.0
260.0	146.0	17.0	38.0
260.0	147.0	17.0	37.0
260.0	146.0	16.0	37.0
259.0	146.0	17.0	37.0
259.0	147.0	16.0	36.0
259.0	147.0	16.0	36.0
259.0	147.0	16.0	36.0
258.0	147.0	17.0	36.0
257.0	146.0	17.0	38.0
257.0	146.0	17.0	38.0
256.0	146.0	18.0	38.0
256.0	146.0	18.0	38.0
255.0	146.0	19.0	38.0
255.0	146.0	18.0	38.0
255.0	146.0	18.0	38.0
255.0	146.0	18.0	37.0
255.0	146.0	18.0	37.0
254.0	146.0	17.0	37.0
254.0	146.0	18.0	37.0
255.0	145.0	17.0	38.0
255.0	145.0	16.0	38.0
254.0	146.0	17.0	36.0
255.0	145.0	16.0	38.0
255.0	145.0	17.0	37.0
255.0	146.0	17.0	36.0
255.0	145.0	16.0	38.0
254.0	146.0	18.0	38.0
253.81967163085938	144.87277221679688	18.09018325805664	38.19038772583008
254.0	145.0	18.0	36.0
254.3575439453125	144.74209594726562	18.05580711364746	36.11161422729492
254.1608428955078	145.63873291015625	18.105777740478516	36.21155548095703
254.6187744140625	145.7056427001953	18.00609016418457	36.01218032836914
254.4877166748047	146.439453125	18.022140502929688	36.044281005859375
254.9862060546875	145.8538055419922	18.0383243560791	36.0766487121582
254.0	145.0	19.0	37.0
256.0	146.0	17.0	36.0
255.0	145.0	18.0	37.0
256.0	145.0	17.0	39.0
256.0	145.0	17.0	38.0
256.0	145.0	17.0	38.0
256.0	144.0	18.0	40.0
256.0	144.0	18.0	40.0
257.0	145.0	17.0	36.0
257.0	145.0	17.0	36.0
256.2760009765625	144.95736694335938	17.152812957763672	36.32360076904297
257.0	145.0	17.0	35.0
256.43939208984375	145.56085205078125	16.84041976928711	34.67145538330078
256.5096130371094	145.2150115966797	17.053030014038086	35.10918426513672
256.6019592285156	145.2016143798828	16.672914505004883	34.32659149169922
257.0	146.0	16.0	33.0
257.0	146.0	16.0	34.0
256.29119873046875	146.03854370117188	16.117431640625	34.24953842163086
256.0	145.0	16.0	34.0
255.0	146.0	17.0	34.0
254.2674102783203	145.73733520507812	16.968944549560547	33.937889099121094
255.0	145.0	16.0	34.0
254.9058074951172	145.94216918945312	16.094287872314453	34.20035934448242
254.31546020507812	144.76063537597656	16.313831329345703	34.666893005371094
254.0	145.0	16.0	35.0
254.0	145.0	16.0	34.0
253.0	145.0	16.0	35.0
253.0	144.0	16.0	35.0
253.0	144.0	15.0	35.0
252.5373077392578	145.37034606933594	15.130502700805664	35.30450439453125
252.376953125	144.1764678955078	15.179555892944336	35.41896438598633
252.0	144.0	15.0	35.0
251.1568603515625	143.39871215820312	15.035563468933105	35.082984924316406
251.3889617919922	145.54873657226562	15.084205627441406	35.19648361206055
250.0	145.0	16.0	35.0
249.0	145.0	17.0	35.0
249.0	145.0	17.0	35.0
249.0	144.0	17.0	36.0
248.0	145.0	17.0	36.0
247.0	144.0	17.0	36.0
247.0	144.0	16.0	36.0
246.0	144.0	17.0	36.0
246.0	144.0	17.0	36.0
246.0	144.0	16.0	36.0
245.0	144.0	17.0	36.0
245.0	143.0	17.0	37.0
245.92575073242188	143.5249786376953	17.101163864135742	37.220176696777344
245.0	144.0	16.0	36.0
245.0	144.0	16.0	36.0
244.0	144.0	17.0	35.0
244.340087890625	143.8068084716797	16.918535232543945	34.832275390625
243.78945922851562	143.23509216308594	16.999231338500977	34.998416900634766
244.0	144.0	16.0	35.0
243.0	144.0	17.0	35.0
242.73898315429688	143.34559631347656	17.218469619750977	35.449790954589844
242.26992797851562	142.54949951171875	17.507919311523438	36.04571533203125
242.2583770751953	143.48281860351562	17.544315338134766	36.12065124511719
242.0	144.0	17.0	35.0
242.0	144.0	17.0	35.0
242.0	144.0	17.0	35.0
242.0	143.0	16.0	35.0
242.0	144.0	17.0	35.0
242.0	144.0	16.0	35.0
241.0	144.0	17.0	35.0
241.6344451904297	143.93228149414062	16.85558319091797	34.70267105102539
241.0	143.0	16.0	35.0
241.0	143.0	16.0	35.0
241.0	143.0	16.0	35.0
242.0	144.0	15.0	34.0
241.0	144.0	17.0	35.0
241.0	143.0	16.0	35.0
241.0	144.0	16.0	34.0
241.0	144.0	16.0	34.0
241.0	144.0	16.0	34.0
240.0	144.0	17.0	35.0
240.0	144.0	16.0	34.0
240.0	144.0	16.0	34.0
240.0	144.0	16.0	35.0
239.0	144.0	16.0	34.0
239.15103149414062	144.02354431152344	16.0937442779541	34.1992073059082
238.513427734375	143.83595275878906	16.058130264282227	34.12352752685547
238.0	145.0	17.0	33.0
238.0	145.0	18.0	34.0
237.0	144.0	19.0	35.0
237.0	144.0	18.0	35.0
235.3466033935547	143.21258544921875	17.956430435180664	34.915283203125
237.0	144.0	17.0	34.0
237.0	144.0	17.0	35.0
237.0	144.0	17.0	35.0
236.0	143.0	18.0	37.0
236.0	143.0	18.0	36.0
234.7667999267578	142.4180450439453	18.084590911865234	36.16918182373047
237.0	144.0	16.0	34.0
235.67172241210938	142.8655548095703	15.610258102416992	33.17180252075195
234.99349975585938	142.9385986328125	15.789825439453125	33.553382873535156
236.03909301757812	143.44459533691406	15.588480949401855	33.125526428222656
235.71463012695312	142.48553466796875	15.544527053833008	33.03212356567383
236.44393920898438	143.20465087890625	15.558239936828613	33.06126022338867
236.1759490966797	143.1584930419922	15.378717422485352	32.679771423339844
236.1243896484375	143.6163787841797	14.956021308898926	31.781539916992188
235.8327178955078	144.60842895507812	14.776891708374023	31.400888442993164
237.0725555419922	144.7925262451172	14.553609848022461	30.92641258239746
236.257568359375	144.97116088867188	14.627965927124023	31.08441734313965
236.03317260742188	144.3704071044922	14.534024238586426	30.884790420532227
236.0889129638672	144.9306182861328	14.631645202636719	31.092235565185547
235.490966796875	145.35104370117188	14.699604988098145	31.236648559570312
235.37643432617188	145.9681396484375	14.6558198928833	31.143604278564453
235.0679931640625	144.90625	14.734331130981445	31.310443878173828
234.89892578125	145.33541870117188	14.825085639953613	31.503299713134766
234.6997528076172	145.3473358154297	14.724749565124512	31.290088653564453
234.73171997070312	145.83169555664062	14.711880683898926	31.262744903564453
234.0487518310547	145.909423828125	14.631614685058594	31.092178344726562
234.7608642578125	145.07852172851562	14.514337539672852	30.84296226501465
234.96328735351562	146.3266143798828	14.360857963562012	30.51681900024414
235.2542266845703	145.76527404785156	14.407297134399414	30.615503311157227
235.2344207763672	145.2444610595703	14.366735458374023	30.529308319091797
235.44613647460938	146.35458374023438	14.356771469116211	30.508136749267578
236.1799774169922	145.37791442871094	14.323699951171875	30.4378604888916
235.7977752685547	145.30787658691406	14.282556533813477	30.350433349609375
237.12881469726562	144.9221954345703	14.142606735229492	30.05303955078125
236.7822265625	144.75123596191406	14.326701164245605	30.44424057006836
236.2933349609375	144.43728637695312	14.63512897491455	31.099645614624023
236.80667114257812	144.9906768798828	14.565912246704102	30.952560424804688
236.9175567626953	144.86398315429688	14.545361518859863	30.908889770507812
237.2906951904297	144.66995239257812	14.718470573425293	31.276744842529297
237.3975372314453	144.27334594726562	14.960121154785156	31.79024887084961
237.30322265625	145.2149658203125	14.84802532196045	31.552047729492188
237.61605834960938	145.35958862304688	14.750467300415039	31.344736099243164
237.6860809326172	145.46212768554688	14.751825332641602	31.347620010375977
237.44937133789062	144.83358764648438	14.876152038574219	31.611812591552734
238.1083984375	144.64190673828125	14.750572204589844	31.344955444335938
238.27682495117188	145.20578002929688	15.085121154785156	32.055870056152344
237.99154663085938	144.51376342773438	14.931892395019531	31.730260848999023
238.16519165039062	145.4481964111328	14.870366096496582	31.599517822265625
238.3905029296875	144.5590057373047	14.631166458129883	31.091217041015625
238.15206909179688	144.95022583007812	14.783029556274414	31.413921356201172
238.0128173828125	145.16043090820312	14.877609252929688	31.614904403686523
238.4769287109375	144.47787475585938	14.980865478515625	31.834325790405273
238.6236114501953	145.6557159423828	14.687820434570312	31.21160888671875
238.8988037109375	145.58517456054688	14.902180671691895	31.6671199798584
239.080322265625	144.90415954589844	14.750740051269531	31.345306396484375
239.67385864257812	145.7412567138672	14.743535995483398	31.329998016357422
240.02542114257812	145.00381469726562	14.510948181152344	30.83574867248535
240.5222625732422	146.37039184570312	14.385049819946289	30.56821632385254
240.76953125	145.36099243164062	14.417088508605957	30.636295318603516
240.92459106445312	146.62484741210938	14.206212043762207	30.188180923461914
241.63290405273438	147.22592163085938	14.075472831726074	29.910364151000977
241.7375946044922	147.21731567382812	13.988494873046875	29.725536346435547
241.9020233154297	147.0960693359375	14.106977462768555	29.977313995361328
242.47238159179688	146.89620971679688	14.017402648925781	29.786968231201172
242.41433715820312	146.86660766601562	13.973630905151367	29.693954467773438
242.7378387451172	147.66407775878906	13.67729663848877	29.06424331665039
242.55703735351562	147.61456298828125	13.638387680053711	28.981563568115234
243.0583953857422	148.51461791992188	13.287074089050293	28.235021591186523
242.94021606445312	147.7933349609375	13.341280937194824	28.350210189819336
243.5930938720703	148.20306396484375	13.358019828796387	28.38578224182129
243.4017791748047	147.82200622558594	13.40229606628418	28.479867935180664
243.1885528564453	149.3743133544922	13.346578598022461	28.36147117614746
243.48342895507812	148.4432373046875	13.348523139953613	28.3656005859375
243.78964233398438	147.32284545898438	13.28870964050293	28.23849868774414
243.463134765625	148.42141723632812	13.041450500488281	27.71307373046875
243.56802368164062	148.72300720214844	13.148303031921387	27.940139770507812
244.0799560546875	148.802001953125	13.062751770019531	27.758342742919922
244.39990234375	148.849609375	13.082098007202148	27.799449920654297
244.5587158203125	149.36187744140625	13.08837604522705	27.812789916992188
244.53076171875	149.87876892089844	12.860280990600586	27.32809066772461
244.37045288085938	150.049072265625	12.848971366882324	27.304058074951172
244.36392211914062	149.7637176513672	12.752634048461914	27.099340438842773
244.1035919189453	149.8587646484375	12.595766067504883	26.7659969329834
244.12158203125	150.9904022216797	12.669763565063477	26.923242568969727
244.3219451904297	150.61602783203125	12.518121719360352	26.601001739501953
243.7192840576172	149.77755737304688	12.762639999389648	27.1205997467041
244.6553192138672	149.6742401123047	12.923054695129395	27.46148109436035
244.39212036132812	149.95431518554688	12.91700553894043	27.448627471923828
244.6058349609375	149.68026733398438	12.916418075561523	27.4473819732666
244.3779754638672	148.7786102294922	12.892335891723633	27.396203994750977
244.5787353515625	149.5499267578125	12.895088195800781	27.402053833007812
244.94482421875	149.9383544921875	12.75357723236084	27.101343154907227
244.51425170898438	149.88356018066406	12.718579292297363	27.026973724365234
245.5927276611328	149.65760803222656	12.857412338256836	27.32199478149414
244.94638061523438	149.73828125	12.840600967407227	27.286270141601562
245.04672241210938	149.38665771484375	12.934901237487793	27.486658096313477
244.8341064453125	150.02291870117188	12.899989128112793	27.4124698638916
245.549072265625	150.08407592773438	12.729997634887695	27.051239013671875
244.84121704101562	149.76832580566406	12.700758934020996	26.98910903930664
244.70889282226562	149.49948120117188	12.702146530151367	26.992055892944336
244.77670288085938	149.7164764404297	12.509684562683105	26.58307456970215
245.11129760742188	150.32693481445312	12.469376564025879	26.497421264648438
246.3700408935547	149.82106018066406	12.446944236755371	26.449752807617188
245.4064178466797	149.14622497558594	12.474897384643555	26.509151458740234
245.98086547851562	150.09567260742188	12.244680404663086	26.019939422607422
245.11141967773438	150.1643524169922	12.277725219726562	26.090158462524414
245.4084014892578	149.94650268554688	12.367948532104492	26.28188133239746
245.7439422607422	150.24954223632812	12.1420316696167	25.801807403564453
246.53390502929688	145.81924438476562	12.440671920776367	26.436420440673828
248.48974609375	140.07510375976562	12.198697090148926	25.922222137451172
256.75115966796875	128.12899780273438	12.296671867370605	26.130420684814453
271.16912841796875	112.22603607177734	12.155980110168457	25.831451416015625
276.95782470703125	111.63346862792969	12.077592849731445	25.664880752563477
277.00274658203125	111.63575744628906	12.229907035827637	25.988550186157227
276.7801208496094	112.21507263183594	12.36121940612793	26.267587661743164
277.28094482421875	109.6597671508789	12.323528289794922	26.1874942779541
277.61419677734375	111.66983795166016	12.310762405395508	26.16036605834961
276.45458984375	109.56437683105469	12.118861198425293	25.752574920654297
276.9778137207031	111.22007751464844	12.191133499145508	25.906152725219727
275.8747253417969	113.32232666015625	12.268777847290039	26.07114601135254
278.0559997558594	111.7203369140625	12.417335510253906	26.386831283569336
277.0374450683594	112.07169342041016	12.51456069946289	26.593435287475586
278.5663146972656	114.31822204589844	12.679018020629883	26.94290542602539
280.3799743652344	114.90226745605469	12.621469497680664	26.820613861083984
276.3976745605469	111.42799377441406	12.628761291503906	26.836109161376953
276.2672424316406	110.51109313964844	12.47059154510498	26.5
276.0878601074219	110.6067123413086	12.481168746948242	26.522476196289062
277.33782958984375	111.19743347167969	12.231047630310059	25.990970611572266
277.11651611328125	111.6260757446289	12.268924713134766	26.071460723876953
277.0760192871094	113.20817565917969	12.13929557800293	25.795995712280273
277.0516052246094	114.07749938964844	12.189474105834961	25.902624130249023
276.3863220214844	110.41117858886719	12.202081680297852	25.92941665649414
277.3587341308594	111.7342300415039	12.065091133117676	25.638315200805664
277.2182312011719	111.06214904785156	11.792535781860352	25.059131622314453
277.2057800292969	113.28715515136719	11.8391695022583	25.158227920532227
277.51324462890625	113.54106140136719	12.03056812286377	25.56494903564453
276.76495361328125	111.83089447021484	12.040972709655762	25.587059020996094
277.566650390625	112.8751449584961	11.956095695495605	25.406696319580078
277.3522033691406	113.49293518066406	12.042886734008789	25.59113121032715
277.5674743652344	112.6578140258789	12.137070655822754	25.791271209716797
276.17352294921875	113.5160140991211	11.934282302856445	25.3603458404541
277.03460693359375	114.28035736083984	11.841080665588379	25.16229248046875
277.1030578613281	111.76165771484375	11.734604835510254	24.936031341552734
278.2822570800781	113.45436096191406	11.519254684448242	24.47841453552246
277.10498046875	111.76165771484375	11.341442108154297	24.100563049316406
277.20147705078125	113.65925598144531	11.281889915466309	23.974016189575195
277.49176025390625	114.330078125	11.374744415283203	24.17133140563965
277.43402099609375	113.25071716308594	11.225578308105469	23.854354858398438
445.0	141.0	13.0	22.0
441.9225158691406	141.65066528320312	12.855680465698242	21.75576400756836
442.4967346191406	141.65679931640625	12.82298469543457	21.7004337310791
442.00048828125	141.7249298095703	12.918408393859863	21.861919403076172
442.47686767578125	141.9014129638672	12.737634658813477	21.55599594116211
442.2437438964844	142.70477294921875	12.73198127746582	21.546428680419922
442.8570251464844	142.0591278076172	12.754117965698242	21.583887100219727
445.8431701660156	140.35733032226562	12.883267402648926	21.802448272705078
443.40875244140625	141.7494659423828	12.925250053405762	21.87349510192871
440.63037109375	141.9539031982422	13.014042854309082	22.023759841918945
441.42193603515625	141.49586486816406	13.072992324829102	22.123523712158203
441.2042541503906	141.87802124023438	13.022598266601562	22.038240432739258
441.12896728515625	141.11453247070312	12.977510452270508	21.961936950683594
439.3793029785156	140.61318969726562	13.11547565460205	22.195415496826172
441.7041931152344	142.08914184570312	12.99689769744873	21.9947452545166
441.728271484375	142.05613708496094	12.992485046386719	21.98727798461914
442.0314025878906	142.2669219970703	13.060404777526855	22.102218627929688
441.1000061035156	141.38552856445312	13.022509574890137	22.038089752197266
442.51220703125	141.92913818359375	13.074223518371582	22.125606536865234
444.1783142089844	141.145263671875	13.29662799835205	22.501983642578125
443.36865234375	141.67955017089844	13.248580932617188	22.420669555664062
442.06866455078125	141.4382781982422	13.186676025390625	22.315906524658203
442.7251892089844	141.75527954101562	13.295860290527344	22.500680923461914
443.75665283203125	142.57485961914062	13.274273872375488	22.464149475097656
443.1810607910156	142.48452758789062	13.171773910522461	22.290687561035156
444.6270446777344	140.65774536132812	12.975736618041992	21.958932876586914
444.92138671875	140.16244506835938	12.93696117401123	21.893314361572266
444.33709716796875	142.05551147460938	12.795292854309082	21.653568267822266
444.16119384765625	142.91648864746094	12.66972827911377	21.44107437133789
443.76776123046875	143.39175415039062	12.760507583618164	21.59469985961914
443.90740966796875	143.84829711914062	12.84596061706543	21.73931312561035
441.8267517089844	141.99868774414062	12.954864501953125	21.92361068725586
441.9478454589844	143.57815551757812	12.901985168457031	21.834125518798828
440.5384216308594	142.09669494628906	12.924360275268555	21.871992111206055
441.0799255371094	141.33213806152344	12.953351020812988	21.921051025390625
442.20263671875	141.47616577148438	13.011157035827637	22.018877029418945
443.0572814941406	141.64199829101562	12.974589347839355	21.956993103027344
441.24273681640625	141.99276733398438	12.874784469604492	21.7880916595459
441.04766845703125	141.75790405273438	12.911689758300781	21.85054588317871
441.07537841796875	141.45675659179688	12.965336799621582	21.94133186340332
440.921875	142.47677612304688	12.995901107788086	21.993059158325195
441.10955810546875	141.37399291992188	13.116155624389648	22.196565628051758
442.484619140625	142.23812866210938	13.174858093261719	22.295909881591797
442.72308349609375	141.74954223632812	13.415567398071289	22.703264236450195
442.46026611328125	141.404052734375	13.182428359985352	22.3087215423584
443.58087158203125	141.3022003173828	13.254831314086914	22.43124771118164
442.7394104003906	140.71780395507812	13.153997421264648	22.26060676574707
443.00677490234375	140.77047729492188	13.005294799804688	22.008955001831055
441.70257568359375	142.1153564453125	13.132928848266602	22.224950790405273
441.012451171875	142.17660522460938	13.017385482788086	22.029415130615234
441.43756103515625	142.8679962158203	12.794894218444824	21.65289306640625
442.03204345703125	144.0911102294922	12.771219253540039	21.61282730102539
442.53692626953125	144.74533081054688	12.839620590209961	21.72858238220215
441.7412109375	144.72232055664062	12.857706069946289	21.75918960571289
442.0889587402344	144.2462158203125	12.745162963867188	21.568729400634766
440.59930419921875	142.9261474609375	12.779129028320312	21.626211166381836
441.6046447753906	141.0684814453125	12.718549728393555	21.523693084716797
441.1187438964844	141.41734313964844	12.889904975891113	21.813678741455078
441.37457275390625	141.98056030273438	12.985272407531738	21.97507095336914
441.2852478027344	142.01734924316406	13.142341613769531	22.24087905883789
440.38604736328125	142.8223876953125	13.0819730758667	22.138717651367188
440.422119140625	142.28042602539062	13.010577201843262	22.017894744873047
443.5830078125	141.76585388183594	12.950335502624512	21.91594886779785
443.1832580566406	141.94424438476562	12.955827713012695	21.925241470336914
443.10137939453125	141.41091918945312	12.86767578125	21.77606201171875
443.7001953125	141.73202514648438	12.840357780456543	21.72983169555664
443.42083740234375	142.43124389648438	12.952821731567383	21.920154571533203
257.0	145.0	16.0	31.0
254.1118927001953	146.57351684570312	16.183643341064453	31.355804443359375
254.202392578125	145.22206115722656	16.2640323638916	31.511560440063477
254.6634521484375	146.1158905029297	16.594430923461914	32.15170669555664
253.77969360351562	146.02023315429688	16.78819465637207	32.527122497558594
254.058349609375	145.08316040039062	17.141925811767578	33.21247863769531
253.6476287841797	145.1602325439453	17.018558502197266	32.973453521728516
254.14938354492188	145.64854431152344	17.134653091430664	33.198387145996094
253.4000701904297	145.8995361328125	17.322338104248047	33.56202697753906
253.4889678955078	145.40476989746094	17.36208152770996	33.63903045654297
252.8540496826172	145.86679077148438	17.335041046142578	33.586639404296875
253.47836303710938	145.86305236816406	17.31705093383789	33.551780700683594
254.1630401611328	146.29745483398438	17.555252075195312	34.0132942199707
253.68362426757812	145.6001739501953	17.707866668701172	34.308982849121094
253.19808959960938	145.58438110351562	17.457660675048828	33.8242073059082
254.1854248046875	144.4477081298828	17.577348709106445	34.05609893798828
253.3996124267578	145.00698852539062	17.484479904174805	33.876163482666016
253.39541625976562	145.35690307617188	17.409818649291992	33.73150634765625
253.23025512695312	145.4666290283203	17.451396942138672	33.81206512451172
253.13052368164062	145.0054931640625	17.53268814086914	33.96957015991211
252.49533081054688	145.1060333251953	17.91193199157715	34.7043571472168
253.3118438720703	144.9851837158203	17.755319595336914	34.40092086791992
252.8500518798828	144.72372436523438	17.617250442504883	34.1334114074707
253.2445068359375	146.11575317382812	17.59674835205078	34.09368896484375
253.3844757080078	145.33462524414062	17.566547393798828	34.035179138183594
253.20150756835938	145.0680389404297	17.798057556152344	34.483726501464844
253.28701782226562	144.54388427734375	17.77678108215332	34.442501068115234
253.5246124267578	145.4962615966797	17.799518585205078	34.48655700683594
253.1564178466797	145.49148559570312	17.862224578857422	34.60805130004883
254.3290557861328	146.1837158203125	17.730350494384766	34.35254669189453
253.82568359375	145.51651000976562	17.613601684570312	34.12635040283203
253.97439575195312	145.3577880859375	17.40499496459961	33.72217559814453
253.90432739257812	146.1749725341797	17.303203582763672	33.52495574951172
253.7147979736328	145.3296356201172	17.236019134521484	33.39479064941406
254.447265625	145.6290283203125	17.29558753967285	33.51020050048828
254.548095703125	146.32806396484375	17.492694854736328	33.8921012878418
254.009033203125	145.41964721679688	17.655017852783203	34.20659637451172
254.89999389648438	144.8197784423828	17.72517967224121	34.34253692626953
255.9235076904297	145.7174072265625	17.52804183959961	33.96057891845703
254.95529174804688	145.7852783203125	17.607677459716797	34.11487579345703
254.95162963867188	145.4880828857422	17.28554916381836	33.49074935913086
255.21731567382812	145.76260375976562	17.3291072845459	33.57514190673828
255.4523468017578	146.2942352294922	16.999187469482422	32.93592071533203
255.4525604248047	145.66329956054688	17.058612823486328	33.051063537597656
254.4295196533203	145.03036499023438	17.170419692993164	33.2676887512207
255.360595703125	145.5231170654297	17.291059494018555	33.501426696777344
254.197265625	144.52853393554688	17.503437042236328	33.91291046142578
255.5657958984375	145.42184448242188	17.496097564697266	33.89868927001953
253.6368865966797	145.7721405029297	17.432113647460938	33.77471923828125
254.90087890625	144.721435546875	17.822154998779297	34.530426025390625
255.1770477294922	144.1271514892578	17.758329391479492	34.406768798828125
255.1875762939453	144.30801391601562	18.207324981689453	35.276695251464844
255.97573852539062	144.6195068359375	18.10881996154785	35.085838317871094
255.0565948486328	143.9756622314453	18.24527931213379	35.35022735595703
255.6166229248047	144.06515502929688	18.436155319213867	35.720054626464844
255.8166046142578	144.62620544433594	18.20296859741211	35.26825714111328
255.6430206298828	144.23684692382812	18.35979461669922	35.572105407714844
255.1684112548828	144.75143432617188	18.356693267822266	35.56609344482422
255.73873901367188	144.62655639648438	18.299522399902344	35.45532989501953
255.35293579101562	144.41024780273438	18.383169174194336	35.617393493652344
255.29611206054688	143.57852172851562	18.45429801940918	35.75520706176758
255.2393341064453	143.66769409179688	18.6616153717041	36.156883239746094
256.1798400878906	144.08132934570312	18.546627044677734	35.93409729003906
255.3301239013672	144.69888305664062	18.60883140563965	36.05461883544922
255.2034454345703	143.49168395996094	18.825231552124023	36.47389602661133
255.7049102783203	143.42079162597656	18.779560089111328	36.385406494140625
255.33944702148438	142.9039306640625	18.71918487548828	36.2684326171875
254.25454711914062	142.59063720703125	18.86850929260254	36.55774688720703
256.22723388671875	142.3737030029297	18.787761688232422	36.40129852294922
254.19754028320312	143.62155151367188	18.778099060058594	36.3825798034668
253.8943328857422	143.40487670898438	18.981618881225586	36.77689743041992
254.2199249267578	142.5284881591797	19.341176986694336	37.47353744506836
254.3210906982422	142.9664306640625	19.218833923339844	37.23649978637695
253.6486053466797	141.66510009765625	19.41446876525879	37.615535736083984
254.9822998046875	141.69375610351562	19.587007522583008	37.9498291015625
254.91488647460938	141.76441955566406	19.590389251708984	37.956382751464844
253.671875	141.64622497558594	19.475414276123047	37.733619689941406
254.12826538085938	142.1998291015625	19.352771759033203	37.49599838256836
252.8639373779297	142.44754028320312	19.364852905273438	37.51940155029297
252.37515258789062	142.3458709716797	19.32908821105957	37.45010757446289
255.1309051513672	142.67324829101562	19.251506805419922	37.29978942871094
255.01931762695312	142.1229248046875	19.344905853271484	37.480751037597656
253.9521484375	142.2188720703125	19.669689178466797	38.11001968383789
253.9877166748047	142.43145751953125	19.58209228515625	37.94029998779297
253.021484375	141.9863739013672	19.666427612304688	38.103702545166016
252.5669403076172	144.2855224609375	19.28683853149414	37.368247985839844
253.7314453125	143.177001953125	19.095945358276367	36.998390197753906
252.7880859375	144.5326690673828	19.122337341308594	37.049522399902344
252.2599334716797	144.97096252441406	19.206106185913086	37.211830139160156
252.31546020507812	143.96897888183594	19.253433227539062	37.30352783203125
252.31637573242188	144.42111206054688	19.54509735107422	37.868629455566406
253.69577026367188	143.2458953857422	19.490726470947266	37.76328659057617
252.37564086914062	144.26925659179688	19.649192810058594	38.070316314697266
252.25491333007812	142.95875549316406	19.944469451904297	38.642417907714844
254.2159423828125	143.20565795898438	19.73285675048828	38.232418060302734
253.50509643554688	143.8265838623047	19.45797348022461	37.69983673095703
254.15869140625	143.69883728027344	19.322032928466797	37.43645477294922
254.04428100585938	143.564208984375	19.43585205078125	37.656982421875
254.56857299804688	144.1228790283203	19.637439727783203	38.04755783081055
255.0626220703125	144.0004119873047	19.268510818481445	37.33275604248047
255.7275390625	143.22109985351562	19.518238067626953	37.81659698486328
256.4232177734375	144.05245971679688	19.136661529541016	37.07728958129883
257.3616638183594	142.7330322265625	19.188119888305664	37.17699432373047
258.03692626953125	143.04470825195312	19.234786987304688	37.26741409301758
258.28277587890625	143.17771911621094	19.048425674438477	36.90633773803711
258.5384216308594	142.59352111816406	18.88932228088379	36.59807205200195
259.32855224609375	141.7957305908203	18.989089965820312	36.7913703918457
259.9676208496094	142.7034149169922	19.1345272064209	37.073158264160156
259.4970703125	142.62184143066406	19.087739944458008	36.982505798339844
259.5762023925781	141.02328491210938	19.682918548583984	38.13566970825195
262.30914306640625	139.7404327392578	19.70332908630371	38.17522048950195
260.7957458496094	139.3316192626953	19.81865882873535	38.3986701965332
262.14520263671875	139.00958251953125	19.908639907836914	38.57300567626953
262.89495849609375	138.68728637695312	20.09962272644043	38.94303512573242
262.6071472167969	139.0321044921875	20.47079086303711	39.66217803955078
263.4296875	138.90235900878906	20.480493545532227	39.68097686767578
262.704345703125	138.00643920898438	20.590927124023438	39.89493942260742
263.2442321777344	137.90567016601562	20.515539169311523	39.748878479003906
263.5566711425781	138.55511474609375	20.52472496032715	39.76667785644531
262.83782958984375	138.59011840820312	20.567691802978516	39.84992218017578
263.8443908691406	138.86862182617188	20.116321563720703	38.97539138793945
264.3409423828125	137.73605346679688	19.800254821777344	38.36301040649414
264.6521911621094	137.57034301757812	20.038864135742188	38.8253173828125
265.43621826171875	137.3193359375	19.85518455505371	38.469444274902344
266.291748046875	138.07870483398438	19.6571102142334	38.08567428588867
267.30419921875	136.2255096435547	19.51657485961914	37.813377380371094
267.03045654296875	137.81454467773438	19.364395141601562	37.518531799316406
267.15777587890625	137.9375762939453	19.26077651977539	37.317771911621094
267.2725830078125	137.59140014648438	19.379671096801758	37.548126220703125
267.453857421875	138.42401123046875	19.216190338134766	37.23138427734375
267.788330078125	138.2318878173828	19.242111206054688	37.28160858154297
267.6683654785156	136.2862091064453	19.316913604736328	37.426536560058594
268.87969970703125	137.99209594726562	18.796072006225586	36.41740417480469
268.7212829589844	138.2898712158203	18.682077407836914	36.196537017822266
270.0188903808594	139.3709259033203	18.692869186401367	36.217445373535156
269.97222900390625	139.3033905029297	18.406219482421875	35.66205978393555
270.64080810546875	139.55703735351562	18.165996551513672	35.196624755859375
271.37762451171875	139.3900146484375	18.297954559326172	35.452293395996094
272.16534423828125	139.43386840820312	18.396526336669922	35.643280029296875
273.55816650390625	139.9214324951172	18.474437713623047	35.79423522949219
274.33319091796875	140.34429931640625	18.432579040527344	35.713134765625
275.160888671875	139.53817749023438	18.342458724975586	35.53852844238281
275.5267028808594	139.0976104736328	18.3909854888916	35.632545471191406
277.17755126953125	138.9492950439453	18.31402015686035	35.48342514038086
277.52813720703125	139.82530212402344	18.275188446044922	35.40818786621094
279.07318115234375	138.10833740234375	18.095985412597656	35.06098175048828
280.12408447265625	138.11611938476562	18.074703216552734	35.019744873046875
281.39520263671875	138.8049774169922	18.08135986328125	35.03264617919922
281.0860290527344	138.642333984375	18.292682647705078	35.442081451416016
282.17755126953125	138.9443359375	17.926494598388672	34.73259353637695
283.401123046875	139.5884246826172	18.018871307373047	34.91157150268555
283.6178283691406	139.71939086914062	18.29205322265625	35.44086456298828
284.7986755371094	139.32275390625	18.373517990112305	35.59870529174805
286.26995849609375	139.09922790527344	18.40082359313965	35.651611328125
287.10589599609375	140.03805541992188	18.1577091217041	35.180580139160156
288.3736572265625	139.59817504882812	17.961383819580078	34.800193786621094
288.923095703125	140.74301147460938	17.848304748535156	34.58110046386719
289.650390625	140.7574920654297	17.674381256103516	34.2441291809082
290.88677978515625	139.28097534179688	17.785953521728516	34.460304260253906
292.02178955078125	139.92861938476562	17.752981185913086	34.396419525146484
291.5860900878906	139.00747680664062	17.99894142150879	34.87297058105469
292.3451232910156	139.4364776611328	17.768062591552734	34.4256477355957
293.3719482421875	140.86082458496094	17.486547470092773	33.880210876464844
294.45330810546875	140.82168579101562	17.354358673095703	33.62409210205078
295.4761657714844	140.46275329589844	17.543642044067383	33.99082946777344
295.3420715332031	140.11471557617188	17.45810317993164	33.825096130371094
296.7682189941406	140.4853515625	17.32533073425293	33.56785202026367
297.418701171875	140.93246459960938	17.20755958557129	33.33966827392578
298.12841796875	141.3521270751953	17.38094139099121	33.67559051513672
298.81304931640625	139.8564453125	17.243947982788086	33.4101676940918
300.6419677734375	140.13059997558594	17.107189178466797	33.14519500732422
300.70623779296875	139.9596710205078	16.574926376342773	32.11393737792969
301.593994140625	141.30294799804688	16.486501693725586	31.942617416381836
301.96929931640625	141.28076171875	16.87103843688965	32.687660217285156
303.1749267578125	141.1055908203125	17.061038970947266	33.0557861328125
304.20477294921875	141.5867919921875	17.122730255126953	33.17531204223633
292.3192443847656	133.98764038085938	17.246456146240234	33.41503143310547
290.83935546875	113.5801773071289	17.430545806884766	33.771705627441406
288.308837890625	110.6565170288086	17.659204483032227	34.2147331237793
288.2727355957031	108.8346176147461	17.997751235961914	34.87066650390625
