109.0	104.0	23.0	20.0
109.98078918457031	104.03524017333984	23.086177825927734	20.074939727783203
109.74488830566406	103.82472229003906	23.226167678833008	20.19666862487793
109.1240463256836	104.04615783691406	23.232120513916016	20.201845169067383
109.97001647949219	105.28531646728516	23.193462371826172	20.168228149414062
108.4379653930664	104.69669342041016	23.370508193969727	20.322181701660156
108.55622863769531	104.79154968261719	23.670251846313477	20.58283042907715
108.77469635009766	103.9727783203125	23.72031021118164	20.626358032226562
108.6604995727539	104.847900390625	23.863788604736328	20.751121520996094
109.0833740234375	104.46531677246094	24.018779754638672	20.88589859008789
109.06636047363281	105.0827407836914	23.507457733154297	20.441272735595703
108.48176574707031	104.87872314453125	23.682308197021484	20.59331512451172
108.97428131103516	104.846435546875	23.9049072265625	20.786880493164062
108.95683288574219	104.73509216308594	24.038530349731445	20.903072357177734
108.98323822021484	104.2587890625	24.1331787109375	20.985376358032227
108.86170959472656	105.3730239868164	24.23587417602539	21.07468032836914
111.0	106.0	20.0	18.0
110.10981750488281	106.79144287109375	20.099262237548828	18.089336395263672
110.15863037109375	106.51835632324219	20.295673370361328	18.26610565185547
110.44454193115234	106.24186706542969	20.610870361328125	18.54978370666504
110.0321044921875	107.0208969116211	20.875896453857422	18.788305282592773
109.12992858886719	106.4886474609375	21.25154685974121	19.126392364501953
110.12315368652344	105.84251403808594	21.96177101135254	19.765592575073242
110.58953857421875	105.56221771240234	22.044601440429688	19.840139389038086
111.0	107.0	20.0	18.0
110.80049133300781	107.4136962890625	19.744112014770508	17.769702911376953
110.19270324707031	107.8329086303711	20.091707229614258	18.082538604736328
109.91349792480469	108.41978454589844	20.451852798461914	18.40667152404785
109.3156509399414	107.17521667480469	20.607990264892578	18.547197341918945
110.35151672363281	107.52363586425781	20.806529998779297	18.72588539123535
110.6109390258789	107.7884292602539	20.975055694580078	18.8775577545166
108.5123291015625	107.29161071777344	21.015243530273438	18.913726806640625
109.41483306884766	107.2546157836914	21.00615119934082	18.90554428100586
111.2364273071289	107.36128234863281	21.080814361572266	18.972740173339844
110.3554916381836	107.35566711425781	21.57391929626465	19.416534423828125
110.46707916259766	107.10233306884766	21.94529914855957	19.750774383544922
109.27580261230469	108.78315734863281	22.165056228637695	19.948556900024414
108.71952819824219	108.12506103515625	22.59372329711914	20.334360122680664
108.95347595214844	107.86930084228516	23.13924217224121	20.825326919555664
109.1322021484375	107.59317779541016	23.027746200561523	20.7249813079834
108.80693054199219	107.8372573852539	23.3206787109375	20.98862075805664
108.7898941040039	107.87150573730469	23.46015739440918	21.114152908325195
109.18388366699219	107.84444427490234	23.8259220123291	21.443340301513672
109.02603912353516	107.60200500488281	23.77583885192871	21.398263931274414
109.04752349853516	108.04545593261719	23.7119140625	21.340730667114258
107.8469009399414	108.31002044677734	24.234233856201172	21.810821533203125
108.6424331665039	109.03981018066406	24.51776695251465	22.066003799438477
108.3962173461914	108.50032043457031	24.835615158081055	22.352069854736328
108.712646484375	107.45939636230469	25.09245491027832	22.58322525024414
107.68048095703125	107.2578125	25.273752212524414	22.74639129638672
107.62236022949219	107.59101867675781	25.836162567138672	23.252565383911133
108.06239318847656	107.61274719238281	26.037710189819336	23.4339599609375
107.0096664428711	108.38687896728516	25.99782371520996	23.398061752319336
107.41389465332031	108.2455062866211	26.423355102539062	23.78104019165039
107.33267974853516	108.62309265136719	26.254436492919922	23.62901496887207
107.1579360961914	108.30216979980469	26.47260093688965	23.825363159179688
106.8760757446289	108.9139633178711	25.93484878540039	23.341384887695312
109.0	109.0	23.0	20.0
109.21038818359375	109.97611999511719	23.187789916992188	20.163293838500977
109.0409164428711	110.59846496582031	23.283323287963867	20.246366500854492
108.7149887084961	110.6949234008789	23.20528221130371	20.178504943847656
108.2592544555664	110.54988098144531	23.237598419189453	20.206607818603516
108.04646301269531	110.95555114746094	23.868122100830078	20.754886627197266
107.55009460449219	110.87864685058594	24.18569564819336	21.03104019165039
108.11198425292969	111.13075256347656	24.671873092651367	21.45380401611328
107.6157455444336	110.88810729980469	24.70223617553711	21.480207443237305
108.360595703125	110.78886413574219	24.912826538085938	21.663330078125
108.7823257446289	110.54823303222656	24.519105911254883	21.32096290588379
108.66090393066406	110.9959487915039	24.760265350341797	21.53066635131836
107.17938232421875	111.33674621582031	24.734012603759766	21.50783920288086
108.79707336425781	110.74034118652344	24.700511932373047	21.478710174560547
107.46517181396484	112.07421875	25.268600463867188	21.972702026367188
109.04032897949219	111.1231689453125	25.381980895996094	22.071292877197266
108.2689208984375	110.55230712890625	25.629398345947266	22.286436080932617
107.950439453125	110.96240234375	25.67801856994629	22.32871437072754
107.74576568603516	111.43119812011719	25.980743408203125	22.591957092285156
107.8321762084961	111.97650146484375	25.789621353149414	22.425764083862305
107.67375183105469	112.20512390136719	25.92848777770996	22.546520233154297
107.13166809082031	112.36102294921875	26.55855369567871	23.094404220581055
106.95792388916016	112.50050354003906	26.73089027404785	23.244258880615234
108.5307846069336	111.43377685546875	27.0582218170166	23.52889633178711
107.70945739746094	111.16827392578125	26.907516479492188	23.397846221923828
107.62406921386719	111.8497314453125	26.985132217407227	23.465335845947266
107.05586242675781	112.35888671875	27.367578506469727	23.79789924621582
106.99769592285156	112.7342529296875	27.23954200744629	23.686561584472656
107.3512191772461	113.11846923828125	26.837444305419922	23.336912155151367
107.71034240722656	112.4627685546875	27.052770614624023	23.524150848388672
107.73246002197266	112.91081237792969	27.107898712158203	23.572086334228516
108.1581039428711	113.1290283203125	26.8503475189209	23.348129272460938
108.0356674194336	113.4294662475586	27.182851791381836	23.637264251708984
107.05686950683594	114.0869140625	27.346715927124023	23.779752731323242
108.56330871582031	113.40132141113281	27.191333770751953	23.644636154174805
108.72965240478516	113.290283203125	27.68069076538086	24.070165634155273
107.46382904052734	114.11669921875	27.7135009765625	24.098695755004883
108.33060455322266	114.5180892944336	27.853113174438477	24.22010040283203
107.1815414428711	114.2534408569336	27.985271453857422	24.335020065307617
107.61277770996094	114.31553649902344	28.01662254333496	24.362279891967773
108.50691986083984	114.3569107055664	28.014110565185547	24.36009407043457
109.4415283203125	114.4454345703125	27.501529693603516	23.914369583129883
109.42228698730469	116.2547607421875	26.997583389282227	23.476154327392578
108.31974792480469	115.61073303222656	27.329151153564453	23.76447105407715
109.13575744628906	115.4398193359375	27.805627822875977	24.17879867553711
108.57191467285156	116.08094787597656	28.060009002685547	24.39999771118164
108.80364990234375	115.34483337402344	28.209239959716797	24.529766082763672
108.53973388671875	116.36824035644531	28.47344398498535	24.759506225585938
109.04427337646484	115.98338317871094	28.6444091796875	24.90816879272461
109.64045715332031	116.58133697509766	28.178985595703125	24.503448486328125
109.11097717285156	116.14439392089844	28.143056869506836	24.472206115722656
108.78263092041016	116.5118408203125	28.71038818359375	24.96553611755371
108.8790283203125	116.675537109375	28.905712127685547	25.13538360595703
109.3028793334961	116.73052978515625	29.175586700439453	25.370054244995117
109.91392517089844	117.25341796875	28.590625762939453	24.861391067504883
108.8357162475586	116.50535583496094	28.734333038330078	24.986352920532227
110.6601333618164	117.5738525390625	28.465473175048828	24.7525634765625
109.61572265625	117.6293716430664	28.451955795288086	24.740808486938477
110.9112548828125	117.76444244384766	28.776830673217773	25.0233097076416
109.69000244140625	118.5863037109375	29.207998275756836	25.398237228393555
110.48419189453125	117.48487854003906	29.133081436157227	25.333091735839844
109.87935638427734	117.22254943847656	29.432781219482422	25.593700408935547
109.98116302490234	118.4393539428711	30.094913482666016	26.169464111328125
109.70281982421875	117.64118957519531	29.622629165649414	25.7587833404541
111.52973937988281	118.29107666015625	29.44681167602539	25.605899810791016
110.57139587402344	118.41259765625	29.816925048828125	25.927738189697266
111.8636474609375	118.66520690917969	29.731887817382812	25.853790283203125
111.7270736694336	119.113525390625	29.118099212646484	25.3200626373291
112.0662841796875	119.69075775146484	28.98492431640625	25.20425796508789
111.70863342285156	120.06748962402344	29.16534996032715	25.361148834228516
111.35066986083984	119.9940414428711	29.020044326782227	25.23479652404785
111.630126953125	118.73603820800781	29.784875869750977	25.899866104125977
111.3059310913086	119.2480239868164	30.484216690063477	26.507986068725586
111.0212173461914	119.20536041259766	31.0516357421875	27.001394271850586
112.5297622680664	118.67521667480469	30.87014389038086	26.84357261657715
112.02583312988281	118.78288269042969	30.88665771484375	26.85793113708496
113.37361907958984	118.7845687866211	31.278553009033203	27.19870948791504
113.75276184082031	118.51405334472656	31.60017967224121	27.478384017944336
112.08259582519531	119.1301040649414	31.873737335205078	27.716259002685547
113.16575622558594	119.9159927368164	31.92145347595215	27.75775146484375
112.43238830566406	118.6407699584961	32.48019027709961	28.243610382080078
112.78657531738281	119.00907897949219	32.54195785522461	28.29732322692871
112.62434387207031	119.32490539550781	33.191864013671875	28.862457275390625
112.92716217041016	119.2136001586914	33.09672164916992	28.77972412109375
112.30528259277344	119.8901138305664	33.073089599609375	28.759170532226562
112.8899917602539	120.12548828125	33.747154235839844	29.34531021118164
113.18570709228516	120.20231628417969	33.675880432128906	29.2833309173584
113.73918151855469	119.40025329589844	33.844642639160156	29.430078506469727
113.4531478881836	120.18106842041016	33.1189079284668	28.79901123046875
112.81534576416016	120.58882141113281	33.237361907958984	28.902013778686523
114.20780181884766	120.4217758178711	33.23442459106445	28.899456024169922
114.8570785522461	121.20694732666016	33.63874053955078	29.251041412353516
115.92292785644531	120.33951568603516	33.9126091003418	29.489187240600586
115.01637268066406	120.03779602050781	34.2894401550293	29.81686782836914
115.80256652832031	121.02070617675781	33.31307601928711	28.96785545349121
115.29188537597656	120.9229736328125	33.52430725097656	29.151531219482422
116.09405517578125	121.0327377319336	33.35599899291992	29.005178451538086
116.62367248535156	122.15849304199219	33.660804748535156	29.27022933959961
116.4364242553711	120.83658599853516	34.343265533447266	29.86367416381836
115.831298828125	121.90496826171875	34.06116485595703	29.618371963500977
115.57447814941406	120.85166931152344	34.5006103515625	30.000499725341797
115.19190979003906	121.37567138671875	34.61688995361328	30.101613998413086
115.0048828125	122.41413879394531	34.34914016723633	29.868785858154297
117.35750579833984	121.6500244140625	34.404449462890625	29.9168758392334
116.8718032836914	121.6906967163086	35.117820739746094	30.53719711303711
118.35208892822266	121.44242095947266	34.49669647216797	29.997095108032227
119.09593200683594	123.2897720336914	34.50833511352539	30.007213592529297
117.43519592285156	123.19929504394531	34.51165008544922	30.010101318359375
117.83377838134766	123.40846252441406	34.224021911621094	29.759994506835938
118.925048828125	122.9149169921875	34.18865203857422	29.729236602783203
120.51409912109375	123.41157531738281	34.382415771484375	29.897724151611328
118.7422103881836	122.774658203125	34.67754364013672	30.15435791015625
118.61451721191406	122.5754165649414	34.5715446472168	30.06218910217285
118.1517333984375	123.95686340332031	35.363853454589844	30.75115394592285
118.25138854980469	123.235107421875	35.29237365722656	30.688995361328125
119.48541259765625	123.53121185302734	35.91222381591797	31.227996826171875
119.0810775756836	123.39383697509766	36.502899169921875	31.741626739501953
119.75079345703125	122.8469467163086	36.85301971435547	32.046077728271484
118.9716567993164	122.11982727050781	37.3563232421875	32.483734130859375
118.8707504272461	123.17610168457031	38.17305374145508	33.193931579589844
119.78218078613281	121.92649841308594	38.03684997558594	33.07549285888672
120.47074127197266	122.78702545166016	37.754295349121094	32.829795837402344
120.64399719238281	124.22087097167969	38.01129913330078	33.05327606201172
121.31324768066406	123.06379699707031	37.825592041015625	32.89179229736328
121.76246643066406	123.03096008300781	37.93169021606445	32.98405075073242
122.03126525878906	123.86405181884766	37.431785583496094	32.549346923828125
122.68409729003906	123.713623046875	37.71612548828125	32.796600341796875
121.9745864868164	123.70040130615234	37.556297302246094	32.657623291015625
120.6697006225586	124.1159439086914	38.179405212402344	33.19945526123047
121.2945556640625	123.93608093261719	37.804534912109375	32.87348175048828
122.72541809082031	123.78260803222656	38.19544219970703	33.213401794433594
123.13850402832031	123.78889465332031	38.05722427368164	33.09320831298828
123.0069351196289	123.4813003540039	38.54219436645508	33.514915466308594
122.74052429199219	123.60091400146484	38.248008728027344	33.25910186767578
123.66044616699219	123.77534484863281	37.97117614746094	33.01837921142578
124.1065444946289	124.17808532714844	37.87165069580078	32.93183135986328
123.75699615478516	124.6909408569336	38.31977462768555	33.32150650024414
123.8371353149414	124.33842468261719	38.280296325683594	33.28717803955078
124.44837951660156	124.05317687988281	38.03478240966797	33.073692321777344
123.48714447021484	124.73812103271484	37.9015007019043	32.95779800415039
125.76008605957031	124.88899230957031	38.20512008666992	33.22181701660156
125.94014739990234	125.396484375	38.31459426879883	33.31700897216797
125.58905029296875	125.2320327758789	37.676239013671875	32.76191329956055
126.1259765625	126.0474853515625	37.991146087646484	33.035743713378906
124.9403076171875	124.4306411743164	38.28241729736328	33.289024353027344
126.22867584228516	125.174560546875	38.61425018310547	33.577571868896484
126.04139709472656	125.77168273925781	38.75806427001953	33.70262908935547
126.88529968261719	125.24638366699219	39.232486724853516	34.11516571044922
127.26080322265625	125.74808502197266	39.64409255981445	34.473079681396484
126.52244567871094	125.62110900878906	39.35623550415039	34.2227668762207
126.3172607421875	125.64405822753906	39.45906448364258	34.31218338012695
128.65945434570312	126.33683013916016	38.95158767700195	33.87090301513672
129.08819580078125	125.88348388671875	38.83086013793945	33.76592254638672
129.9453582763672	126.58426666259766	39.02273178100586	33.932769775390625
128.95431518554688	126.64041900634766	39.93083572387695	34.72241973876953
129.46803283691406	125.71519470214844	40.474830627441406	35.195457458496094
128.1348876953125	125.58079528808594	40.8751220703125	35.54353713989258
127.97428894042969	125.83248138427734	41.3604736328125	35.96558380126953
130.6517333984375	126.07115173339844	40.66501235961914	35.36083984375
129.68045043945312	126.98121643066406	40.87687301635742	35.545066833496094
131.26016235351562	126.49835205078125	41.39640426635742	35.99683380126953
131.7534942626953	126.59089660644531	41.67743682861328	36.2412109375
131.48287963867188	126.72181701660156	42.209930419921875	36.704246520996094
130.89114379882812	126.30824279785156	42.39171600341797	36.86231994628906
131.52926635742188	125.51261138916016	43.0502815246582	37.43498992919922
129.60733032226562	126.28596496582031	43.94051742553711	38.2091064453125
131.46664428710938	125.62337493896484	43.906036376953125	38.17912292480469
132.4947967529297	125.728515625	43.888980865478516	38.16429138183594
133.0380096435547	125.22245788574219	43.59587478637695	37.90941619873047
133.39060974121094	125.2988510131836	44.65241241455078	38.82814407348633
132.13621520996094	124.84405517578125	44.3964958190918	38.60560607910156
132.91563415527344	125.90673828125	43.75002670288086	38.04346466064453
132.1104736328125	125.722900390625	44.50000762939453	38.695621490478516
132.96932983398438	124.3489761352539	45.00244903564453	39.13252639770508
134.53622436523438	125.5409927368164	45.061363220214844	39.18375778198242
133.819091796875	125.83363342285156	44.29835891723633	38.5202751159668
134.7052001953125	125.4306411743164	44.67951583862305	38.85171890258789
134.8385772705078	126.58879089355469	45.23828887939453	39.33760452270508
134.7472686767578	125.49009704589844	45.437599182128906	39.51091384887695
135.41993713378906	126.32667541503906	46.013145446777344	40.011390686035156
135.59384155273438	125.6214599609375	46.37744903564453	40.32817840576172
137.51400756835938	126.68167877197266	46.49915313720703	40.43400573730469
135.82839965820312	126.68391418457031	45.995697021484375	39.9962158203125
135.0359649658203	126.21195220947266	46.23438262939453	40.20376968383789
134.94158935546875	126.24385833740234	46.09075164794922	40.07887268066406
137.08529663085938	126.6374740600586	46.38665771484375	40.336185455322266
137.29421997070312	126.2447738647461	45.958412170410156	39.96379470825195
138.66427612304688	127.19915771484375	46.799072265625	40.694801330566406
137.18875122070312	127.8439712524414	46.92698669433594	40.8060302734375
138.50033569335938	127.27215576171875	47.403419494628906	41.22031784057617
139.777099609375	128.28285217285156	46.629150390625	40.54704284667969
140.04562377929688	127.41795349121094	47.011314392089844	40.879356384277344
141.43209838867188	128.02847290039062	47.01987838745117	40.886802673339844
140.63760375976562	127.80171203613281	47.038902282714844	40.903343200683594
140.9376678466797	128.98745727539062	46.949195861816406	40.825340270996094
139.91200256347656	128.20928955078125	47.775718688964844	41.5440559387207
141.08718872070312	128.24403381347656	48.79186248779297	42.42765808105469
141.67269897460938	129.2170867919922	48.44597625732422	42.126888275146484
144.08731079101562	128.14773559570312	48.63071823120117	42.28753662109375
142.70529174804688	128.380859375	48.53345489501953	42.20296096801758
143.56436157226562	128.8545379638672	48.78270721435547	42.419708251953125
143.40609741210938	129.0451202392578	49.003910064697266	42.612060546875
139.66354370117188	129.3571014404297	49.00665283203125	42.614444732666016
142.99893188476562	127.30302429199219	50.112945556640625	43.576438903808594
144.05029296875	128.56997680664062	50.09030532836914	43.55675506591797
145.27438354492188	129.0500030517578	49.83754348754883	43.33696365356445
146.84298706054688	128.42666625976562	50.073036193847656	43.54174041748047
145.94912719726562	128.58761596679688	50.42266082763672	43.84576416015625
146.81515502929688	128.57852172851562	50.826171875	44.1966438293457
147.4159698486328	128.67811584472656	50.62641143798828	44.02294158935547
147.43325805664062	129.5703125	50.54896926879883	43.955604553222656
146.97329711914062	130.0326385498047	50.36150360107422	43.7925910949707
147.70492553710938	129.17269897460938	51.26835250854492	44.58115768432617
147.78524780273438	129.5741729736328	52.179931640625	45.373836517333984
147.8453826904297	128.530029296875	52.98523712158203	46.074100494384766
148.957275390625	129.3164520263672	53.02373123168945	46.107574462890625
146.78555297851562	131.82708740234375	52.057701110839844	45.267547607421875
152.1726837158203	129.55874633789062	53.02009201049805	46.104408264160156
151.58200073242188	131.73240661621094	52.648216247558594	45.781036376953125
150.11569213867188	131.7172088623047	53.16737747192383	46.23248291015625
153.2304229736328	130.95846557617188	53.26127243041992	46.31413269042969
156.2783966064453	134.4119110107422	53.18896484375	46.251258850097656
151.07736206054688	132.5251922607422	53.119850158691406	46.19115447998047
155.0850830078125	132.2196044921875	53.52046585083008	46.539512634277344
154.5869140625	133.236083984375	54.05183029174805	47.00157165527344
153.8632354736328	133.00799560546875	54.996315002441406	47.8228645324707
155.31471252441406	133.20274353027344	55.54071807861328	48.29625701904297
155.05361938476562	133.54647827148438	55.011138916015625	47.835750579833984
155.29098510742188	133.06649780273438	55.093963623046875	47.907772064208984
157.33004760742188	133.40896606445312	55.65178680419922	48.3928337097168
155.665283203125	134.84776306152344	56.38901901245117	49.033912658691406
157.86929321289062	133.46994018554688	56.85313034057617	49.43748474121094
157.75732421875	132.4515838623047	57.9598274230957	50.39982986450195
159.17727661132812	133.537109375	58.39436721801758	50.77769088745117
157.0796661376953	134.42247009277344	57.7663688659668	50.23160934448242
157.79052734375	133.07630920410156	58.02309036254883	50.45484161376953
160.70933532714844	134.6390838623047	58.342315673828125	50.73242950439453
163.48780822753906	134.9248809814453	58.83951950073242	51.16477966308594
159.56027221679688	134.09259033203125	59.43883514404297	51.6859245300293
161.80125427246094	134.07473754882812	59.81903839111328	52.01653289794922
163.617431640625	134.75975036621094	59.661521911621094	51.87956619262695
164.50881958007812	135.13229370117188	59.280540466308594	51.54827880859375
162.81626892089844	134.90264892578125	59.927757263183594	52.11107635498047
164.1875762939453	134.88394165039062	59.927825927734375	52.11113357543945
162.49832153320312	135.34811401367188	60.78887939453125	52.85988235473633
164.62283325195312	134.59201049804688	60.55293655395508	52.65471267700195
165.1327667236328	135.07498168945312	60.6518669128418	52.7407341003418
167.06167602539062	133.8771209716797	61.92047882080078	53.8438720703125
166.294677734375	133.72659301757812	64.20320129394531	55.82883834838867
166.39474487304688	132.7446746826172	64.14203643798828	55.77565383911133
165.5966339111328	133.74317932128906	64.86160278320312	56.40135955810547
167.42283630371094	135.64678955078125	64.79186248779297	56.340721130371094
167.40716552734375	134.94467163085938	64.14708709716797	55.7800407409668
168.81973266601562	134.05711364746094	63.436195373535156	55.16187286376953
170.75393676757812	130.46173095703125	63.815704345703125	55.49187469482422
169.6852264404297	128.202880859375	63.66856002807617	55.363929748535156
168.07763671875	118.6700439453125	64.93289184570312	56.463348388671875
168.4695281982422	114.7767105102539	65.10918426513672	56.61664581298828
172.59063720703125	108.84017181396484	66.0249252319336	57.412940979003906
170.8294677734375	101.05814361572266	66.8260269165039	58.10954666137695
168.2879180908203	93.94651794433594	67.61787414550781	58.7981071472168
171.501220703125	88.2328109741211	68.72728729248047	59.7628173828125
171.6522216796875	80.28976440429688	70.20128631591797	61.0445556640625
171.4322967529297	70.96163177490234	71.79617309570312	62.4314079284668
171.399169921875	65.94868469238281	71.96891784667969	62.58161544799805
173.87765502929688	61.2319450378418	71.69330596923828	62.341941833496094
176.6040802001953	60.22639083862305	71.36675262451172	62.05799102783203
180.2780303955078	60.720924377441406	72.97319793701172	63.45489501953125
176.80020141601562	59.08607864379883	73.92657470703125	64.28392028808594
178.58218383789062	58.0431022644043	74.69047546386719	64.94818115234375
179.9821014404297	57.473236083984375	75.93347930908203	66.029052734375
159.0	40.0	61.0	115.0
177.62791442871094	32.65869140625	61.45177459716797	115.8517074584961
178.37777709960938	35.36030960083008	61.191566467285156	115.36114501953125
178.35511779785156	37.87644577026367	61.227325439453125	115.4285659790039
178.29745483398438	38.3353385925293	61.751426696777344	116.4166259765625
182.30548095703125	37.605384826660156	62.395904541015625	117.6316146850586
184.25547790527344	37.199371337890625	62.1454963684082	117.15953063964844
185.31698608398438	35.568382263183594	61.16190719604492	115.30522155761719
183.83447265625	39.6939582824707	60.67266845703125	114.38288879394531
186.4842987060547	41.250282287597656	59.9316520690918	112.98590087890625
188.04653930664062	40.214988708496094	60.241851806640625	113.5707015991211
189.58741760253906	41.31180191040039	60.83173751831055	114.68278503417969
192.42919921875	40.7103157043457	60.617225646972656	114.27838134765625
193.53836059570312	40.18384552001953	61.373085021972656	115.703369140625
193.6060333251953	44.66017532348633	61.02399826049805	115.04524993896484
196.12045288085938	47.992408752441406	59.99836349487305	113.1116714477539
197.49427795410156	48.014732360839844	58.92787551879883	111.09354400634766
196.20169067382812	45.9102897644043	58.4893684387207	110.266845703125
196.30380249023438	49.608585357666016	58.99756622314453	111.22491455078125
197.92401123046875	50.77216339111328	57.870460510253906	109.10003662109375
196.9541015625	53.68352127075195	57.17449951171875	107.78797912597656
197.36947631835938	50.764915466308594	57.00193405151367	107.46266174316406
196.15927124023438	55.36144256591797	57.656524658203125	108.69673156738281
194.91900634765625	56.3174934387207	56.79526901245117	107.07304382324219
193.29129028320312	54.94835662841797	56.643798828125	106.78749084472656
191.71629333496094	57.65393829345703	56.29308319091797	106.1263198852539
190.96044921875	61.39680099487305	56.76556396484375	107.0170669555664
188.84051513671875	55.62479782104492	57.83095169067383	109.02558898925781
187.07603454589844	61.73552322387695	58.831626892089844	110.912109375
183.09970092773438	60.607025146484375	58.42707061767578	110.1494140625
172.52099609375	61.3028678894043	58.311241149902344	109.9310531616211
167.26756286621094	61.2680549621582	58.2304573059082	109.77876281738281
159.5872344970703	62.95319747924805	57.945533752441406	109.24161529541016
145.4348602294922	60.3176155090332	59.353912353515625	111.89676666259766
135.3269500732422	61.9207649230957	59.8770751953125	112.883056640625
125.94895935058594	62.2746696472168	60.455299377441406	113.97315979003906
118.48188781738281	62.99308395385742	59.546409606933594	112.25968170166016
109.86845397949219	63.605804443359375	58.22654342651367	109.77140808105469
100.22892761230469	67.47203063964844	58.10504913330078	109.5423583984375
93.10919189453125	69.09284973144531	58.59456253051758	110.4652099609375
83.52839660644531	64.51396179199219	59.17449951171875	111.55853271484375
72.76881408691406	65.22727966308594	60.78729248046875	114.59904479980469
63.59613037109375	64.25958251953125	61.353355407714844	115.66621398925781
61.89921951293945	65.79017639160156	61.81396484375	116.53458404541016
52.759620666503906	63.961280822753906	61.77337646484375	116.45805358886719
