243.0	136.0	9.0	9.0
244.0	130.0	9.0	10.0
244.0	126.0	10.0	10.0
245.0	122.0	9.0	10.0
246.0	119.0	9.0	9.0
246.0	116.0	9.0	9.0
246.0	114.0	9.0	10.0
247.0	113.0	9.0	9.0
247.0	112.0	9.0	10.0
247.0	112.0	9.0	9.0
247.0	113.0	10.0	9.0
247.0	114.0	9.0	10.0
247.0	115.0	10.0	10.0
247.0	119.0	10.0	9.0
247.0	122.0	10.0	9.0
248.0	126.0	9.0	9.0
248.0	131.0	9.0	9.0
247.0075225830078	135.0808563232422	10.0	10.0
247.1133575439453	140.61911010742188	10.050840377807617	10.050840377807617
247.7656707763672	137.95054626464844	10.027295112609863	10.027295112609863
248.8139190673828	137.09994506835938	10.09970474243164	10.09970474243164
251.0	123.0	9.0	9.0
252.0	116.0	9.0	9.0
254.0	110.0	8.0	9.0
255.0	104.0	8.0	9.0
255.0	99.0	9.0	9.0
256.0	95.0	9.0	9.0
257.0	91.0	9.0	10.0
258.0	89.0	9.0	9.0
259.0	86.0	9.0	10.0
259.555908203125	84.24375915527344	10.0	10.188806533813477
260.02716064453125	83.36744689941406	10.139554977416992	10.261756896972656
260.57025146484375	83.07804870605469	10.04832935333252	10.121223449707031
261.3431091308594	83.55863189697266	10.138343811035156	10.188007354736328
263.0	85.0	10.0	10.0
264.0	87.0	9.0	9.0
265.0	90.0	9.0	9.0
265.0254821777344	92.17845153808594	10.0	10.0
266.0	97.0	10.0	9.0
266.3235778808594	100.61689758300781	10.070420265197754	10.0
268.0	107.0	8.0	9.0
268.0	113.0	9.0	8.0
269.0	118.0	9.0	10.0
269.26092529296875	123.38655090332031	10.0	10.205984115600586
275.775146484375	126.58203125	10.205622673034668	10.415842056274414
275.3116760253906	126.7561264038086	10.212095260620117	10.42244815826416
275.3815612792969	126.2549057006836	10.016725540161133	10.127948760986328
274.9605712890625	127.17384338378906	10.050943374633789	10.10551929473877
273.03179931640625	127.24607849121094	10.235718727111816	10.291297912597656
273.0	121.0	9.0	10.0
273.0	115.0	9.0	9.0
274.0	109.0	9.0	9.0
274.04754638671875	106.31938171386719	10.0	10.0
277.02020263671875	102.42030334472656	10.076045036315918	10.076045036315918
283.98138427734375	102.50282287597656	10.219128608703613	10.219128608703613
283.430908203125	102.4779281616211	10.276124954223633	10.276124954223633
282.89923095703125	102.49906921386719	10.483434677124023	10.483434677124023
281.9638366699219	102.3576431274414	10.469696044921875	10.469696044921875
281.56805419921875	102.30342102050781	10.5657958984375	10.5657958984375
281.04119873046875	102.82205963134766	10.570721626281738	10.570721626281738
280.3226623535156	102.52384948730469	10.623618125915527	10.623618125915527
279.5591735839844	102.49504089355469	10.639410018920898	10.639410018920898
279.7847595214844	102.3892593383789	10.515202522277832	10.515202522277832
279.57049560546875	102.72392272949219	10.609777450561523	10.609777450561523
279.3548889160156	102.59537506103516	10.564165115356445	10.564165115356445
278.3866271972656	100.94319915771484	10.595476150512695	10.595476150512695
277.6172790527344	101.78768157958984	10.549516677856445	10.549516677856445
276.60430908203125	106.69572448730469	10.593179702758789	10.593179702758789
277.6385192871094	112.3006820678711	10.648183822631836	10.648183822631836
277.8440246582031	115.25865173339844	10.494526863098145	10.494526863098145
275.0550231933594	114.8831558227539	13.026954650878906	13.320881843566895
275.0587463378906	122.5173568725586	13.199170112609863	13.496981620788574
276.19586181640625	126.78782653808594	13.157310485839844	13.45417594909668
275.90179443359375	125.81819915771484	12.97895336151123	13.271794319152832
275.80767822265625	125.14115142822266	12.664080619812012	12.94981861114502
275.5235290527344	125.3879623413086	12.613508224487305	12.898104667663574
274.7998046875	126.16275024414062	13.90846061706543	15.457098960876465
273.8084716796875	126.6385498046875	14.910627365112305	17.87873649597168
272.73638916015625	126.95882415771484	15.597612380981445	20.145549774169922
131.0	175.0	13.0	14.0
130.0	176.0	14.0	13.0
130.2779083251953	177.91342163085938	13.907325744628906	12.91394329071045
129.3096466064453	180.33180236816406	14.15485954284668	13.14379596710205
129.0	183.0	14.0	14.0
129.0	188.0	14.0	14.0
129.0	193.0	14.0	14.0
127.9164047241211	198.22813415527344	13.707484245300293	13.707484245300293
126.40802001953125	196.72442626953125	13.5578031539917	13.5578031539917
126.0	189.0	13.0	14.0
125.0	182.0	13.0	14.0
124.0	177.0	13.0	13.0
124.0	172.0	13.0	13.0
123.0	167.0	13.0	14.0
121.0	165.0	14.0	13.0
121.0	163.0	13.0	13.0
120.0	161.0	14.0	14.0
119.0	161.0	14.0	14.0
117.97352600097656	161.9951171875	14.271677017211914	14.271677017211914
117.0	164.0	14.0	14.0
116.0	167.0	14.0	14.0
115.0	172.0	14.0	13.0
114.0	176.0	14.0	14.0
113.7627944946289	181.6737060546875	14.262362480163574	14.262362480163574
113.0	189.0	13.0	13.0
112.0	197.0	13.0	13.0
109.0	202.0	14.0	14.0
107.23634338378906	203.4039764404297	14.1227388381958	14.1227388381958
105.4505844116211	204.70602416992188	14.010531425476074	14.010531425476074
104.13670349121094	204.9911651611328	14.143865585327148	14.143865585327148
102.53816986083984	204.7389678955078	14.296394348144531	14.296394348144531
100.83232116699219	205.0162353515625	14.653515815734863	14.653515815734863
99.78828430175781	205.5662841796875	14.707551956176758	14.707551956176758
99.66690063476562	205.4684600830078	14.89653205871582	14.89653205871582
99.21321868896484	205.119384765625	14.957303047180176	14.957303047180176
99.5581283569336	205.29379272460938	15.070027351379395	15.070027351379395
99.21910095214844	205.9435577392578	14.945375442504883	14.945375442504883
99.06425476074219	205.30624389648438	14.902679443359375	14.902679443359375
98.85529327392578	205.96701049804688	14.787638664245605	14.787638664245605
98.58206176757812	206.0234375	14.95831298828125	14.95831298828125
98.06391143798828	205.98916625976562	14.952122688293457	14.952122688293457
97.72636413574219	206.01669311523438	15.172541618347168	15.172541618347168
97.3868408203125	205.8683624267578	15.291963577270508	15.291963577270508
96.5313720703125	205.63601684570312	15.285934448242188	15.285934448242188
95.98588562011719	206.0311279296875	15.223073959350586	15.223073959350586
94.91625213623047	205.9605712890625	15.080673217773438	15.080673217773438
93.8667221069336	206.2576141357422	15.045646667480469	15.045646667480469
93.1507568359375	206.38198852539062	14.872441291809082	14.872441291809082
92.81098175048828	206.33251953125	15.0692777633667	15.0692777633667
91.25740814208984	206.5011444091797	15.105117797851562	15.105117797851562
89.6453857421875	206.03811645507812	15.06511402130127	15.06511402130127
88.81953430175781	206.00390625	14.935216903686523	14.935216903686523
86.96019744873047	205.61557006835938	15.00993824005127	15.00993824005127
86.57719421386719	205.6802215576172	15.08531665802002	15.08531665802002
86.13128662109375	205.2714080810547	15.141057968139648	15.141057968139648
85.84513092041016	205.41470336914062	15.177160263061523	15.177160263061523
85.04317474365234	205.2249755859375	15.441743850708008	15.441743850708008
85.76818084716797	206.6728973388672	15.612533569335938	15.612533569335938
85.09685516357422	206.43603515625	15.51245403289795	15.51245403289795
84.9684066772461	206.33901977539062	15.358175277709961	15.358175277709961
84.65791320800781	206.17959594726562	15.513339042663574	15.513339042663574
84.8189468383789	206.89425659179688	15.421218872070312	15.421218872070312
83.95433044433594	207.2486572265625	15.252084732055664	15.252084732055664
84.46632385253906	207.76181030273438	15.315694808959961	15.315694808959961
84.12229919433594	207.6706085205078	15.336982727050781	15.336982727050781
83.91273498535156	208.1563262939453	15.553875923156738	15.553875923156738
83.96736145019531	208.0599822998047	15.70751953125	15.70751953125
77.1615219116211	204.21783447265625	11.968753814697266	17.776926040649414
68.03069305419922	201.31826782226562	7.159141540527344	20.296993255615234
63.11550521850586	197.46636962890625	4.652303695678711	22.926774978637695
63.26987838745117	198.9487762451172	10.0	23.160404205322266
63.30308532714844	194.96469116210938	7.489503860473633	23.607568740844727
60.265140533447266	191.0592041015625	4.877704620361328	24.567420959472656
56.631072998046875	186.64102172851562	1.3962841033935547	26.494199752807617
56.533138275146484	183.73605346679688	1.9692039489746094	27.216163635253906
56.45014953613281	181.2478790283203	2.5214157104492188	27.035680770874023
55.30242919921875	178.9678955078125	2.5415287017822266	26.612276077270508
54.00026321411133	177.13720703125	2.622936248779297	26.359582901000977
52.83626937866211	175.4480743408203	2.796262741088867	26.221643447875977
51.79545974731445	173.88919067382812	2.945077896118164	26.085615158081055
50.843929290771484	172.41668701171875	3.1125831604003906	26.016538619995117
49.95508575439453	171.052001953125	3.2972373962402344	25.999441146850586
49.117305755615234	169.7885284423828	3.509469985961914	26.037015914916992
48.321102142333984	168.6190643310547	3.750507354736328	26.130334854125977
47.557125091552734	167.5316619873047	4.022356033325195	26.280384063720703
46.816585540771484	166.5155029296875	4.325460433959961	26.484607696533203
46.09006881713867	165.5579833984375	4.661323547363281	26.742080688476562
45.36822509765625	164.64756774902344	5.030088424682617	27.050411224365234
44.64200973510742	163.77297973632812	5.431812286376953	27.407428741455078
43.90274429321289	162.92404174804688	5.865745544433594	27.81041145324707
43.142147064208984	162.09109497070312	6.331119537353516	28.256723403930664
42.3519401550293	161.26461791992188	6.827550888061523	28.744169235229492
41.523597717285156	160.43460083007812	7.355356216430664	29.271142959594727
40.64899444580078	159.59085083007812	7.913434982299805	29.834074020385742
93.0	206.0	14.0	14.0
93.17268371582031	206.19326782226562	13.9559326171875	13.9559326171875
93.2584228515625	206.14151000976562	14.183929443359375	14.183929443359375
94.0556640625	206.1250457763672	14.394989013671875	14.394989013671875
94.4968490600586	205.3547821044922	14.40320110321045	14.40320110321045
95.78594970703125	204.8731689453125	14.427406311035156	14.427406311035156
96.42322540283203	205.60183715820312	14.528249740600586	14.528249740600586
96.7273178100586	204.8696746826172	14.701028823852539	14.701028823852539
97.7864990234375	204.80142211914062	14.98869800567627	14.98869800567627
98.37520599365234	204.91513061523438	14.832430839538574	14.832430839538574
99.42301940917969	205.4568634033203	14.720988273620605	14.720988273620605
100.29551696777344	205.241943359375	14.793838500976562	14.793838500976562
312.0	150.0	10.0	10.0
312.0	145.0	11.0	10.0
313.0	140.0	11.0	10.0
314.0	136.0	10.0	10.0
314.0	133.0	11.0	10.0
315.0	130.0	10.0	10.0
315.8509216308594	128.3794708251953	10.129460334777832	10.129460334777832
316.2857360839844	127.38127136230469	10.265973091125488	10.265973091125488
316.45489501953125	126.98968505859375	10.35516357421875	10.35516357421875
317.15545654296875	127.3898696899414	10.312304496765137	10.312304496765137
317.6753845214844	128.7317657470703	10.278371810913086	10.278371810913086
319.0	131.0	9.0	10.0
318.70648193359375	133.49285888671875	10.0	10.120896339416504
321.71722412109375	136.63803100585938	10.215167045593262	10.314485549926758
320.4307556152344	140.51321411132812	10.247589111328125	10.327777862548828
320.9417419433594	137.87457275390625	10.316627502441406	10.397356033325195
320.89263916015625	137.65411376953125	10.458027839660645	10.539863586425781
320.42523193359375	136.83218383789062	10.428980827331543	10.502531051635742
319.402587890625	135.7332305908203	10.611416816711426	10.686253547668457
318.9508361816406	136.82504272460938	10.634101867675781	10.709098815917969
318.3926696777344	135.4337158203125	10.73135757446289	10.807040214538574
317.88616943359375	135.56715393066406	10.635543823242188	10.710550308227539
317.6372985839844	135.370849609375	10.560774803161621	10.63525390625
319.745849609375	137.53256225585938	10.641071319580078	10.716117858886719
329.0	141.0	10.0	9.0
329.04571533203125	137.2078094482422	10.128211975097656	10.0
330.5604553222656	134.91445922851562	10.161327362060547	10.100000381469727
332.0	132.0	11.0	11.0
333.0	132.0	11.0	10.0
334.0	131.0	11.0	10.0
335.0	132.0	10.0	10.0
336.0	133.0	10.0	10.0
337.0	134.0	10.0	10.0
338.13092041015625	136.67196655273438	10.191152572631836	10.191152572631836
340.0	141.0	10.0	9.0
340.0	144.0	10.0	10.0
342.0	148.0	10.0	11.0
343.0	153.0	9.0	11.0
344.0	160.0	9.0	9.0
344.0	167.0	10.0	10.0
344.0	166.0	10.0	11.0
344.0	159.0	10.0	10.0
343.0	152.0	10.0	10.0
342.0	147.0	10.0	9.0
341.0	141.0	10.0	11.0
340.0	136.0	10.0	10.0
339.0	132.0	11.0	10.0
338.0	129.0	10.0	10.0
337.0	127.0	10.0	10.0
336.0	126.0	11.0	9.0
335.06463623046875	124.3778076171875	10.84187126159668	10.0
334.0	124.0	11.0	11.0
334.0	125.0	10.0	10.0
332.52520751953125	125.988037109375	10.106142044067383	10.106142044067383
331.7061767578125	128.34048461914062	10.125947952270508	10.125947952270508
330.0259094238281	130.50502014160156	10.34390640258789	10.34390640258789
329.0552062988281	134.0340576171875	10.3690824508667	10.3690824508667
328.0	139.0	11.0	10.0
326.87750244140625	143.60922241210938	10.876022338867188	10.03764533996582
327.0	150.0	10.0	9.0
325.0	155.0	10.0	10.0
324.163330078125	160.8990936279297	10.006607055664062	10.006607055664062
318.145751953125	158.6298065185547	10.033788681030273	10.033788681030273
317.6899719238281	156.97259521484375	10.07575798034668	10.07575798034668
322.05767822265625	156.9842529296875	10.198226928710938	10.198226928710938
322.18792724609375	151.0873260498047	10.139768600463867	10.139768600463867
323.2142639160156	144.95460510253906	10.358156204223633	10.358156204223633
321.9876403808594	139.42025756835938	10.492891311645508	10.492891311645508
321.776611328125	134.03207397460938	10.741811752319336	10.741811752319336
321.5044860839844	130.1792755126953	10.894969940185547	10.894969940185547
321.16546630859375	126.64274597167969	10.823580741882324	10.823580741882324
321.23583984375	124.3185043334961	10.697868347167969	10.697868347167969
321.11376953125	123.16331481933594	10.664653778076172	10.664653778076172
320.6211853027344	122.13047790527344	10.660989761352539	10.660989761352539
320.25311279296875	121.79427337646484	10.667459487915039	10.667459487915039
320.07672119140625	123.3653793334961	10.530572891235352	10.530572891235352
320.1356201171875	124.07928466796875	10.531558990478516	10.531558990478516
320.0	127.0	10.0	10.0
319.73773193359375	129.61062622070312	10.07274341583252	10.07274341583252
319.0	133.0	11.0	11.0
319.0	138.0	10.0	10.0
318.0	141.0	12.0	12.0
318.0	148.0	10.0	11.0
317.24200439453125	153.7173614501953	10.179859161376953	11.09451961517334
317.2960510253906	159.47633361816406	10.220245361328125	11.108843803405762
317.49725341796875	160.8417510986328	10.215112686157227	11.053215026855469
315.84136962890625	167.13375854492188	10.321431159973145	11.162422180175781
309.7521667480469	171.6421356201172	10.318255424499512	11.158987045288086
313.0	150.0	10.0	10.0
312.0	143.0	10.0	10.0
311.0	137.0	10.0	10.0
310.0	132.0	10.0	10.0
308.0	127.0	10.0	11.0
308.0	123.0	9.0	10.0
306.1686096191406	120.84611511230469	10.0	10.00486946105957
304.3657531738281	118.78697204589844	10.006756782531738	10.007734298706055
302.9255676269531	116.67794036865234	10.257711410522461	10.258323669433594
302.2128601074219	115.52278137207031	10.322919845581055	10.32353687286377
300.2288513183594	115.59134674072266	10.48648738861084	10.487113952636719
299.8570556640625	116.10028076171875	10.463970184326172	10.464475631713867
297.99798583984375	117.37794494628906	10.714938163757324	10.715456008911133
297.02313232421875	119.3984603881836	10.651619911193848	10.65213394165039
293.96527099609375	122.1405258178711	10.606253623962402	10.606765747070312
292.6712341308594	126.2565689086914	10.605087280273438	10.605600357055664
291.85089111328125	130.53866577148438	10.676450729370117	10.676965713500977
290.5978698730469	135.3839874267578	10.549664497375488	10.55017375946045
289.13287353515625	140.98483276367188	10.493977546691895	10.494484901428223
289.010986328125	143.82537841796875	10.548800468444824	10.549310684204102
289.8555603027344	142.11358642578125	10.670509338378906	10.671026229858398
289.8355712890625	141.71055603027344	10.732478141784668	10.732998847961426
290.37713623046875	142.0458526611328	10.8944673538208	10.894996643066406
347.0	147.0	9.0	9.0
348.0	147.0	9.0	9.0
346.2522888183594	146.70758056640625	10.0	10.0
348.0	147.0	9.0	10.0
350.15399169921875	147.32980346679688	10.0	10.032242774963379
348.0	146.0	8.0	10.0
348.0	146.0	9.0	10.0
297.0	119.0	10.0	10.0
297.0	116.0	10.0	11.0
299.0	114.0	10.0	11.0
299.63037109375	111.61949157714844	10.104438781738281	11.032560348510742
301.55780029296875	110.51542663574219	10.191730499267578	11.113312721252441
302.8747863769531	110.41705322265625	10.156710624694824	11.065953254699707
304.25	110.8091049194336	10.082364082336426	10.980388641357422
305.41314697265625	112.24620056152344	10.230620384216309	11.141849517822266
306.9205627441406	114.99864196777344	10.209320068359375	11.069615364074707
308.1875915527344	117.84706115722656	10.157197952270508	10.96412467956543
309.65142822265625	120.84541320800781	10.252882957458496	11.060844421386719
310.0	127.0	10.0	10.0
312.0	131.0	10.0	10.0
313.0	137.0	10.0	10.0
314.0	143.0	11.0	11.0
315.0	150.0	10.0	10.0
316.0	158.0	10.0	10.0
317.0	167.0	10.0	10.0
318.9140930175781	172.73988342285156	10.117387771606445	10.117387771606445
318.5934143066406	171.30242919921875	10.326730728149414	10.326730728149414
319.0	163.0	10.0	11.0
319.0	155.0	10.0	11.0
318.9299621582031	149.010986328125	10.106222152709961	11.093521118164062
320.0	143.0	10.0	10.0
320.0	139.0	11.0	10.0
320.02325439453125	134.54202270507812	11.139280319213867	10.155790328979492
321.0	130.0	10.0	11.0
321.0	128.0	10.0	10.0
321.0	125.0	10.0	11.0
320.86346435546875	123.3631591796875	10.180108070373535	11.18051815032959
320.8022766113281	123.00437927246094	10.165173530578613	11.098220825195312
321.18585205078125	122.95271301269531	10.280027389526367	11.223615646362305
321.0	124.0	11.0	11.0
320.88897705078125	125.69677734375	10.869283676147461	10.869283676147461
321.0	128.0	11.0	11.0
321.0	131.0	11.0	12.0
321.0	135.0	11.0	11.0
321.0	140.0	11.0	11.0
321.0	146.0	11.0	10.0
321.0	152.0	11.0	11.0
321.0	159.0	10.0	10.0
321.0	167.0	10.0	10.0
321.1434020996094	172.60679626464844	10.16291332244873	10.16291332244873
322.9844970703125	179.29910278320312	10.193337440490723	10.193337440490723
320.1626281738281	180.82591247558594	10.259624481201172	10.259624481201172
319.32476806640625	175.1329803466797	10.046778678894043	10.046778678894043
320.0	167.0	10.0	11.0
319.0	161.0	11.0	11.0
319.0	156.0	11.0	11.0
319.0	152.0	10.0	11.0
318.0	148.0	12.0	11.0
318.0	146.0	11.0	11.0
318.0	144.0	11.0	11.0
316.94305419921875	143.02767944335938	11.22278881072998	11.22278881072998
316.7500305175781	142.7611846923828	11.207159996032715	11.207159996032715
316.02764892578125	142.97080993652344	11.255345344543457	11.255345344543457
315.41339111328125	144.0738983154297	11.37779426574707	11.37779426574707
316.0	147.0	10.0	10.0
314.0	149.0	12.0	11.0
315.0	153.0	10.0	11.0
314.0	156.0	11.0	12.0
314.0	162.0	10.0	11.0
312.98004150390625	168.0552520751953	10.135251998901367	11.052653312683105
312.0765380859375	174.2694091796875	10.122167587280273	11.028606414794922
312.9794616699219	180.3629150390625	10.11094856262207	11.00705337524414
312.3448791503906	173.79818725585938	10.110200881958008	10.970481872558594
311.0	166.0	10.0	11.0
310.0	160.0	11.0	10.0
310.0	153.0	11.0	12.0
309.0	149.0	11.0	11.0
308.0	145.0	11.0	11.0
308.0	141.0	11.0	11.0
308.0	139.0	10.0	11.0
307.0	136.0	11.0	12.0
306.0	135.0	11.0	12.0
305.0	135.0	11.0	11.0
305.0	135.0	11.0	12.0
304.0	137.0	11.0	11.0
303.0	139.0	11.0	11.0
303.0	142.0	10.0	11.0
302.0	146.0	10.0	10.0
301.0	151.0	11.0	9.0
299.6009826660156	154.16049194335938	11.11501693725586	10.0
293.40142822265625	153.49978637695312	11.049466133117676	10.035861015319824
291.3885803222656	155.4405517578125	11.287071228027344	10.286117553710938
291.0040283203125	155.42372131347656	11.277755737304688	10.277627944946289
290.6705322265625	155.12936401367188	11.315080642700195	10.31164264678955
291.04547119140625	154.98623657226562	11.227285385131836	10.231632232666016
291.10491943359375	155.56521606445312	11.348377227783203	10.360177993774414
291.12957763671875	157.80929565429688	11.31297492980957	10.327858924865723
292.96783447265625	151.3787384033203	11.38652229309082	10.395000457763672
293.07891845703125	146.87110900878906	11.494935989379883	10.493974685668945
290.84735107421875	151.0096893310547	11.302946090698242	10.318703651428223
290.1618957519531	154.9024200439453	11.558267593383789	10.55179214477539
290.1876220703125	154.95758056640625	11.750879287719727	10.727630615234375
290.1339416503906	154.78146362304688	11.974690437316895	10.931953430175781
285.81536865234375	154.67137145996094	12.088011741638184	11.035406112670898
291.0	117.0	10.0	10.0
289.91290283203125	116.13993835449219	10.059785842895508	10.059785842895508
289.0210876464844	115.47945404052734	10.268013000488281	10.268013000488281
288.5146789550781	115.2942886352539	10.362292289733887	10.362292289733887
289.0	116.0	9.0	11.0
287.19891357421875	116.70955657958984	10.0	10.971678733825684
286.228515625	119.67250061035156	10.083341598510742	10.91547966003418
285.0	122.0	10.0	11.0
284.8497009277344	125.87373352050781	10.054108619689941	10.90142822265625
284.11553955078125	131.53268432617188	10.0	10.693575859069824
282.44512939453125	136.3666534423828	10.053140640258789	10.637556076049805
282.0	142.0	10.0	11.0
281.7374267578125	148.1380615234375	10.143335342407227	11.039273262023926
280.99932861328125	155.08377075195312	10.217855453491211	11.094934463500977
279.1534729003906	153.46389770507812	10.402624130249023	11.295562744140625
279.21832275390625	153.25634765625	10.490023612976074	11.390464782714844
278.6211242675781	153.20285034179688	10.57965087890625	11.487785339355469
278.62237548828125	152.7930145263672	10.74213981628418	11.664222717285156
275.9078674316406	153.34518432617188	10.315095901489258	11.225831031799316
279.1352233886719	153.37124633789062	10.342948913574219	11.243624687194824
277.62249755859375	147.68528747558594	10.251672744750977	11.144399642944336
277.78448486328125	143.81784057617188	10.168115615844727	10.961030006408691
275.7615661621094	145.43048095703125	9.789995193481445	11.36538028717041
409.0	85.0	7.0	8.0
407.46563720703125	84.90726470947266	10.0	10.0
413.39910888671875	85.03263854980469	10.015881538391113	10.015881538391113
416.6327209472656	86.88261413574219	10.0	10.0
415.4535217285156	86.67318725585938	10.066446304321289	10.066446304321289
407.901123046875	85.38136291503906	10.172657012939453	10.172657012939453
407.314453125	83.2118148803711	10.187423706054688	10.187423706054688
407.3729553222656	81.5369873046875	10.184988975524902	10.184988975524902
407.11737060546875	80.21732330322266	10.054642677307129	10.054642677307129
403.0568542480469	76.43441009521484	18.021116256713867	16.092449188232422
274.0	143.0	10.0	11.0
273.0	148.0	11.0	12.0
273.0	153.0	10.0	11.0
275.9490966796875	148.4944610595703	10.08944034576416	11.034482955932617
275.09124755859375	146.61642456054688	10.082174301147461	10.894142150878906
275.2379150390625	147.0400390625	10.192975044250488	10.994869232177734
275.225341796875	146.47866821289062	10.36123275756836	11.17636489868164
274.9805603027344	147.1298828125	10.531988143920898	11.360554695129395
281.092529296875	153.54019165039062	10.713851928710938	11.556726455688477
283.0469970703125	148.402587890625	10.606948852539062	11.441413879394531
286.6462097167969	143.94985961914062	10.895493507385254	11.752657890319824
288.44305419921875	139.59449768066406	11.000004768371582	11.865391731262207
293.907958984375	135.094482421875	10.957883834838867	11.81995677947998
296.5716247558594	132.48199462890625	10.93586254119873	11.796201705932617
300.2200927734375	130.72119140625	10.917935371398926	11.776864051818848
303.0	130.0	11.0	11.0
306.0	129.0	11.0	11.0
309.41448974609375	129.89590454101562	10.8329439163208	10.8329439163208
313.0	131.0	11.0	11.0
315.0	133.0	11.0	11.0
319.0	136.0	10.0	10.0
321.0	139.0	11.0	11.0
324.0	143.0	11.0	10.0
327.0	148.0	11.0	10.0
330.0	153.0	11.0	11.0
333.0	159.0	11.0	11.0
335.0	166.0	11.0	12.0
338.0	173.0	10.0	11.0
340.0	183.0	11.0	11.0
342.0	183.0	11.0	11.0
341.8585205078125	176.34292602539062	11.114123344421387	11.114123344421387
342.7279968261719	172.68019104003906	11.18375015258789	11.18375015258789
337.9534606933594	165.65679931640625	11.155500411987305	11.155500411987305
345.0	155.0	13.0	13.0
347.0	151.0	11.0	11.0
348.0	147.0	10.0	10.0
348.68310546875	144.14695739746094	10.186254501342773	10.186254501342773
349.4798889160156	141.88375854492188	10.409762382507324	10.409762382507324
350.28338623046875	139.76600646972656	10.412101745605469	10.412101745605469
352.0	138.0	9.0	11.0
352.0	137.0	10.0	12.0
352.3921813964844	137.896484375	10.01367473602295	11.982982635498047
352.0	140.0	11.0	11.0
352.0533752441406	142.88429260253906	11.208639144897461	11.208639144897461
352.0	144.0	13.0	13.0
353.0	148.0	13.0	13.0
355.0	153.0	10.0	11.0
356.0	158.0	10.0	11.0
356.0	164.0	10.0	11.0
357.0	171.0	10.0	11.0
356.0	179.0	12.0	11.0
355.6092224121094	179.1214141845703	12.042291641235352	11.038766860961914
354.2361145019531	172.3085479736328	12.117362976074219	11.107582092285156
353.0	165.0	11.0	11.0
352.05462646484375	159.49156188964844	11.145278930664062	11.145278930664062
349.75506591796875	153.52662658691406	11.253397941589355	11.253397941589355
349.0	148.0	11.0	12.0
347.0	145.0	11.0	11.0
346.0	142.0	11.0	11.0
344.0	139.0	11.0	12.0
343.060302734375	137.27403259277344	11.041139602661133	12.044878005981445
341.0	137.0	11.0	11.0
340.0	137.0	11.0	11.0
338.0	138.0	11.0	11.0
336.080810546875	139.26144409179688	11.150347709655762	11.150347709655762
334.71832275390625	141.7809600830078	11.284764289855957	11.284764289855957
334.0	145.0	10.0	11.0
332.0	149.0	10.0	11.0
330.334228515625	153.24575805664062	10.141176223754883	11.129745483398438
328.7146911621094	158.74325561523438	10.044595718383789	10.981913566589355
327.0	165.0	10.0	11.0
324.0	171.0	11.0	11.0
324.0	180.0	9.0	9.0
324.0	172.0	11.0	11.0
327.0	163.0	10.0	10.0
329.0	154.0	10.0	10.0
331.0	146.0	9.0	9.0
333.0	138.0	11.0	10.0
335.0	130.0	10.0	11.0
337.0	125.0	11.0	11.0
339.0	120.0	11.0	11.0
340.210205078125	115.37625885009766	11.088017463684082	11.088017463684082
343.0	112.0	10.0	10.0
345.0	109.0	11.0	10.0
346.30718994140625	107.38929748535156	11.195297241210938	10.224215507507324
347.9453125	106.61439514160156	11.231650352478027	10.270371437072754
350.0	106.0	10.0	10.0
351.43890380859375	105.25736999511719	10.126848220825195	10.126848220825195
352.9537658691406	107.1902084350586	10.301989555358887	10.301989555358887
354.85986328125	108.225830078125	10.46629524230957	10.46629524230957
355.8645935058594	110.7596664428711	10.518377304077148	10.518377304077148
357.2027893066406	113.97169494628906	10.610818862915039	10.610818862915039
360.0	118.0	9.0	10.0
361.0	123.0	10.0	10.0
362.201904296875	127.56353759765625	10.138501167297363	10.138501167297363
363.0	134.0	10.0	10.0
365.0	140.0	10.0	11.0
366.0	149.0	10.0	10.0
368.0	157.0	9.0	9.0
369.0	166.0	9.0	9.0
370.0	175.0	10.0	10.0
371.0	171.0	10.0	11.0
372.0	163.0	10.0	9.0
373.0	154.0	10.0	10.0
374.0	146.0	10.0	10.0
375.0	139.0	10.0	10.0
375.79144287109375	133.140625	10.076583862304688	10.076583862304688
376.5850524902344	128.2943115234375	10.153688430786133	10.153688430786133
378.0199279785156	122.98384094238281	10.360556602478027	10.360556602478027
378.72552490234375	119.13607025146484	10.438560485839844	10.438560485839844
379.9012145996094	116.44779968261719	10.481392860412598	10.481392860412598
380.80755615234375	112.86430358886719	10.327356338500977	10.327356338500977
381.3290100097656	111.10457611083984	10.216049194335938	10.216049194335938
383.0	111.0	10.0	10.0
384.0	111.0	10.0	9.0
384.349609375	111.05120849609375	10.16596794128418	10.0
384.71728515625	111.56097412109375	10.266865730285645	10.112529754638672
385.74908447265625	113.36053466796875	10.396028518676758	10.239751815795898
386.06396484375	117.07978820800781	10.250643730163574	10.13465404510498
386.63616943359375	120.8306884765625	10.18000316619873	10.110074043273926
386.73602294921875	124.86783599853516	10.108718872070312	10.066755294799805
388.0318298339844	128.82601928710938	10.116460800170898	10.099372863769531
387.7738952636719	134.74053955078125	10.192705154418945	10.175488471984863
390.0	140.0	10.0	11.0
391.0	148.0	9.0	10.0
391.0	155.0	10.0	10.0
391.0	164.0	10.0	9.0
390.98040771484375	161.00607299804688	10.073689460754395	10.0
392.0	154.0	9.0	9.0
391.0	146.0	9.0	10.0
390.0	140.0	10.0	10.0
389.33416748046875	134.13934326171875	10.03661823272705	10.03661823272705
388.5245056152344	128.94882202148438	10.083978652954102	10.083978652954102
388.96240234375	124.5747299194336	10.133824348449707	10.133824348449707
388.0507507324219	119.88262939453125	10.217309951782227	10.217309951782227
388.290771484375	117.5212173461914	10.28046989440918	10.28046989440918
388.0	116.0	9.0	9.0
387.47430419921875	113.63716125488281	10.0	10.0
387.14776611328125	112.6229248046875	10.060925483703613	10.060925483703613
386.5796203613281	112.216064453125	10.122110366821289	10.122110366821289
386.1344299316406	112.53901672363281	10.276778221130371	10.276778221130371
385.4825744628906	113.87237548828125	10.312307357788086	10.312307357788086
384.770751953125	115.97727966308594	10.432531356811523	10.432531356811523
384.0	119.0	10.0	10.0
383.32379150390625	122.80097961425781	10.045389175415039	10.045389175415039
382.7593078613281	126.0643539428711	10.110193252563477	10.110193252563477
382.3580627441406	130.7628173828125	10.136821746826172	10.136821746826172
381.0	136.0	11.0	11.0
382.0	142.0	10.0	11.0
379.71392822265625	148.0960693359375	10.100000381469727	11.049616813659668
380.0	158.0	10.0	9.0
379.0	166.0	11.0	10.0
377.72747802734375	169.53475952148438	10.918278694152832	10.018363952636719
377.0	163.0	11.0	11.0
376.82537841796875	156.40853881835938	10.992345809936523	10.992345809936523
376.369384765625	150.65451049804688	10.850378036499023	10.850378036499023
377.0	147.0	9.0	10.0
376.0	142.0	9.0	11.0
375.0	140.0	10.0	9.0
375.0	137.0	9.0	10.0
373.8993835449219	135.12725830078125	10.0	10.035820007324219
373.05535888671875	133.4922332763672	10.293642044067383	10.32335090637207
372.39154052734375	133.30569458007812	10.390445709228516	10.420434951782227
372.0	134.0	10.0	9.0
370.99822998046875	135.10385131835938	10.087120056152344	10.0
370.67425537109375	136.7328338623047	10.114287376403809	10.072271347045898
369.61480712890625	139.25857543945312	10.27503490447998	10.248968124389648
368.7476501464844	142.5860595703125	10.243329048156738	10.222416877746582
368.0	147.0	10.0	11.0
367.0	152.0	10.0	10.0
366.0	157.0	10.0	10.0
365.25970458984375	162.12399291992188	10.1478271484375	10.1478271484375
364.39593505859375	168.0360565185547	10.224590301513672	10.224590301513672
366.4424133300781	174.1602783203125	10.290349960327148	10.290349960327148
365.1015625	178.03762817382812	10.233211517333984	10.233211517333984
360.79962158203125	179.0767822265625	10.02770709991455	10.02770709991455
363.0	169.0	12.0	12.0
362.8697509765625	161.72750854492188	12.144960403442383	12.144960403442383
364.0	156.0	11.0	11.0
364.0	151.0	11.0	11.0
365.0	145.0	12.0	12.0
365.0	142.0	12.0	12.0
364.72357177734375	138.6049346923828	12.256268501281738	12.256268501281738
365.0	137.0	11.0	11.0
365.0	135.0	12.0	12.0
366.5696105957031	134.15463256835938	11.875738143920898	11.875738143920898
366.6110534667969	133.0383758544922	11.781194686889648	11.781194686889648
367.0	135.0	10.0	11.0
367.0	136.0	11.0	11.0
367.0	139.0	11.0	10.0
367.0	141.0	11.0	11.0
367.0	143.0	11.0	12.0
368.0	149.0	10.0	11.0
368.0	154.0	10.0	11.0
368.0	160.0	11.0	11.0
368.0	167.0	10.0	11.0
367.91070556640625	172.83995056152344	10.101171493530273	11.105924606323242
369.7487487792969	176.3428192138672	10.077951431274414	10.994733810424805
368.66302490234375	178.53884887695312	10.16177749633789	11.079483032226562
368.0	169.0	11.0	11.0
369.0	159.0	10.0	10.0
368.0	150.0	11.0	10.0
367.0	141.0	11.0	11.0
368.75189208984375	134.4998779296875	10.979063034057617	10.979063034057617
367.0	126.0	12.0	13.0
367.0196228027344	119.256103515625	11.842185020446777	12.829032897949219
367.6557312011719	113.60273742675781	11.631341934204102	12.600618362426758
367.3446044921875	108.12107849121094	11.435840606689453	12.388824462890625
367.19879150390625	105.12452697753906	11.63403034210205	12.60352897644043
368.0716857910156	102.2183609008789	11.500982284545898	12.459395408630371
368.02520751953125	100.21094512939453	11.364672660827637	12.311727523803711
367.392578125	98.64409637451172	11.398233413696289	12.348085403442383
366.90374755859375	97.65454864501953	11.469816207885742	12.425633430480957
367.00665283203125	97.77613067626953	11.384130477905273	12.332807540893555
367.034912109375	98.87352752685547	11.57596206665039	12.540624618530273
366.4947204589844	100.66214752197266	11.460657119750977	12.415711402893066
365.91937255859375	103.52583312988281	11.380159378051758	12.328505516052246
365.3772888183594	106.78132629394531	11.538030624389648	12.499532699584961
364.86102294921875	109.39305114746094	11.64168643951416	12.611824989318848
364.3793029785156	114.4631576538086	11.637805938720703	12.607621192932129
364.15374755859375	120.04659271240234	11.60155963897705	12.568354606628418
364.26116943359375	127.15370178222656	11.550321578979492	12.512846946716309
363.0	136.0	10.0	11.0
364.11737060546875	142.13973999023438	10.074661254882812	11.001070022583008
366.4655456542969	145.01828002929688	10.076227188110352	10.889043807983398
363.8273620605469	142.76840209960938	10.062585830688477	10.793437004089355
363.24444580078125	143.5858612060547	10.152070999145508	10.773832321166992
361.459228515625	142.64572143554688	10.105939865112305	10.719831466674805
356.66412353515625	136.74412536621094	10.096953392028809	10.665923118591309
360.0	171.0	13.0	13.0
359.56707763671875	163.95162963867188	13.016031265258789	13.016031265258789
358.8756103515625	157.14944458007812	13.054361343383789	13.054361343383789
357.0	150.0	12.0	13.0
358.49530029296875	153.50509643554688	11.699398040771484	12.912314414978027
360.0686340332031	154.58834838867188	11.871522903442383	12.575879096984863
361.1354064941406	156.53634643554688	11.742977142333984	12.359450340270996
346.0	167.0	8.0	8.0
346.0	173.0	8.0	8.0
347.0	180.0	7.0	8.0
346.0	187.0	7.0	7.0
347.9333190917969	187.09144592285156	6.32762336730957	9.006329536437988
346.0	176.0	8.0	8.0
346.0	171.0	9.0	9.0
346.0	168.0	8.0	7.0
346.0	165.0	8.0	9.0
345.32049560546875	161.53807067871094	10.0	10.0
346.23309326171875	160.19290161132812	10.006417274475098	10.006417274475098
346.13427734375	157.63475036621094	10.060827255249023	10.060827255249023
345.12908935546875	155.51296997070312	10.148048400878906	10.148048400878906
345.0409851074219	160.41226196289062	10.24413776397705	10.24413776397705
347.54296875	158.2939910888672	10.154142379760742	10.154142379760742
346.7684326171875	158.9217987060547	10.365543365478516	10.365543365478516
346.25762939453125	160.26559448242188	10.446001052856445	10.446001052856445
345.62890625	161.8325958251953	10.41912841796875	10.41912841796875
345.41754150390625	163.96371459960938	10.165414810180664	10.165414810180664
345.31634521484375	167.07644653320312	10.139162063598633	10.139162063598633
347.0	172.0	8.0	8.0
346.0	175.0	9.0	9.0
348.0	181.0	7.0	9.0
345.5227966308594	184.81312561035156	10.0	10.0
340.2769470214844	182.16336059570312	10.142903327941895	10.142903327941895
345.07623291015625	184.84793090820312	10.221614837646484	10.221614837646484
345.1188049316406	180.9145965576172	10.30123519897461	10.30123519897461
345.7613525390625	177.5895538330078	10.099517822265625	10.099517822265625
346.21136474609375	175.46896362304688	10.033348083496094	10.033348083496094
347.0412292480469	172.93740844726562	10.052635192871094	10.052635192871094
346.4965515136719	171.29840087890625	10.138152122497559	10.138152122497559
346.40948486328125	172.2694091796875	10.26799488067627	10.26799488067627
347.30999755859375	169.29454040527344	10.4334135055542	10.4334135055542
311.0	205.0	10.0	10.0
308.2191467285156	204.30685424804688	10.231415748596191	10.231415748596191
313.76947021484375	205.90182495117188	10.35909652709961	10.35909652709961
312.72186279296875	205.2776641845703	10.244545936584473	10.244545936584473
298.0	198.0	8.0	10.0
295.0	199.0	10.0	9.0
293.0	200.0	10.0	11.0
289.0	202.0	11.0	11.0
287.0	207.0	10.0	10.0
285.0	212.0	10.0	12.0
282.0	222.0	10.0	11.0
280.0	231.0	10.0	10.0
278.0	241.0	10.0	10.0
276.29791259765625	244.8014373779297	10.044622421264648	10.044622421264648
276.0	238.0	10.0	10.0
276.0	231.0	11.0	11.0
276.0	226.0	10.0	10.0
275.0	221.0	11.0	10.0
275.0	218.0	10.0	10.0
272.4605712890625	214.600341796875	10.104726791381836	10.104726791381836
275.747314453125	209.537841796875	10.131757736206055	10.131757736206055
273.05670166015625	206.66110229492188	10.378377914428711	10.378377914428711
272.37408447265625	206.68875122070312	10.28001594543457	10.28001594543457
271.2217712402344	206.4614715576172	10.142317771911621	10.142317771911621
271.9456481933594	205.4515838623047	10.018649101257324	10.018649101257324
271.16717529296875	205.1719512939453	10.047088623046875	10.047088623046875
271.515869140625	205.160888671875	10.174605369567871	10.174605369567871
253.0	202.0	11.0	11.0
248.6727752685547	201.26763916015625	11.125925064086914	11.125925064086914
242.49954223632812	199.8605499267578	11.288435935974121	11.288435935974121
237.62307739257812	199.58694458007812	11.308263778686523	11.308263778686523
232.0	202.0	10.0	10.0
230.1240997314453	196.2153778076172	10.104406356811523	10.104406356811523
220.0	215.0	10.0	9.0
213.0	222.0	11.0	10.0
207.0	229.0	11.0	11.0
202.0	238.0	10.0	10.0
197.0	241.0	10.0	10.0
194.4421844482422	235.873779296875	10.051851272583008	10.051851272583008
192.0	230.0	11.0	9.0
189.44158935546875	224.8370361328125	11.059778213500977	10.0
188.0	220.0	10.0	10.0
186.0	216.0	10.0	11.0
183.92257690429688	212.97872924804688	10.076175689697266	11.042085647583008
181.79685974121094	210.68734741210938	10.299131393432617	11.28641414642334
179.0	211.0	10.0	9.0
176.35751342773438	209.9833984375	10.003911018371582	10.0
174.18145751953125	209.7468719482422	10.115175247192383	10.112783432006836
172.0	210.0	10.0	11.0
169.0	217.0	10.0	11.0
166.0	229.0	10.0	10.0
163.0	241.0	10.0	10.0
161.34622192382812	239.7927703857422	10.404648780822754	10.404648780822754
161.0	231.0	10.0	11.0
159.2760772705078	225.31784057617188	10.224491119384766	11.246940612792969
157.87936401367188	219.2293701171875	10.224594116210938	11.212456703186035
155.92173767089844	216.3158416748047	10.179168701171875	11.121830940246582
153.7351531982422	213.38198852539062	10.195657730102539	11.118840217590332
151.31002807617188	210.83645629882812	10.167840957641602	11.08850383758545
148.65164184570312	208.95840454101562	10.178182601928711	11.077893257141113
146.0347442626953	208.21243286132812	10.114784240722656	10.938497543334961
143.53732299804688	207.17642211914062	10.154319763183594	10.909624099731445
140.05062866210938	207.6095733642578	10.165297508239746	10.881365776062012
139.96749877929688	206.17208862304688	10.2770414352417	11.000982284545898
141.27679443359375	205.09521484375	10.13701057434082	10.74215316772461
139.0149383544922	205.3879852294922	10.27009105682373	10.8831787109375
139.33828735351562	205.1094970703125	10.468622207641602	11.093562126159668
136.00772094726562	205.0164031982422	10.411909103393555	11.033464431762695
135.1897735595703	203.81430053710938	10.214776039123535	10.821819305419922
141.11965942382812	205.75546264648438	10.380038261413574	10.996903419494629
140.02987670898438	205.92697143554688	10.366020202636719	10.98205280303955
140.64889526367188	203.41604614257812	10.410608291625977	11.029292106628418
