110.0	192.0	8.0	9.0
111.51960754394531	191.091064453125	10.0	10.0
116.0262451171875	191.2589111328125	10.043366432189941	10.043366432189941
120.49853515625	191.82498168945312	10.103994369506836	10.103994369506836
127.0	193.0	10.0	9.0
127.94757080078125	194.5972442626953	10.010148048400879	10.0
128.90359497070312	188.6663818359375	10.074605941772461	10.070475578308105
132.2489471435547	188.91958618164062	10.031879425048828	10.031045913696289
135.77304077148438	189.64645385742188	10.188779830932617	10.18809986114502
138.76870727539062	190.1343231201172	10.294333457946777	10.293780326843262
140.0081024169922	190.63717651367188	10.278462409973145	10.278017044067383
139.93209838867188	190.8477783203125	10.221640586853027	10.2213716506958
139.81777954101562	190.73565673828125	10.097689628601074	10.097530364990234
137.22268676757812	189.758056640625	10.239130973815918	10.238969802856445
137.07589721679688	189.22549438476562	10.25982666015625	10.25972843170166
141.36355590820312	191.68948364257812	10.223176956176758	10.22309684753418
144.08384704589844	195.11672973632812	10.297784805297852	10.297704696655273
144.32012939453125	191.10687255859375	10.259284973144531	10.259236335754395
146.6925048828125	190.4920654296875	10.273737907409668	10.273698806762695
152.97723388671875	196.6363525390625	10.287424087524414	10.287393569946289
155.1734619140625	196.84860229492188	10.224026679992676	10.223997116088867
154.48196411132812	197.3590545654297	10.408629417419434	10.408598899841309
155.69430541992188	196.79495239257812	10.485547065734863	10.485514640808105
161.7216796875	202.45315551757812	10.613737106323242	10.613703727722168
166.58621215820312	209.5684051513672	10.703789710998535	10.703756332397461
166.6950225830078	209.94790649414062	10.585249900817871	10.585217475891113
169.11988830566406	213.98593139648438	10.506891250610352	10.506858825683594
170.52857971191406	214.1632080078125	10.345052719116211	10.34502124786377
171.53050231933594	214.15322875976562	10.141820907592773	10.141802787780762
172.95571899414062	213.79708862304688	10.103611946105957	10.103597640991211
166.5628204345703	213.8489990234375	10.06442928314209	10.064420700073242
168.9957733154297	212.2671356201172	10.222443580627441	10.222436904907227
171.25619506835938	211.03271484375	10.2394380569458	10.239431381225586
171.32119750976562	211.4941864013672	10.353789329528809	10.353785514831543
173.76638793945312	211.9742431640625	10.433751106262207	10.433747291564941
182.9818115234375	211.640869140625	10.321954727172852	10.321950912475586
184.8983612060547	212.03799438476562	10.429394721984863	10.429391860961914
185.6090850830078	212.97607421875	10.416435241699219	10.416433334350586
186.91567993164062	212.42544555664062	10.253426551818848	10.253423690795898
188.59068298339844	212.7832794189453	10.189735412597656	10.189733505249023
188.2399139404297	213.239501953125	10.15306282043457	10.15306282043457
187.56927490234375	213.6518096923828	10.186070442199707	10.186070442199707
185.8146209716797	211.05380249023438	10.127644538879395	10.127644538879395
188.1348876953125	208.80361938476562	10.195825576782227	10.195825576782227
188.12098693847656	211.40188598632812	10.088668823242188	10.088668823242188
188.5879364013672	211.93521118164062	10.167455673217773	10.167455673217773
190.8317108154297	212.1637420654297	10.248140335083008	10.248140335083008
195.51234436035156	210.91983032226562	10.19089412689209	10.19089412689209
201.48904418945312	213.31723022460938	10.086952209472656	10.086952209472656
201.90841674804688	213.9818878173828	10.10442066192627	10.10442066192627
201.91751098632812	213.9716339111328	10.210872650146484	10.210872650146484
201.5631561279297	212.6555633544922	10.148036003112793	10.148036003112793
203.50311279296875	207.98495483398438	10.1062650680542	10.1062650680542
207.473876953125	206.98544311523438	10.328651428222656	10.328651428222656
259.0	136.0	8.0	8.0
259.0	142.0	6.0	6.0
259.6348876953125	144.3634033203125	5.724542617797852	5.492989540100098
257.0	150.0	7.0	8.0
256.0	157.0	8.0	8.0
252.679443359375	161.61131286621094	10.0	10.0
253.4163818359375	168.34048461914062	10.0	10.0
252.84951782226562	171.90103149414062	10.05264663696289	10.05264663696289
250.80105590820312	173.86605834960938	10.108291625976562	10.108291625976562
248.2059326171875	175.28033447265625	10.120169639587402	10.120169639587402
245.5812225341797	176.66696166992188	10.217255592346191	10.217255592346191
245.03152465820312	178.1347198486328	10.153373718261719	10.153373718261719
244.4512176513672	181.1114044189453	10.086847305297852	10.086847305297852
244.2645263671875	180.04502868652344	10.073522567749023	10.073522567749023
246.18753051757812	177.9141082763672	10.105062484741211	10.105062484741211
243.8000030517578	171.56407165527344	10.058961868286133	10.058961868286133
243.9498748779297	170.14584350585938	10.091739654541016	10.091739654541016
243.8086395263672	170.21017456054688	10.064814567565918	10.064814567565918
226.0	187.0	7.0	7.0
216.447509765625	191.92770385742188	3.4029064178466797	0.19063496589660645
227.617919921875	198.17852783203125	7.871166229248047	1.396775484085083
229.09622192382812	196.77743530273438	6.479778289794922	2.412308931350708
222.4421844482422	196.29022216796875	1.2925758361816406	0.6635639667510986
217.43661499023438	196.3631591796875	0.6520366668701172	0.8463337421417236
217.55438232421875	196.43234252929688	1.6119861602783203	2.2284367084503174
231.689453125	199.31930541992188	8.091123580932617	5.7446489334106445
243.34417724609375	200.19436645507812	10.17047119140625	7.452021598815918
245.58865356445312	203.107421875	10.124829292297363	10.0
245.91195678710938	206.38168334960938	10.16157341003418	10.098652839660645
246.0371551513672	206.58114624023438	10.10932731628418	10.083883285522461
246.72244262695312	205.08627319335938	10.103336334228516	10.08797550201416
245.9024658203125	207.7390899658203	10.082954406738281	10.076746940612793
222.0	189.0	9.0	8.0
220.7058563232422	187.00144958496094	10.0	10.0
219.6991729736328	187.40396118164062	10.097305297851562	10.097305297851562
219.58963012695312	188.30691528320312	10.124041557312012	10.124041557312012
230.0	185.0	7.0	7.0
222.35960388183594	185.11761474609375	1.5372676849365234	3.991826295852661
213.21463012695312	186.4161376953125	1.026968002319336	2.6072094440460205
213.24798583984375	189.2430419921875	1.7192249298095703	2.028327226638794
226.23709106445312	192.91798400878906	6.795963287353516	3.8325302600860596
238.1771697998047	194.425537109375	9.557948112487793	5.11025333404541
216.0	185.0	8.0	9.0
214.1862030029297	179.47837829589844	10.0	10.0
210.2975311279297	171.82159423828125	10.12653923034668	10.12653923034668
209.2323455810547	171.36668395996094	10.181553840637207	10.181553840637207
210.90835571289062	173.95516967773438	10.135004043579102	10.135004043579102
208.1282958984375	172.70570373535156	10.082450866699219	10.082450866699219
206.93453979492188	172.98239135742188	10.124493598937988	10.124493598937988
205.5801544189453	172.21377563476562	10.156270027160645	10.156270027160645
202.9643096923828	169.5734100341797	10.136268615722656	10.136268615722656
201.4996337890625	169.1704559326172	10.11903190612793	10.11903190612793
200.40377807617188	169.33950805664062	10.071626663208008	10.071626663208008
200.02590942382812	170.0258026123047	10.004632949829102	10.004632949829102
198.93234252929688	170.81491088867188	10.008993148803711	10.008993148803711
198.74295043945312	171.14352416992188	10.093196868896484	10.093196868896484
198.89749145507812	170.32379150390625	10.073923110961914	10.073923110961914
199.20350646972656	169.8495330810547	10.098503112792969	10.098503112792969
198.85397338867188	170.37112426757812	10.15047550201416	10.15047550201416
198.0551300048828	172.3613739013672	10.176844596862793	10.176844596862793
192.83541870117188	174.54379272460938	10.248512268066406	10.248512268066406
193.33792114257812	173.82415771484375	10.22240924835205	10.22240924835205
192.9893035888672	177.49282836914062	10.384435653686523	10.384435653686523
196.80633544921875	182.42398071289062	10.44282341003418	10.44282341003418
198.95249938964844	182.3496856689453	10.550812721252441	10.550812721252441
200.03549194335938	179.66131591796875	10.755449295043945	10.755449295043945
201.10040283203125	180.05429077148438	10.87296199798584	10.87296199798584
202.6061248779297	181.00723266601562	10.863386154174805	10.863386154174805
204.1026611328125	178.05905151367188	10.848180770874023	10.848180770874023
204.4032440185547	172.8079833984375	10.82343578338623	10.82343578338623
206.0781707763672	175.60800170898438	11.054027557373047	11.054027557373047
206.22360229492188	173.58242797851562	11.080886840820312	11.080886840820312
207.6397705078125	171.400634765625	10.942374229431152	10.942374229431152
208.9752960205078	174.8156280517578	10.719182014465332	10.719182014465332
210.33291625976562	177.4039306640625	10.809293746948242	10.809293746948242
212.10006713867188	184.98660278320312	10.600768089294434	10.600768089294434
213.200439453125	185.4995574951172	10.700231552124023	10.700231552124023
215.69534301757812	185.3434295654297	10.652419090270996	10.652419090270996
216.4684295654297	182.3028106689453	10.82894229888916	10.82894229888916
219.43710327148438	183.67466735839844	10.921948432922363	10.921948432922363
218.3893585205078	176.0916748046875	11.16075325012207	11.16075325012207
218.3972625732422	175.53695678710938	11.251653671264648	11.251653671264648
218.2261962890625	174.77713012695312	11.363295555114746	11.363295555114746
220.54611206054688	175.0579833984375	11.276066780090332	11.276066780090332
220.6559600830078	174.7078857421875	11.273813247680664	11.273813247680664
220.2334747314453	174.67076110839844	11.561699867248535	11.561699867248535
220.491455078125	175.01644897460938	11.543850898742676	11.543850898742676
219.06967163085938	174.9965057373047	11.690155029296875	11.690155029296875
218.9848175048828	174.64126586914062	11.796463012695312	11.796463012695312
218.30215454101562	175.18946838378906	11.965571403503418	11.965571403503418
217.7504119873047	175.59158325195312	12.140588760375977	12.140588760375977
216.55148315429688	175.8441925048828	12.209138870239258	12.209138870239258
215.2074432373047	176.30946350097656	12.089252471923828	12.089252471923828
214.44699096679688	175.7386932373047	12.304235458374023	12.304235458374023
213.9479522705078	175.95797729492188	12.340639114379883	12.340639114379883
213.0352783203125	175.6533966064453	12.565149307250977	12.565149307250977
212.43167114257812	174.94424438476562	12.670759201049805	12.670759201049805
212.04324340820312	175.8206024169922	12.71801471710205	12.71801471710205
211.3157958984375	174.84170532226562	12.673543930053711	12.673543930053711
210.80288696289062	174.5670928955078	12.61711311340332	12.61711311340332
210.48446655273438	173.83279418945312	12.862887382507324	12.862887382507324
210.62741088867188	174.19906616210938	12.922874450683594	12.922874450683594
210.41165161132812	174.39126586914062	13.004358291625977	13.004358291625977
210.36801147460938	174.37179565429688	13.065478324890137	13.065478324890137
210.6365203857422	174.56158447265625	13.338470458984375	13.338470458984375
210.8022003173828	174.0777130126953	13.535627365112305	13.535627365112305
211.0745849609375	174.12184143066406	13.476628303527832	13.476628303527832
211.50814819335938	174.3064422607422	13.480402946472168	13.480402946472168
211.65829467773438	173.57566833496094	13.69701862335205	13.69701862335205
212.1873779296875	174.0540313720703	13.536242485046387	13.536242485046387
212.14309692382812	173.97265625	13.550732612609863	13.550732612609863
211.93319702148438	173.63253784179688	13.770280838012695	13.770280838012695
212.09957885742188	173.49844360351562	13.80932331085205	13.80932331085205
212.82736206054688	173.34695434570312	13.844596862792969	13.844596862792969
213.18539428710938	172.87962341308594	14.03943157196045	14.03943157196045
213.0992431640625	172.08441162109375	14.44532299041748	14.44532299041748
213.7294921875	172.4485626220703	14.495266914367676	14.495266914367676
213.6487579345703	172.4591827392578	14.552621841430664	14.552621841430664
213.65322875976562	172.44314575195312	14.658276557922363	14.658276557922363
214.48489379882812	172.4160614013672	14.585927963256836	14.585927963256836
214.2326202392578	172.11526489257812	14.72808837890625	14.72808837890625
214.6566925048828	172.7198028564453	14.637685775756836	14.637685775756836
215.40762329101562	171.96685791015625	14.62317180633545	14.62317180633545
216.123779296875	172.13357543945312	14.677261352539062	14.677261352539062
216.05978393554688	171.78274536132812	14.5978364944458	14.5978364944458
217.26486206054688	171.77865600585938	14.439460754394531	14.439460754394531
217.7681427001953	171.9279022216797	14.082002639770508	14.082002639770508
219.5956573486328	172.3085174560547	14.148900985717773	14.148900985717773
219.6348419189453	172.5970001220703	14.344053268432617	14.344053268432617
218.75473022460938	172.77389526367188	14.267903327941895	14.267903327941895
220.13809204101562	172.37950134277344	14.13683795928955	14.13683795928955
220.6211700439453	173.15908813476562	14.07989501953125	14.07989501953125
221.6485595703125	171.33120727539062	14.117757797241211	14.117757797241211
224.222412109375	169.9684295654297	14.1929931640625	14.1929931640625
221.7970428466797	172.31375122070312	14.21459674835205	14.21459674835205
221.922119140625	173.07833862304688	14.193296432495117	14.193296432495117
221.3697509765625	173.5030059814453	14.555705070495605	14.555705070495605
221.11502075195312	173.97186279296875	14.7108154296875	14.7108154296875
221.060546875	173.46023559570312	14.603866577148438	14.603866577148438
220.84439086914062	174.2364501953125	14.698366165161133	14.698366165161133
220.4850616455078	174.7340850830078	15.038060188293457	15.038060188293457
219.83108520507812	174.63558959960938	15.436511039733887	15.436511039733887
219.60995483398438	174.3750457763672	15.517118453979492	15.517118453979492
218.4277801513672	175.3099365234375	15.708946228027344	15.708946228027344
218.8679962158203	176.04269409179688	15.837246894836426	15.837246894836426
218.0380859375	176.2760467529297	15.938786506652832	15.938786506652832
216.8400421142578	176.12591552734375	16.211742401123047	16.211742401123047
217.12094116210938	175.32322692871094	16.09345245361328	16.09345245361328
218.17941284179688	174.8749237060547	16.201587677001953	16.201587677001953
218.23660278320312	174.72325134277344	16.085973739624023	16.085973739624023
218.78103637695312	175.07371520996094	16.18008041381836	16.18008041381836
218.8693084716797	175.99732971191406	16.207923889160156	16.207923889160156
219.33419799804688	176.84408569335938	16.33187484741211	16.33187484741211
220.23648071289062	177.79092407226562	16.42825698852539	16.42825698852539
219.917724609375	178.94705200195312	16.64389419555664	16.64389419555664
220.7853546142578	178.7854461669922	16.583587646484375	16.583587646484375
220.78848266601562	178.63177490234375	16.611156463623047	16.611156463623047
220.9822998046875	178.7709197998047	16.628713607788086	16.628713607788086
222.3131103515625	179.6874542236328	16.646869659423828	16.646869659423828
222.40933227539062	180.11582946777344	16.428504943847656	16.428504943847656
222.92263793945312	179.81283569335938	16.51400375366211	16.51400375366211
223.9263916015625	179.7156982421875	16.510822296142578	16.510822296142578
224.1285400390625	178.96726989746094	16.610149383544922	16.610149383544922
226.6964111328125	178.14784240722656	16.8514461517334	16.8514461517334
227.93942260742188	177.87413024902344	17.07209014892578	17.07209014892578
228.87258911132812	177.7451171875	17.314685821533203	17.314685821533203
230.57681274414062	178.09066772460938	17.472028732299805	17.472028732299805
231.15225219726562	178.011474609375	17.605390548706055	17.605390548706055
231.58859252929688	177.8839874267578	17.61151123046875	17.61151123046875
232.7192840576172	178.12863159179688	17.395421981811523	17.395421981811523
233.7439422607422	177.6002197265625	17.15814781188965	17.15814781188965
236.2989959716797	178.07467651367188	16.514636993408203	16.514636993408203
237.1036376953125	177.58401489257812	16.130870819091797	16.130870819091797
236.49212646484375	176.43939208984375	15.584634780883789	17.889883041381836
241.08419799804688	175.63845825195312	15.247706413269043	17.50311851501465
233.0	126.0	9.0	12.0
232.0708465576172	126.3414077758789	10.0	11.91454792022705
231.52310180664062	126.6424331665039	10.11069393157959	11.91716194152832
260.0	170.0	8.0	9.0
261.0	170.0	7.0	8.0
261.0	170.0	7.0	8.0
259.18414306640625	168.9208221435547	10.0	10.0
259.0	169.0	9.0	10.0
257.8746643066406	167.36207580566406	10.0	10.029561042785645
258.0132141113281	166.69967651367188	10.098249435424805	10.11036491394043
258.00885009765625	167.21145629882812	10.094532012939453	10.101844787597656
257.38336181640625	167.39024353027344	10.152803421020508	10.15726089477539
257.5858154296875	167.441650390625	10.173365592956543	10.17607593536377
257.4585266113281	167.121337890625	10.0516996383667	10.053312301635742
258.2419738769531	167.22921752929688	10.131452560424805	10.13243579864502
257.521728515625	167.72122192382812	10.068238258361816	10.068826675415039
257.7837829589844	168.1011199951172	10.097935676574707	10.098291397094727
257.7917785644531	168.1045379638672	10.120088577270508	10.120304107666016
232.0	126.0	8.0	10.0
231.82431030273438	127.10594177246094	10.0	10.176704406738281
231.52780151367188	127.39180755615234	10.118571281433105	10.275699615478516
231.59780883789062	126.7049560546875	10.242344856262207	10.386236190795898
231.54751586914062	127.19013977050781	10.416031837463379	10.562362670898438
231.46310424804688	127.18342590332031	10.600149154663086	10.749066352844238
231.9352264404297	127.12730407714844	10.551305770874023	10.69953727722168
231.8444366455078	127.18497467041016	10.450419425964355	10.597234725952148
231.82907104492188	126.94873046875	10.513910293579102	10.661617279052734
232.0665283203125	126.80635070800781	10.547399520874023	10.695576667785645
232.5660400390625	127.2027359008789	10.475564956665039	10.622732162475586
232.52322387695312	127.2451400756836	10.460770606994629	10.6077299118042
233.0090789794922	126.96080017089844	10.449056625366211	10.595850944519043
232.4105682373047	126.72120666503906	10.659687995910645	10.809441566467285
232.72665405273438	127.1241683959961	10.462061882019043	10.609040260314941
234.0	126.0	7.0	11.0
232.60791015625	126.5313491821289	10.0	11.2175874710083
232.94766235351562	126.81941223144531	10.080084800720215	11.104272842407227
232.39306640625	126.96931457519531	10.291836738586426	11.337539672851562
232.6473388671875	126.81787109375	10.32204532623291	11.369532585144043
232.9314422607422	126.76094055175781	10.29375171661377	11.330703735351562
232.7549591064453	126.8077621459961	10.306207656860352	11.344412803649902
232.67825317382812	126.92411041259766	10.306787490844727	11.345049858093262
232.8287353515625	126.77398681640625	10.424357414245605	11.474462509155273
232.78463745117188	126.52911376953125	10.49506664276123	11.548249244689941
233.5142822265625	126.86982727050781	10.52565860748291	11.581911087036133
232.87710571289062	126.4403305053711	10.42663288116455	11.472947120666504
232.8248748779297	126.65141296386719	10.430200576782227	11.476872444152832
232.66708374023438	126.8420639038086	10.495506286621094	11.548730850219727
232.46875	126.46728515625	10.48533821105957	11.537542343139648
232.7111358642578	126.61705017089844	10.368917465209961	11.409439086914062
232.903076171875	126.46733093261719	10.328027725219727	11.3369722366333
232.81417846679688	126.7896499633789	10.419161796569824	11.43700885772705
233.3695526123047	126.5847396850586	10.407349586486816	11.424043655395508
232.71847534179688	126.9980697631836	10.516349792480469	11.524320602416992
232.90087890625	126.46937561035156	10.602577209472656	11.618812561035156
232.943359375	126.60453796386719	10.465402603149414	11.468490600585938
233.5473175048828	126.9996109008789	10.690835952758789	11.715531349182129
234.0156707763672	126.7961654663086	10.786280632019043	11.820124626159668
235.77243041992188	126.5671157836914	10.997610092163086	12.05171012878418
238.05685424804688	126.8206787109375	10.937981605529785	11.98636531829834
241.4515380859375	126.4789047241211	10.88484001159668	11.928130149841309
245.80447387695312	126.63816833496094	10.862173080444336	11.903289794921875
249.4976043701172	126.97270202636719	10.713232040405273	11.740072250366211
252.9442901611328	126.53067779541016	10.873263359069824	11.91544246673584
256.75274658203125	126.8684310913086	10.801526069641113	11.836830139160156
260.08367919921875	126.86845397949219	10.84371566772461	11.883063316345215
263.4482421875	127.19126892089844	10.593846321105957	11.609243392944336
267.83282470703125	127.06990051269531	10.515689849853516	11.523595809936523
272.4957580566406	127.26090240478516	10.658143997192383	11.679704666137695
275.86065673828125	127.21818542480469	10.800946235656738	11.836194038391113
278.9247131347656	127.03741455078125	10.77038288116455	11.802700996398926
281.5851745605469	127.22761535644531	10.669662475585938	11.692326545715332
284.3440856933594	127.70858001708984	10.702439308166504	11.72824478149414
287.11041259765625	127.38895416259766	10.561568260192871	11.573872566223145
288.56207275390625	127.57669830322266	10.506372451782227	11.513387680053711
288.55419921875	126.83419036865234	10.580827713012695	11.594980239868164
287.56793212890625	127.9462890625	10.67467212677002	11.697818756103516
287.1729431152344	127.21946716308594	10.612277030944824	11.629444122314453
286.701171875	127.97673034667969	10.418539047241211	11.417136192321777
286.75885009765625	127.95878601074219	10.413941383361816	11.412097930908203
286.7301025390625	128.14224243164062	10.309114456176758	11.27570915222168
286.20819091796875	128.16824340820312	10.277348518371582	11.24096393585205
286.552001953125	127.81291198730469	10.152689933776855	11.058231353759766
286.70172119140625	127.8860855102539	10.177364349365234	11.085105895996094
286.83856201171875	128.28863525390625	10.242341995239258	11.155879020690918
287.287841796875	128.6969451904297	10.24189281463623	11.137762069702148
287.06011962890625	128.51083374023438	10.44657039642334	11.360342979431152
286.7127990722656	129.03341674804688	10.432510375976562	11.345054626464844
287.19720458984375	128.8662567138672	10.515130043029785	11.434900283813477
287.22161865234375	128.57412719726562	10.599961280822754	11.527151107788086
287.03363037109375	128.4535369873047	10.474447250366211	11.390658378601074
287.1521911621094	129.04507446289062	10.543251037597656	11.465481758117676
287.53216552734375	128.63633728027344	10.323762893676758	11.226794242858887
287.538330078125	128.81886291503906	10.356172561645508	11.262038230895996
287.46368408203125	128.76333618164062	10.354302406311035	11.260004043579102
287.71710205078125	129.27481079101562	10.366388320922852	11.273147583007812
287.6263427734375	129.1573944091797	10.350996017456055	11.25640869140625
287.61749267578125	129.22116088867188	10.35372257232666	11.259373664855957
287.7666931152344	129.1230926513672	10.252321243286133	11.149102210998535
288.3150939941406	128.9191131591797	10.253296852111816	11.128157615661621
288.2934265136719	129.27362060546875	10.195809364318848	11.065486907958984
288.28680419921875	128.7613067626953	10.280500411987305	11.157402038574219
288.185546875	128.64041137695312	10.21328067779541	11.084447860717773
287.9626159667969	128.69906616210938	10.30974006652832	11.18913459777832
288.1383056640625	128.2154083251953	10.335891723632812	11.21751594543457
288.23040771484375	127.85212707519531	10.249794006347656	11.109796524047852
288.1029357910156	127.740478515625	10.168523788452148	11.021707534790039
288.04144287109375	128.05160522460938	10.138189315795898	10.919594764709473
288.25640869140625	127.99161529541016	10.163713455200195	10.926137924194336
288.3072814941406	128.29116821289062	10.095646858215332	10.826871871948242
288.1400451660156	128.05821228027344	10.177008628845215	10.913549423217773
288.0931701660156	127.8020248413086	10.191585540771484	10.830552101135254
288.3133544921875	128.09913635253906	10.096488952636719	10.679452896118164
288.1131286621094	127.97911071777344	10.064451217651367	10.566009521484375
288.0986022949219	127.83663177490234	10.013440132141113	10.4804048538208
288.19384765625	128.13978576660156	10.159212112426758	10.54719352722168
288.25360107421875	127.84776306152344	10.079261779785156	10.437589645385742
288.07537841796875	128.43348693847656	10.260963439941406	10.625749588012695
287.99127197265625	128.35110473632812	10.218759536743164	10.53283405303955
287.99444580078125	128.28981018066406	10.147958755493164	10.447851181030273
288.2514343261719	127.94218444824219	10.195862770080566	10.444149017333984
287.7060546875	128.38510131835938	10.224786758422852	10.463991165161133
287.9032287597656	128.47671508789062	10.346649169921875	10.57590389251709
287.8349914550781	128.64723205566406	10.303054809570312	10.501487731933594
287.48065185546875	128.158935546875	10.247612953186035	10.444977760314941
287.4689636230469	128.4638214111328	10.204955101013184	10.364550590515137
287.6444091796875	128.25515747070312	10.277787208557129	10.423418045043945
213.0	133.0	6.0	10.0
211.46646118164062	130.90530395507812	10.0	10.129182815551758
211.47079467773438	130.49400329589844	10.110316276550293	10.215087890625
211.18460083007812	130.7171173095703	10.177538871765137	10.26228141784668
211.5340576171875	130.40765380859375	10.123376846313477	10.174363136291504
211.3048095703125	132.00881958007812	10.205787658691406	10.251043319702148
211.26205444335938	131.43826293945312	10.209755897521973	10.23729133605957
211.44595336914062	131.2637481689453	10.173022270202637	10.18967056274414
211.3625946044922	131.64102172851562	10.122904777526855	10.136198043823242
211.14627075195312	131.57701110839844	10.345614433288574	10.356573104858398
210.8857879638672	132.12380981445312	10.621033668518066	10.632284164428711
210.46469116210938	132.2675323486328	10.905726432800293	10.917278289794922
210.8775634765625	132.7708740234375	10.922929763793945	10.934499740600586
211.1544189453125	132.1282196044922	10.977415084838867	10.989042282104492
210.87203979492188	132.16976928710938	10.962292671203613	10.97390365600586
210.73681640625	132.0917205810547	10.934239387512207	10.945821762084961
210.4748992919922	132.29664611816406	10.99046516418457	11.002106666564941
210.9516143798828	131.81289672851562	10.997613906860352	11.00926399230957
210.5560302734375	131.92941284179688	10.948720932006836	10.960318565368652
210.8629150390625	131.88803100585938	10.981158256530762	10.992791175842285
210.8697509765625	131.83657836914062	10.911628723144531	10.923187255859375
210.9179229736328	131.4843292236328	11.137345314025879	11.14914321899414
210.8977813720703	131.067626953125	10.977774620056152	10.98940372467041
211.0283966064453	131.5459747314453	11.025090217590332	11.036767959594727
210.682373046875	131.52749633789062	10.96536922454834	10.976984024047852
211.0232696533203	131.49984741210938	10.824545860290527	10.836010932922363
210.8531036376953	131.51272583007812	10.751774787902832	10.763162612915039
210.80758666992188	131.9046173095703	10.819672584533691	10.831131935119629
210.9605712890625	131.7842559814453	10.691472053527832	10.702795028686523
211.3706817626953	131.5027313232422	10.555875778198242	10.567054748535156
211.14999389648438	131.63314819335938	10.341191291809082	10.352142333984375
211.33792114257812	131.7928466796875	10.240405082702637	10.249130249023438
211.19058227539062	131.97344970703125	10.223153114318848	10.228455543518066
211.1263427734375	131.7601776123047	10.229467391967773	10.233736038208008
211.4636688232422	131.6649627685547	10.109891891479492	10.113276481628418
211.2440185546875	131.5731201171875	10.053078651428223	10.054434776306152
211.4318389892578	131.79653930664062	10.169190406799316	10.169753074645996
211.6044158935547	131.923828125	10.074228286743164	10.074453353881836
211.3998565673828	132.17239379882812	10.051840782165527	10.051886558532715
211.51669311523438	132.32424926757812	10.086599349975586	10.086627006530762
211.34048461914062	132.4422149658203	10.056975364685059	10.056986808776855
211.50912475585938	131.98165893554688	10.215835571289062	10.215846061706543
211.63204956054688	132.55960083007812	10.18565559387207	10.185661315917969
211.41159057617188	132.44822692871094	10.227935791015625	10.227941513061523
211.59103393554688	132.5073699951172	10.322430610656738	10.322436332702637
211.74569702148438	131.80294799804688	10.30930233001709	10.309309005737305
211.7180938720703	132.26760864257812	10.312042236328125	10.312047958374023
211.40542602539062	132.50132751464844	10.530118942260742	10.530123710632324
211.47164916992188	132.62991333007812	10.510785102844238	10.51078987121582
211.48220825195312	132.6722412109375	10.572876930236816	10.572880744934082
211.78515625	132.68283081054688	10.534626960754395	10.53463077545166
211.84249877929688	132.5358428955078	10.68870735168457	10.68871021270752
212.16781616210938	132.2784423828125	10.674373626708984	10.67437744140625
212.2538604736328	132.70791625976562	10.592435836791992	10.592439651489258
212.02529907226562	132.4334716796875	10.424378395080566	10.424382209777832
212.43283081054688	132.74560546875	10.305219650268555	10.305222511291504
212.6939697265625	132.8455810546875	10.180994033813477	10.18099594116211
212.9595184326172	133.15135192871094	10.14330005645752	10.14330005645752
212.756591796875	132.1638641357422	10.267122268676758	10.267122268676758
213.3629150390625	132.10867309570312	10.286242485046387	10.286242485046387
212.6466827392578	132.45736694335938	10.31275749206543	10.31275749206543
213.28402709960938	132.67941284179688	10.371953964233398	10.371953964233398
213.69143676757812	132.07591247558594	10.332117080688477	10.332117080688477
213.7438201904297	131.42660522460938	10.467206954956055	10.467206954956055
213.8561248779297	131.79583740234375	10.304178237915039	10.304178237915039
214.01010131835938	131.977783203125	10.1499605178833	10.1499605178833
214.3842315673828	131.90505981445312	10.318876266479492	10.318876266479492
214.3513641357422	131.6243133544922	10.204145431518555	10.204145431518555
214.27230834960938	131.7694549560547	10.173873901367188	10.173873901367188
214.5869598388672	132.82907104492188	10.171197891235352	10.171197891235352
214.46127319335938	132.04312133789062	10.142203330993652	10.142203330993652
214.5125732421875	132.2904052734375	10.268449783325195	10.268449783325195
214.59927368164062	132.34805297851562	10.333992958068848	10.333992958068848
214.6316375732422	132.29501342773438	10.592164993286133	10.592164993286133
215.260986328125	132.12158203125	10.716352462768555	10.716352462768555
215.16162109375	132.38356018066406	10.8660306930542	10.8660306930542
215.0948944091797	132.1847686767578	10.952795028686523	10.952795028686523
215.25448608398438	131.7416534423828	10.85496711730957	10.85496711730957
215.8164520263672	132.52366638183594	10.758560180664062	10.758560180664062
216.00595092773438	132.52017211914062	10.8151216506958	10.8151216506958
216.1524200439453	132.58792114257812	10.71409797668457	10.71409797668457
216.68399047851562	132.70179748535156	10.579483032226562	10.579483032226562
216.9028778076172	132.42092895507812	10.631657600402832	10.631657600402832
217.21548461914062	132.65664672851562	10.614990234375	10.614990234375
217.3037872314453	132.0727081298828	10.451810836791992	10.451810836791992
217.88134765625	132.1081085205078	10.427103042602539	10.427103042602539
218.0577392578125	132.03506469726562	10.382688522338867	10.382688522338867
217.99661254882812	132.24472045898438	10.376575469970703	10.376575469970703
218.44949340820312	132.0142059326172	10.448190689086914	10.448190689086914
218.3671875	131.77682495117188	10.448532104492188	10.448532104492188
218.6765899658203	131.87686157226562	10.590096473693848	10.590096473693848
218.93350219726562	132.0143585205078	10.451128005981445	10.451128005981445
219.09103393554688	131.86984252929688	10.259360313415527	10.259360313415527
218.7342529296875	131.5611114501953	10.377901077270508	10.377901077270508
218.91055297851562	131.5983428955078	10.39722728729248	10.39722728729248
218.69921875	131.44482421875	10.332404136657715	10.332404136657715
218.8722686767578	131.49282836914062	10.472999572753906	10.472999572753906
218.92745971679688	131.77822875976562	10.492533683776855	10.492533683776855
219.0088348388672	131.8577423095703	10.613466262817383	10.613466262817383
218.993896484375	131.9209442138672	10.780147552490234	10.780147552490234
218.4645538330078	131.7239990234375	10.96409797668457	10.96409797668457
218.74673461914062	131.9560546875	11.173551559448242	11.173551559448242
218.3045196533203	131.8250732421875	11.062590599060059	11.062590599060059
218.8271942138672	131.08367919921875	11.1734037399292	11.1734037399292
218.70458984375	130.50405883789062	11.182802200317383	11.182802200317383
218.77658081054688	130.82745361328125	11.417791366577148	11.417791366577148
219.5621795654297	130.88150024414062	11.45214557647705	11.45214557647705
219.13497924804688	131.39590454101562	11.600777626037598	11.600777626037598
219.15444946289062	131.80911254882812	11.65394115447998	11.65394115447998
218.7537078857422	132.33004760742188	11.81867790222168	11.81867790222168
218.84280395507812	132.59286499023438	11.90298843383789	11.90298843383789
219.4188232421875	132.49282836914062	12.03445816040039	12.03445816040039
218.66311645507812	132.1043701171875	12.247648239135742	12.247648239135742
218.43563842773438	131.66879272460938	12.433457374572754	12.433457374572754
218.8241729736328	130.86680603027344	12.284571647644043	12.284571647644043
218.783203125	130.74343872070312	12.341564178466797	12.341564178466797
218.1898956298828	130.45919799804688	12.429899215698242	12.429899215698242
217.9905242919922	130.44496154785156	12.546564102172852	12.546564102172852
218.147705078125	131.34793090820312	12.513224601745605	12.513224601745605
218.1376953125	131.62515258789062	12.667919158935547	12.667919158935547
218.02584838867188	132.26119995117188	12.625925064086914	12.625925064086914
217.86660766601562	132.42901611328125	12.744804382324219	12.744804382324219
217.96640014648438	132.7989959716797	12.582273483276367	12.582273483276367
217.6704864501953	132.32583618164062	12.6967191696167	12.6967191696167
217.9173126220703	131.8165283203125	12.517281532287598	12.517281532287598
217.9176025390625	131.1949005126953	12.52530574798584	12.52530574798584
218.361572265625	131.24806213378906	12.39355182647705	12.39355182647705
218.125	131.3731231689453	12.182400703430176	12.182400703430176
218.1884002685547	131.29736328125	12.143156051635742	12.143156051635742
217.88943481445312	131.90296936035156	12.199495315551758	12.199495315551758
217.7009735107422	132.2874298095703	12.262277603149414	12.262277603149414
217.7489013671875	133.12643432617188	12.090108871459961	12.090108871459961
217.74319458007812	132.78610229492188	12.091514587402344	12.091514587402344
217.28054809570312	132.61605834960938	11.923066139221191	11.923066139221191
216.97280883789062	132.51620483398438	11.947562217712402	11.947562217712402
217.40249633789062	131.44102478027344	11.976391792297363	11.976391792297363
216.67251586914062	130.85089111328125	11.87647819519043	11.87647819519043
216.68991088867188	130.9573974609375	11.647734642028809	11.647734642028809
217.3524932861328	129.9942626953125	11.625423431396484	11.625423431396484
217.12240600585938	130.03782653808594	11.543221473693848	11.543221473693848
217.3817901611328	129.974365234375	11.465497016906738	11.465497016906738
217.9653778076172	129.42202758789062	11.274995803833008	11.274995803833008
218.516845703125	128.61550903320312	11.214197158813477	11.214197158813477
219.3402099609375	127.3454360961914	11.328407287597656	11.328407287597656
219.2642059326172	124.85231018066406	11.384136199951172	11.384136199951172
220.2401123046875	120.6079330444336	11.5647554397583	11.5647554397583
221.3917999267578	115.81050109863281	11.470815658569336	11.470815658569336
223.271240234375	109.98530578613281	11.47920036315918	11.47920036315918
223.9530487060547	105.37982177734375	11.547666549682617	11.547666549682617
224.2510223388672	100.80286407470703	11.52942943572998	11.52942943572998
224.55361938476562	96.52198028564453	11.654598236083984	11.654598236083984
225.9808349609375	91.57899475097656	11.730676651000977	11.730676651000977
226.49838256835938	87.0940170288086	11.784823417663574	11.784823417663574
226.8966064453125	82.8078842163086	11.873540878295898	11.873540878295898
226.9853973388672	78.61556243896484	11.774113655090332	11.774113655090332
226.2616424560547	74.99491119384766	12.022384643554688	12.022384643554688
226.16787719726562	71.57938385009766	12.30064868927002	12.30064868927002
226.81912231445312	68.41590881347656	12.245277404785156	12.245277404785156
226.93798828125	65.56791687011719	12.130403518676758	12.130403518676758
226.4830322265625	63.922767639160156	12.223430633544922	12.223430633544922
226.6766815185547	62.3399772644043	12.161426544189453	12.161426544189453
226.740966796875	61.291053771972656	12.300114631652832	12.300114631652832
226.69424438476562	60.840858459472656	12.265201568603516	12.265201568603516
227.33047485351562	59.58250045776367	12.377249717712402	12.377249717712402
227.0564727783203	57.536712646484375	12.670833587646484	12.670833587646484
227.52224731445312	55.43357467651367	12.744215965270996	12.744215965270996
227.5286102294922	53.0905647277832	12.794581413269043	12.794581413269043
228.4645538330078	51.108642578125	12.66651725769043	12.66651725769043
228.52944946289062	48.07786560058594	12.803396224975586	12.803396224975586
228.6677703857422	45.649906158447266	13.100431442260742	13.100431442260742
229.3767852783203	42.68668746948242	13.163469314575195	13.163469314575195
229.24911499023438	40.19226837158203	13.120885848999023	13.120885848999023
229.99130249023438	38.66625213623047	12.878994941711426	12.878994941711426
230.1772918701172	36.23029708862305	12.869932174682617	12.869932174682617
229.976806640625	35.41073989868164	12.883455276489258	12.883455276489258
229.8777313232422	34.06969451904297	12.844261169433594	12.844261169433594
229.65493774414062	32.831947326660156	12.768585205078125	12.768585205078125
229.6106414794922	31.350194931030273	12.881523132324219	12.881523132324219
230.3885040283203	29.738515853881836	12.85896110534668	12.85896110534668
230.5453643798828	28.36199378967285	12.876734733581543	12.876734733581543
230.79635620117188	27.66396141052246	12.877975463867188	12.877975463867188
231.02731323242188	27.366352081298828	12.647832870483398	12.647832870483398
230.41885375976562	27.967334747314453	12.724309921264648	12.724309921264648
230.60836791992188	28.854557037353516	12.716767311096191	12.716767311096191
230.6805419921875	29.781940460205078	12.743425369262695	12.743425369262695
230.99453735351562	31.086185455322266	12.601957321166992	12.601957321166992
230.1189727783203	30.841567993164062	12.633922576904297	12.633922576904297
230.45596313476562	31.2110595703125	12.563222885131836	12.563222885131836
230.4565887451172	30.9161319732666	12.468172073364258	12.468172073364258
230.40603637695312	30.923791885375977	12.409820556640625	12.409820556640625
230.23098754882812	31.693218231201172	12.221992492675781	12.221992492675781
230.6798858642578	32.0672492980957	12.102027893066406	12.102027893066406
230.7174530029297	33.07082748413086	12.086172103881836	12.086172103881836
230.8912811279297	33.9974365234375	12.047508239746094	12.047508239746094
231.2168426513672	34.9901008605957	12.053184509277344	12.053184509277344
230.6488494873047	35.63187026977539	12.173547744750977	12.173547744750977
231.1627655029297	36.36534118652344	12.247198104858398	12.247198104858398
231.2173309326172	36.64175796508789	12.195751190185547	12.195751190185547
231.3597412109375	37.82182693481445	12.241294860839844	12.241294860839844
231.8057861328125	37.94713592529297	12.06306266784668	12.06306266784668
232.0278778076172	37.742210388183594	12.143506050109863	12.143506050109863
231.7610626220703	37.723636627197266	12.02856159210205	12.02856159210205
231.75732421875	37.39094543457031	12.04471206665039	12.04471206665039
231.7949981689453	37.07848358154297	12.196182250976562	12.196182250976562
231.6929931640625	36.989112854003906	12.171906471252441	12.171906471252441
232.2718048095703	36.474735260009766	12.254709243774414	12.254709243774414
232.5318145751953	35.61787033081055	12.233344078063965	12.233344078063965
232.9263153076172	35.47151565551758	12.271484375	12.271484375
232.6221160888672	34.89411163330078	12.413617134094238	12.413617134094238
232.3151397705078	34.703861236572266	12.353690147399902	12.353690147399902
232.4777374267578	34.445213317871094	12.406881332397461	12.406881332397461
232.4934539794922	34.1641960144043	12.319705963134766	12.319705963134766
232.77713012695312	33.98869705200195	12.08142375946045	12.08142375946045
232.89883422851562	33.394588470458984	12.273538589477539	12.273538589477539
232.8145751953125	32.82526779174805	12.449862480163574	12.449862480163574
233.5345001220703	33.10544204711914	12.25988483428955	12.25988483428955
232.8495635986328	32.94084548950195	12.130971908569336	12.130971908569336
233.03775024414062	32.816139221191406	12.098495483398438	12.098495483398438
233.1073455810547	32.89263916015625	12.079483985900879	12.079483985900879
233.0048065185547	32.67640686035156	12.14709186553955	12.14709186553955
233.2919464111328	33.00208282470703	12.176939010620117	12.176939010620117
233.2455596923828	33.193153381347656	12.189647674560547	12.189647674560547
232.9893798828125	32.61054229736328	12.365976333618164	12.365976333618164
232.71762084960938	32.91044235229492	12.26801872253418	12.26801872253418
233.05142211914062	32.7876091003418	12.42440128326416	12.42440128326416
233.15341186523438	32.821388244628906	12.323535919189453	12.323535919189453
233.1396942138672	33.041015625	12.263888359069824	12.263888359069824
233.03610229492188	32.76670455932617	12.317089080810547	12.317089080810547
233.30953979492188	32.680870056152344	12.139004707336426	12.139004707336426
233.1529541015625	32.40153884887695	12.121416091918945	12.121416091918945
233.4083709716797	31.912307739257812	12.022600173950195	12.022600173950195
232.2030792236328	31.7408504486084	12.26327133178711	12.26327133178711
232.48580932617188	32.34452438354492	12.18307113647461	12.18307113647461
232.7790985107422	31.661407470703125	12.266410827636719	12.266410827636719
232.60693359375	31.826171875	12.304448127746582	12.304448127746582
233.33010864257812	31.98470687866211	12.186811447143555	12.186811447143555
232.7689971923828	32.115726470947266	12.417834281921387	12.417834281921387
232.188720703125	31.706829071044922	12.419916152954102	12.419916152954102
232.1060333251953	31.4553165435791	12.7062406539917	12.7062406539917
232.1072235107422	31.61697006225586	12.6228666305542	12.6228666305542
232.4659423828125	31.186288833618164	12.721214294433594	12.721214294433594
232.1901397705078	31.71784019470215	12.713454246520996	12.713454246520996
231.9709014892578	31.512706756591797	12.683403015136719	12.683403015136719
232.0374755859375	31.27422523498535	12.832392692565918	12.832392692565918
231.51589965820312	31.824630737304688	12.748929977416992	12.748929977416992
231.523193359375	31.66242027282715	12.691389083862305	12.691389083862305
232.3950653076172	31.583621978759766	12.379915237426758	12.379915237426758
231.7161102294922	31.687145233154297	12.046704292297363	12.046704292297363
231.44253540039062	31.72686195373535	12.009256362915039	12.009256362915039
231.1256103515625	32.2085075378418	12.033170700073242	12.033170700073242
231.2006072998047	32.23567581176758	12.003881454467773	12.003881454467773
231.1362762451172	32.08196258544922	11.860136032104492	11.860136032104492
231.19607543945312	32.168121337890625	11.921380043029785	11.921380043029785
230.7222137451172	32.35772705078125	11.945021629333496	11.945021629333496
230.64010620117188	32.41294479370117	12.086657524108887	12.086657524108887
230.4580078125	32.60115432739258	12.08607292175293	12.08607292175293
230.6036834716797	33.117252349853516	12.121036529541016	12.121036529541016
230.2375030517578	32.92768096923828	12.033966064453125	12.033966064453125
229.6152801513672	32.33799362182617	11.862622261047363	11.862622261047363
229.2115020751953	32.81666946411133	12.103358268737793	12.103358268737793
229.3826446533203	32.7169189453125	11.88352108001709	11.88352108001709
229.4888916015625	32.450172424316406	11.972076416015625	11.972076416015625
228.92138671875	32.45991516113281	11.953218460083008	11.953218460083008
228.6723175048828	32.479061126708984	12.056013107299805	12.056013107299805
228.21694946289062	32.46733856201172	12.028663635253906	12.028663635253906
228.5462646484375	32.793731689453125	11.803094863891602	11.803094863891602
227.03634643554688	32.61071014404297	11.867281913757324	11.867281913757324
227.0840301513672	32.45458221435547	12.108298301696777	12.108298301696777
225.95889282226562	32.283233642578125	11.952083587646484	11.952083587646484
226.07229614257812	32.8265495300293	12.073481559753418	12.073481559753418
226.14669799804688	32.321144104003906	12.113011360168457	12.113011360168457
225.68862915039062	32.18203353881836	12.129101753234863	12.129101753234863
225.13778686523438	32.35837173461914	12.192107200622559	12.192107200622559
224.55776977539062	31.783416748046875	12.197128295898438	12.197128295898438
225.18984985351562	31.937719345092773	12.079676628112793	12.079676628112793
224.828857421875	31.828807830810547	12.078588485717773	12.078588485717773
225.10147094726562	31.594274520874023	12.067113876342773	12.067113876342773
224.90798950195312	32.197792053222656	12.006553649902344	12.006553649902344
224.78317260742188	32.006591796875	12.016862869262695	12.016862869262695
224.98123168945312	31.674175262451172	12.156457901000977	12.156457901000977
224.04501342773438	31.851947784423828	12.168436050415039	12.168436050415039
224.2875518798828	32.00420379638672	12.02883243560791	12.02883243560791
224.516357421875	32.111019134521484	11.92895793914795	11.92895793914795
224.5052490234375	32.22814178466797	11.921821594238281	11.921821594238281
223.6862335205078	31.711223602294922	12.004444122314453	12.004444122314453
223.6595916748047	31.922067642211914	12.186111450195312	12.186111450195312
223.34292602539062	31.3073787689209	12.071329116821289	12.071329116821289
223.3507843017578	31.297710418701172	11.915700912475586	11.915700912475586
223.3140106201172	31.389156341552734	11.860422134399414	11.860422134399414
222.9224853515625	31.44685935974121	11.837579727172852	11.837579727172852
223.25271606445312	31.242137908935547	11.813150405883789	11.813150405883789
223.495849609375	31.35603904724121	11.690272331237793	11.690272331237793
223.07174682617188	31.24957847595215	11.699960708618164	11.699960708618164
223.0884552001953	31.049671173095703	11.67254638671875	11.67254638671875
224.02926635742188	31.810779571533203	11.702388763427734	11.702388763427734
226.54647827148438	33.45360565185547	11.655594825744629	11.655594825744629
226.7974090576172	36.37211608886719	11.594801902770996	11.594801902770996
225.4559326171875	37.678001403808594	11.476888656616211	11.476888656616211
222.89340209960938	36.99782180786133	11.572493553161621	11.572493553161621
221.29248046875	36.450382232666016	11.520248413085938	11.520248413085938
220.39663696289062	36.27592849731445	11.706220626831055	11.706220626831055
218.1094512939453	37.708980560302734	11.733050346374512	11.733050346374512
218.71939086914062	33.5537223815918	12.044629096984863	12.044629096984863
221.99191284179688	31.225849151611328	11.817365646362305	11.817365646362305
221.7672119140625	31.097881317138672	11.94163703918457	11.94163703918457
221.610107421875	31.141040802001953	11.974252700805664	11.974252700805664
221.66055297851562	30.845956802368164	11.944791793823242	11.944791793823242
221.0455322265625	30.817092895507812	11.993613243103027	11.993613243103027
221.34860229492188	31.112262725830078	11.919817924499512	11.919817924499512
221.3605194091797	30.97954750061035	11.983329772949219	11.983329772949219
221.4438934326172	30.874547958374023	11.943256378173828	11.943256378173828
221.64810180664062	30.830581665039062	11.931124687194824	11.931124687194824
222.1175994873047	30.786876678466797	11.812783241271973	11.812783241271973
221.56576538085938	30.623291015625	11.946585655212402	11.946585655212402
221.57260131835938	30.627771377563477	11.827823638916016	11.827823638916016
221.501953125	30.316741943359375	11.75728702545166	11.75728702545166
221.6956787109375	30.17618751525879	11.537108421325684	11.537108421325684
221.51705932617188	30.07914161682129	11.645591735839844	11.645591735839844
221.7799835205078	30.073144912719727	11.755663871765137	11.755663871765137
221.7740936279297	30.133556365966797	11.698433876037598	11.698433876037598
222.13864135742188	30.13425636291504	11.90943717956543	11.90943717956543
221.64041137695312	29.79715347290039	11.92944622039795	11.92944622039795
221.9568328857422	29.9266300201416	11.907675743103027	11.907675743103027
221.88671875	30.127477645874023	11.790059089660645	11.790059089660645
222.0314483642578	29.83853530883789	11.737876892089844	11.737876892089844
221.8172607421875	30.098751068115234	11.652615547180176	11.652615547180176
221.96694946289062	29.435537338256836	11.726734161376953	11.726734161376953
221.7447509765625	29.10770034790039	11.85823917388916	11.85823917388916
222.20175170898438	29.317962646484375	11.760449409484863	11.760449409484863
221.8179931640625	29.365121841430664	11.742561340332031	11.742561340332031
221.984130859375	29.30816650390625	11.816202163696289	11.816202163696289
222.0574188232422	29.031896591186523	11.589752197265625	11.589752197265625
222.2321014404297	29.29153060913086	11.415811538696289	11.415811538696289
221.9387664794922	29.07912254333496	11.584741592407227	11.584741592407227
221.9679718017578	29.06882095336914	11.524538040161133	11.524538040161133
221.8101043701172	29.23208999633789	11.385343551635742	11.385343551635742
221.950927734375	29.022899627685547	11.378585815429688	11.378585815429688
222.3056640625	28.747873306274414	11.468589782714844	11.468589782714844
221.9678955078125	29.485748291015625	11.375268936157227	11.375268936157227
222.1294403076172	29.10512924194336	11.455058097839355	11.455058097839355
221.4779815673828	29.293975830078125	11.471376419067383	11.471376419067383
222.1979522705078	29.485803604125977	11.309611320495605	11.309611320495605
222.33895874023438	28.817163467407227	11.207725524902344	11.207725524902344
221.85366821289062	29.42184829711914	11.167458534240723	11.167458534240723
222.1014404296875	29.053634643554688	11.148233413696289	11.148233413696289
221.94277954101562	29.17989730834961	11.213506698608398	11.213506698608398
221.6838836669922	29.097171783447266	11.212461471557617	11.212461471557617
221.8494415283203	29.339569091796875	11.215983390808105	11.215983390808105
221.93002319335938	29.121639251708984	11.1653413772583	11.1653413772583
222.22927856445312	29.334911346435547	11.008440017700195	11.008440017700195
221.9796142578125	29.08640480041504	11.18476390838623	11.18476390838623
221.7782440185547	29.234325408935547	11.115389823913574	11.115389823913574
221.76480102539062	29.22372055053711	11.22165584564209	11.22165584564209
221.69577026367188	29.246362686157227	11.153669357299805	11.153669357299805
221.8488311767578	29.71112060546875	10.977730751037598	10.977730751037598
221.725830078125	29.322086334228516	10.84247875213623	10.84247875213623
221.66476440429688	29.36603355407715	10.841564178466797	10.841564178466797
221.55661010742188	29.64699363708496	10.829506874084473	10.829506874084473
221.5478515625	29.219860076904297	10.817808151245117	10.817808151245117
221.7758331298828	29.34334373474121	10.859025955200195	10.859025955200195
221.12490844726562	29.306442260742188	10.978872299194336	10.978872299194336
221.28564453125	29.054107666015625	11.07898998260498	11.07898998260498
221.4109344482422	29.428909301757812	10.924337387084961	10.924337387084961
221.310546875	29.589981079101562	10.782490730285645	10.782490730285645
220.9867401123047	29.337533950805664	10.68774127960205	10.68774127960205
221.20352172851562	29.27020835876465	10.86237621307373	10.86237621307373
221.3184814453125	29.393102645874023	10.851086616516113	10.851086616516113
220.96621704101562	29.159149169921875	10.871111869812012	10.871111869812012
220.942626953125	29.013427734375	10.73744010925293	10.73744010925293
221.01693725585938	29.322704315185547	10.562807083129883	10.562807083129883
220.6609649658203	29.637304306030273	10.701667785644531	10.701667785644531
220.4884796142578	29.188976287841797	10.8088960647583	10.8088960647583
220.38778686523438	29.006793975830078	10.995369911193848	10.995369911193848
220.403564453125	29.433834075927734	11.037727355957031	11.037727355957031
220.3994903564453	29.219970703125	11.209733963012695	11.209733963012695
220.29818725585938	29.450363159179688	11.082808494567871	11.082808494567871
220.0106201171875	29.089763641357422	11.02684497833252	11.02684497833252
219.9728240966797	29.237323760986328	10.901832580566406	10.901832580566406
219.77493286132812	29.421213150024414	10.916133880615234	10.916133880615234
220.19174194335938	29.266605377197266	10.949869155883789	10.949869155883789
219.484130859375	29.027267456054688	11.17660903930664	11.17660903930664
218.9365234375	29.0758056640625	11.244028091430664	11.244028091430664
219.0884246826172	29.367284774780273	11.323081970214844	11.323081970214844
218.95913696289062	29.09760093688965	11.215967178344727	11.215967178344727
219.16653442382812	28.67361831665039	11.446222305297852	11.446222305297852
218.7200469970703	28.849803924560547	11.38188362121582	11.38188362121582
218.61227416992188	28.79904556274414	11.407041549682617	11.407041549682617
218.4939422607422	28.7386474609375	11.30782699584961	11.30782699584961
218.27804565429688	28.72455406188965	11.350013732910156	11.350013732910156
218.3626708984375	28.87994384765625	11.400594711303711	11.400594711303711
218.32186889648438	28.888803482055664	11.309465408325195	11.309465408325195
218.15576171875	29.094141006469727	11.550652503967285	11.550652503967285
217.72286987304688	28.837982177734375	11.545330047607422	11.545330047607422
217.9509735107422	29.0295467376709	11.60957145690918	11.60957145690918
217.84927368164062	29.035491943359375	11.674799919128418	11.674799919128418
217.9446563720703	28.800405502319336	11.605216026306152	11.605216026306152
218.0416717529297	28.83254623413086	11.476386070251465	11.476386070251465
218.0020751953125	28.730602264404297	11.481039047241211	11.481039047241211
218.2642822265625	28.9956111907959	11.53032112121582	11.53032112121582
218.1980743408203	28.709863662719727	11.293803215026855	11.293803215026855
218.1160125732422	28.6241455078125	11.432035446166992	11.432035446166992
218.3032684326172	28.581655502319336	11.274544715881348	11.274544715881348
218.3931884765625	28.26377296447754	11.26458740234375	11.26458740234375
218.22787475585938	28.668346405029297	11.226292610168457	11.226292610168457
218.2588653564453	28.184253692626953	11.19618034362793	11.19618034362793
218.5869903564453	28.600326538085938	11.272653579711914	11.272653579711914
218.5927734375	27.900793075561523	11.356614112854004	11.356614112854004
218.45028686523438	27.910888671875	11.344932556152344	11.344932556152344
218.36465454101562	28.161754608154297	11.323148727416992	11.323148727416992
218.14584350585938	28.013423919677734	11.480000495910645	11.480000495910645
217.99093627929688	27.795578002929688	11.572087287902832	11.572087287902832
217.5693817138672	28.242431640625	11.679222106933594	11.679222106933594
217.74307250976562	28.052404403686523	11.624574661254883	11.624574661254883
217.8372039794922	27.749523162841797	11.652750968933105	11.652750968933105
217.665771484375	28.058513641357422	11.743037223815918	11.743037223815918
217.3011016845703	27.92245101928711	11.96618938446045	11.96618938446045
216.98544311523438	27.651988983154297	11.867274284362793	11.867274284362793
217.0536346435547	27.618412017822266	11.871064186096191	11.871064186096191
217.0962677001953	27.941497802734375	11.82482624053955	11.82482624053955
216.8322296142578	27.29754638671875	11.75004768371582	11.75004768371582
216.85580444335938	27.203594207763672	11.80380916595459	11.80380916595459
216.8710479736328	27.171167373657227	11.91161823272705	11.91161823272705
216.0589141845703	27.01495933532715	11.907188415527344	11.907188415527344
215.69137573242188	27.038930892944336	11.937901496887207	11.937901496887207
214.25619506835938	26.958995819091797	11.910725593566895	11.910725593566895
212.96694946289062	26.99027442932129	11.824960708618164	11.824960708618164
211.7774658203125	26.855886459350586	11.85029411315918	11.85029411315918
211.0150146484375	26.58793067932129	11.744657516479492	11.744657516479492
209.7509002685547	25.952899932861328	12.038315773010254	12.038315773010254
208.1083221435547	25.85134506225586	12.05845832824707	12.05845832824707
206.4910430908203	25.6341495513916	11.8307466506958	11.8307466506958
203.17822265625	26.220767974853516	11.659258842468262	11.659258842468262
201.8249969482422	26.549663543701172	11.503158569335938	11.503158569335938
199.58395385742188	26.209674835205078	11.516324043273926	11.516324043273926
198.5073699951172	25.845355987548828	11.52894115447998	11.52894115447998
197.9671630859375	25.683895111083984	11.612409591674805	11.612409591674805
197.8890380859375	25.05644989013672	11.761724472045898	11.761724472045898
198.02059936523438	25.375375747680664	11.718958854675293	11.718958854675293
196.62063598632812	25.07586097717285	11.742429733276367	11.742429733276367
196.0904083251953	25.24015235900879	11.672318458557129	11.672318458557129
195.88113403320312	25.577661514282227	11.625821113586426	11.625821113586426
195.86651611328125	25.259754180908203	11.434880256652832	11.434880256652832
195.8159942626953	25.535350799560547	11.492719650268555	11.492719650268555
195.8532257080078	25.66827964782715	11.564177513122559	11.564177513122559
195.6254425048828	25.64272117614746	11.64946174621582	11.64946174621582
195.48065185546875	25.779993057250977	11.582731246948242	11.582731246948242
195.1775665283203	25.70049476623535	11.785196304321289	11.785196304321289
194.7855224609375	25.53031349182129	11.871147155761719	11.871147155761719
194.90243530273438	25.728662490844727	11.786603927612305	11.786603927612305
194.87240600585938	25.64070701599121	11.575356483459473	11.575356483459473
194.92030334472656	25.9771785736084	11.436884880065918	11.436884880065918
194.52040100097656	25.656665802001953	11.450742721557617	11.450742721557617
194.69436645507812	25.706396102905273	11.333873748779297	11.333873748779297
194.76608276367188	25.994918823242188	11.46061897277832	11.46061897277832
194.6864471435547	25.820362091064453	11.504239082336426	11.504239082336426
194.72323608398438	25.85489273071289	11.58342170715332	11.58342170715332
194.90489196777344	26.199676513671875	11.52227783203125	11.52227783203125
194.25857543945312	25.91180992126465	11.641633987426758	11.641633987426758
193.98794555664062	26.109079360961914	11.635160446166992	11.635160446166992
193.79981994628906	26.362079620361328	11.536733627319336	11.536733627319336
194.29620361328125	26.099918365478516	11.3214111328125	11.3214111328125
194.25987243652344	26.10856056213379	11.454736709594727	11.454736709594727
193.76333618164062	25.550655364990234	11.696747779846191	11.696747779846191
193.95962524414062	25.895191192626953	11.779935836791992	11.779935836791992
193.8625946044922	26.32718849182129	11.702995300292969	11.702995300292969
192.81466674804688	26.519481658935547	11.687658309936523	11.687658309936523
192.3638458251953	26.272146224975586	11.64331340789795	11.64331340789795
191.87686157226562	26.850330352783203	11.726532936096191	11.726532936096191
192.02743530273438	27.80718994140625	11.67723560333252	11.67723560333252
190.83517456054688	27.188236236572266	11.720357894897461	11.720357894897461
190.13870239257812	27.500391006469727	11.770166397094727	11.770166397094727
190.89321899414062	26.61911964416504	11.564994812011719	11.564994812011719
191.7712860107422	27.09530258178711	11.537646293640137	11.537646293640137
190.1261444091797	25.486867904663086	11.500883102416992	11.500883102416992
189.4080047607422	26.563467025756836	11.401034355163574	11.401034355163574
189.7310028076172	26.764644622802734	11.412134170532227	11.412134170532227
188.58766174316406	26.320537567138672	11.550189018249512	11.550189018249512
188.95668029785156	25.9471492767334	11.467041015625	11.467041015625
188.17124938964844	25.707469940185547	11.351686477661133	11.351686477661133
188.29383850097656	25.748645782470703	11.304298400878906	11.304298400878906
188.0611572265625	25.847942352294922	11.295995712280273	11.295995712280273
188.07211303710938	26.0788516998291	11.418822288513184	11.418822288513184
188.44200134277344	25.54398536682129	11.54487133026123	11.54487133026123
187.84060668945312	25.876657485961914	11.5799560546875	11.5799560546875
185.78982543945312	27.920093536376953	11.50394058227539	11.50394058227539
187.44569396972656	26.714603424072266	11.535418510437012	11.535418510437012
187.81004333496094	26.2613468170166	11.482946395874023	11.482946395874023
187.80206298828125	26.379074096679688	11.252080917358398	11.252080917358398
186.94204711914062	26.37359619140625	11.453034400939941	11.453034400939941
186.4927978515625	26.027042388916016	11.644282341003418	11.644282341003418
186.62173461914062	26.345958709716797	11.816014289855957	11.816014289855957
185.45742797851562	26.53769302368164	11.914921760559082	11.914921760559082
185.13731384277344	25.997608184814453	12.118086814880371	12.118086814880371
184.92906188964844	25.649051666259766	12.287542343139648	12.287542343139648
185.7246856689453	26.64120101928711	12.283227920532227	12.283227920532227
182.62289428710938	26.603567123413086	12.345170021057129	12.345170021057129
177.83047485351562	26.274879455566406	13.960893630981445	15.554194450378418
181.93017578125	25.195518493652344	14.164695739746094	15.781255722045898
181.15097045898438	25.31686019897461	14.105066299438477	15.714820861816406
179.61636352539062	25.625	13.931078910827637	15.520977973937988
181.3419952392578	24.578275680541992	13.998886108398438	15.596524238586426
179.8378143310547	24.713327407836914	13.84868335723877	15.429179191589355
179.93603515625	24.892518997192383	13.534782409667969	15.079455375671387
180.16439819335938	24.586631774902344	13.371055603027344	14.897043228149414
179.0587615966797	26.317119598388672	13.280871391296387	14.7965669631958
179.6929168701172	25.601551055908203	13.486650466918945	15.025830268859863
177.9949493408203	24.799114227294922	13.706916809082031	15.271234512329102
178.15687561035156	25.49705696105957	13.757586479187012	15.32768726348877
177.3861846923828	24.0867977142334	13.81898307800293	15.396090507507324
176.22927856445312	24.46023178100586	13.904716491699219	15.491607666015625
175.8095703125	25.474422454833984	13.970148086547852	15.564506530761719
176.01605224609375	25.060688018798828	13.912267684936523	15.500020980834961
176.67813110351562	25.39457893371582	13.712552070617676	15.277511596679688
175.1715850830078	24.407939910888672	13.559183120727539	15.106637954711914
175.65975952148438	25.64728355407715	13.780041694641113	15.352702140808105
175.7752685546875	24.07064437866211	13.846145629882812	15.426350593566895
182.7232208251953	33.405494689941406	14.14002799987793	15.753771781921387
189.37521362304688	42.43772506713867	14.134671211242676	15.747802734375
190.7008514404297	37.603553771972656	14.12421703338623	15.736157417297363
188.01019287109375	38.203208923339844	13.937942504882812	15.5286226272583
187.65020751953125	43.04600143432617	14.037185668945312	15.639193534851074
177.13192749023438	29.335506439208984	14.384162902832031	16.025768280029297
172.9558868408203	25.512670516967773	14.367634773254395	16.007352828979492
172.07913208007812	25.013708114624023	14.692639350891113	16.369447708129883
170.6004180908203	24.684219360351562	14.445396423339844	16.0939884185791
172.5277099609375	26.01912498474121	14.534767150878906	16.193557739257812
171.7859344482422	26.62738609313965	14.126958847045898	15.739209175109863
169.68862915039062	25.560791015625	14.397256851196289	16.040353775024414
171.0971221923828	25.501930236816406	14.330078125	15.965509414672852
169.78536987304688	25.0123233795166	14.530115127563477	16.18837547302246
168.2271728515625	25.722204208374023	14.42219352722168	16.06813621520996
169.6383819580078	25.21061134338379	14.3626127243042	16.00175666809082
166.13058471679688	24.58290672302246	14.442819595336914	16.091115951538086
167.25662231445312	25.460063934326172	14.458168029785156	16.10821533203125
163.65472412109375	24.88979721069336	16.01301383972168	17.752775192260742
161.91769409179688	25.445648193359375	16.40570640563965	18.30655288696289
323.0	79.0	11.0	10.0
321.2847595214844	79.38838195800781	11.012731552124023	10.109199523925781
318.0	78.0	10.0	11.0
321.48583984375	82.18611145019531	10.166592597961426	11.081215858459473
323.7981872558594	89.76571655273438	10.133581161499023	11.045236587524414
325.1092224121094	99.00782775878906	10.087102890014648	10.955009460449219
326.37420654296875	102.38511657714844	10.069432258605957	10.918783187866211
320.9641418457031	98.47917938232422	10.219464302062988	11.039353370666504
314.3191833496094	93.5958023071289	10.115735054016113	10.914874076843262
308.22113037109375	97.57759857177734	10.160431861877441	10.963102340698242
299.0398864746094	100.51080322265625	10.3148775100708	11.059957504272461
298.67547607421875	99.1953125	10.290935516357422	11.020988464355469
295.45343017578125	100.50312805175781	10.396754264831543	11.13431453704834
295.76519775390625	100.28280639648438	10.531116485595703	11.27820873260498
295.386962890625	99.20503234863281	10.421321868896484	11.160624504089355
293.70953369140625	100.1489486694336	10.524041175842285	11.270631790161133
285.4356384277344	97.16542053222656	10.629629135131836	11.383709907531738
276.0480041503906	95.95124053955078	10.437834739685059	11.178309440612793
275.61395263671875	85.6728515625	10.386396408081055	11.123222351074219
275.06182861328125	77.34544372558594	10.419166564941406	11.158315658569336
275.2815856933594	75.6980209350586	10.488263130187988	11.23231315612793
274.2822265625	75.87007904052734	10.528227806091309	11.275113105773926
273.19140625	73.27875518798828	10.861587524414062	11.632120132446289
272.69671630859375	73.80738067626953	10.998071670532227	11.77828598022461
272.5663757324219	72.79151153564453	10.889039993286133	11.661518096923828
271.84063720703125	72.5421142578125	10.920315742492676	11.695013046264648
270.550537109375	71.87776184082031	11.321186065673828	12.124320983886719
271.60638427734375	73.99122619628906	11.243608474731445	12.041240692138672
268.0452880859375	71.25721740722656	11.47363567352295	12.28758716583252
268.7177734375	72.38302612304688	11.624653816223145	12.449319839477539
270.1146240234375	74.2971420288086	11.676117897033691	12.504434585571289
269.4808654785156	78.53966522216797	11.727518081665039	12.559481620788574
269.999267578125	76.46833801269531	11.879575729370117	12.722326278686523
269.6503601074219	78.83403015136719	11.921527862548828	12.767254829406738
268.5682678222656	76.13157653808594	11.988691329956055	12.83918285369873
267.9838562011719	74.69108581542969	12.014567375183105	12.866894721984863
267.00335693359375	74.86604309082031	12.095102310180664	12.953143119812012
266.8135070800781	72.99810791015625	12.03975772857666	12.89387321472168
267.08538818359375	73.4500732421875	12.139854431152344	13.001070976257324
266.7208557128906	74.22042846679688	12.208388328552246	13.07446575164795
266.0198974609375	74.10594940185547	12.585046768188477	13.477846145629883
265.87994384765625	74.93155670166016	12.943822860717773	13.862075805664062
264.862060546875	74.33014678955078	13.264228820800781	14.205212593078613
264.48492431640625	73.78235626220703	13.585176467895508	14.548930168151855
263.900634765625	73.99559020996094	13.752248764038086	14.72785472869873
263.3172302246094	73.29536437988281	14.069974899291992	15.068120002746582
262.8829650878906	73.29512786865234	14.268292427062988	15.280505180358887
262.0973815917969	72.2970962524414	14.670021057128906	15.710733413696289
261.98785400390625	72.35084533691406	14.772761344909668	15.820762634277344
261.96258544921875	72.74205017089844	14.976531982421875	16.038990020751953
261.4728698730469	72.68643951416016	15.014849662780762	16.080026626586914
261.0653381347656	72.61658477783203	15.187179565429688	16.26458168029785
260.12066650390625	72.72074127197266	15.355557441711426	16.444904327392578
259.53778076171875	72.13578796386719	15.60376262664795	16.710716247558594
259.12652587890625	72.37705993652344	15.290512084960938	16.375244140625
258.5710754394531	72.14425659179688	15.09996223449707	16.17117691040039
259.22662353515625	72.64292907714844	14.590646743774414	15.62572956085205
258.4638977050781	72.71165466308594	14.647112846374512	15.686201095581055
257.9976501464844	72.5483627319336	14.779899597167969	15.828409194946289
257.307373046875	71.89949798583984	14.77129077911377	15.819189071655273
256.63616943359375	72.30047607421875	14.809557914733887	15.8601713180542
257.3340759277344	72.23539733886719	14.935632705688477	15.995190620422363
256.86114501953125	72.59589385986328	14.937170028686523	15.996835708618164
257.3085021972656	73.3255615234375	15.178915023803711	16.2557315826416
257.20306396484375	73.06648254394531	15.3428316116333	16.431278228759766
258.13470458984375	74.68231201171875	15.34855842590332	16.43741226196289
259.1154479980469	74.2302017211914	15.529706001281738	16.631410598754883
260.2582092285156	74.82421875	15.741279602050781	16.85799217224121
260.6497497558594	74.55001831054688	15.8211669921875	16.943546295166016
262.81298828125	73.96688842773438	16.12676429748535	17.27082061767578
263.98675537109375	73.26297760009766	16.411500930786133	17.57575798034668
264.6150817871094	73.31626892089844	16.505483627319336	17.676408767700195
265.6932067871094	72.89967346191406	16.713092803955078	17.89874839782715
266.3882751464844	72.18523406982422	16.84561538696289	18.04067039489746
266.8064880371094	72.74736022949219	17.03011131286621	18.23825454711914
267.39605712890625	72.3052978515625	17.078418731689453	18.289989471435547
268.2945861816406	71.22114562988281	17.181413650512695	18.40028953552246
269.4760437011719	70.693115234375	17.120655059814453	18.335222244262695
268.50421142578125	71.73416137695312	17.269968032836914	18.495126724243164
269.66705322265625	71.83458709716797	17.322147369384766	18.551006317138672
269.83856201171875	73.74986267089844	17.141185760498047	18.35720443725586
270.8099060058594	73.08210754394531	16.784679412841797	17.97540855407715
271.0865783691406	72.28413391113281	17.021533966064453	18.22906494140625
271.72760009765625	72.19889831542969	17.01478385925293	18.22183609008789
272.27691650390625	72.16868591308594	17.075477600097656	18.286836624145508
273.39453125	72.35801696777344	17.028844833374023	18.236896514892578
274.2948913574219	72.04605865478516	16.983787536621094	18.188644409179688
274.323974609375	71.4896011352539	16.986705780029297	18.1917724609375
274.72650146484375	71.77848815917969	17.146934509277344	18.36336898803711
275.6936950683594	72.83622741699219	17.108257293701172	18.321945190429688
276.1999206542969	71.30686950683594	17.1460018157959	18.36236572265625
277.16363525390625	72.69278717041016	16.967021942138672	18.17068862915039
276.8964538574219	72.023681640625	17.058603286743164	18.26876449584961
276.93170166015625	71.4572525024414	17.087657928466797	18.299877166748047
277.8158264160156	70.86802673339844	17.126598358154297	18.34157943725586
278.1308288574219	71.9066390991211	17.323904037475586	18.55288314819336
278.6325378417969	71.89553833007812	17.52423095703125	18.76742172241211
279.48150634765625	71.51722717285156	17.528919219970703	18.772441864013672
280.44561767578125	71.29549407958984	17.853544235229492	19.12009620666504
280.9955749511719	71.738037109375	17.72186279296875	18.979074478149414
280.5245056152344	72.03438568115234	17.539209365844727	18.783462524414062
279.90057373046875	72.5816650390625	17.607860565185547	18.856985092163086
279.8008728027344	72.55028533935547	17.783409118652344	19.044986724853516
278.1283264160156	73.80738067626953	17.714282989501953	18.97095489501953
276.761962890625	75.03329467773438	17.912029266357422	19.182729721069336
277.1212463378906	74.01656341552734	18.255735397338867	19.550819396972656
274.70806884765625	73.38996887207031	18.347118377685547	19.648685455322266
275.65704345703125	71.80888366699219	18.190013885498047	19.48043441772461
277.98193359375	72.41239166259766	18.132659912109375	19.419010162353516
