295.0	54.0	22.0	46.0
295.0	52.0	22.0	45.0
294.0	50.0	21.0	47.0
295.0	51.0	21.0	46.0
295.0	51.0	21.0	47.0
295.0	51.0	21.0	47.0
295.0	52.0	21.0	46.0
295.0	52.0	21.0	46.0
295.0	52.0	21.0	45.0
296.0	52.0	20.0	46.0
295.0	52.0	21.0	46.0
295.0	51.0	21.0	48.0
294.0	50.0	21.0	46.0
291.0	49.0	22.0	47.0
288.0	49.0	22.0	46.0
289.0	49.0	22.0	47.0
288.0	49.0	23.0	46.0
288.0	48.0	22.0	47.0
288.0	47.0	23.0	47.0
289.0	47.0	21.0	47.0
290.0	46.0	21.0	46.0
290.0	46.0	22.0	46.0
291.0	46.0	22.0	46.0
291.0	45.0	22.0	47.0
292.0	46.0	22.0	46.0
293.0	45.0	21.0	46.0
293.0	45.0	22.0	47.0
294.0	45.0	21.0	45.0
293.0	44.0	22.0	47.0
294.0	44.0	21.0	47.0
294.0	46.0	21.0	46.0
297.0	46.0	20.0	47.0
296.0	48.0	20.0	45.0
296.0	49.0	20.0	46.0
297.0	50.0	21.0	46.0
297.0	50.0	20.0	46.0
296.0	49.0	20.0	46.0
294.0	47.0	22.0	47.0
293.0	45.0	21.0	46.0
292.0	42.0	22.0	47.0
291.0	42.0	22.0	47.0
290.0	42.0	22.0	48.0
291.0	45.0	22.0	47.0
292.0	47.0	21.0	46.0
291.0	49.0	22.0	46.0
292.0	50.0	21.0	46.0
291.0	50.0	22.0	47.0
290.0	50.0	22.0	47.0
290.0	49.0	22.0	47.0
289.0	49.0	22.0	47.0
289.0	49.0	21.0	47.0
287.0	51.0	24.0	46.0
287.78057861328125	54.99885177612305	23.722692489624023	45.4684944152832
286.0	53.0	27.0	47.0
287.0	53.0	24.0	47.0
286.0	53.0	25.0	48.0
285.0	52.0	26.0	49.0
283.5661926269531	52.56340789794922	25.99188232421875	48.98469543457031
283.0	50.0	24.0	49.0
280.0	49.0	25.0	49.0
280.0	47.0	23.0	50.0
278.0	47.0	24.0	49.0
276.5234375	49.0567626953125	23.904010772705078	48.80402755737305
275.0	48.0	24.0	47.0
274.0	48.0	24.0	47.0
272.0	49.0	25.0	47.0
270.49359130859375	51.18767166137695	25.13284683227539	47.249755859375
269.03985595703125	51.860572814941406	24.639896392822266	46.32300567626953
267.3501281738281	51.40082931518555	24.417001724243164	45.903968811035156
266.771484375	49.93046188354492	24.853355407714844	46.72431182861328
243.0	24.0	25.0	45.0
236.5171356201172	4.496504306793213	25.123531341552734	45.22235870361328
237.0530242919922	8.790525436401367	25.313705444335938	45.56467056274414
241.9342803955078	4.967106342315674	25.199140548706055	45.35845184326172
248.4754638671875	6.614041328430176	25.4390811920166	45.79034423828125
270.0	22.0	23.0	46.0
272.0	21.0	27.0	48.0
275.82586669921875	24.16781234741211	26.974353790283203	47.95440673828125
278.13323974609375	23.73523712158203	27.072818756103516	48.12945556640625
281.0	22.0	26.0	52.0
281.0	22.0	25.0	53.0
283.0	24.0	21.0	49.0
279.0	22.0	24.0	53.0
278.0	22.0	22.0	45.0
275.0	21.0	21.0	45.0
272.0	20.0	19.0	45.0
271.60894775390625	19.478763580322266	19.017261505126953	45.0408821105957
266.8285217285156	18.37005615234375	19.060409545898438	45.14307403564453
264.9419250488281	21.14400863647461	19.098861694335938	45.2341423034668
264.6927490234375	23.554502487182617	19.004384994506836	44.53099060058594
256.1089782714844	23.905231475830078	19.286518096923828	45.19208908081055
265.61199951171875	30.11403465270996	19.267993927001953	45.148685455322266
255.0	10.0	20.0	44.0
254.2030487060547	8.825384140014648	19.88086700439453	43.73790740966797
284.0	27.0	23.0	53.0
290.0	26.0	21.0	47.0
293.0	26.0	23.0	47.0
297.0	29.0	25.0	44.0
300.0	28.0	26.0	47.0
305.0	29.0	26.0	46.0
305.0	31.0	27.0	46.0
306.0	32.0	27.0	45.0
305.0	31.0	27.0	46.0
303.0	31.0	26.0	45.0
300.0	30.0	25.0	45.0
296.0	29.0	26.0	46.0
292.0	26.0	23.0	48.0
283.0	27.0	25.0	47.0
277.8492431640625	26.027597427368164	25.16036605834961	47.301490783691406
272.77313232421875	27.9669132232666	25.085193634033203	47.16016387939453
265.7225341796875	25.83346939086914	25.287391662597656	47.5402946472168
260.7092590332031	25.954153060913086	24.9963321685791	46.993099212646484
257.8448486328125	23.77898597717285	24.911149978637695	46.83295440673828
258.79443359375	24.990341186523438	24.014806747436523	47.12362289428711
258.6236572265625	25.486167907714844	23.223539352416992	47.40739440917969
259.0	1.0	20.0	30.0
256.92010498046875	1.398392677307129	19.689855575561523	29.5347843170166
253.97500610351562	3.111463785171509	19.59617042541504	29.39426040649414
250.0	3.0	19.0	44.0
246.0	4.0	19.0	43.0
242.0	3.0	18.0	44.0
239.0	5.0	19.0	42.0
235.0	6.0	21.0	42.0
231.0	7.0	23.0	42.0
230.0	7.0	23.0	43.0
230.0	8.0	21.0	43.0
229.0	8.0	22.0	43.0
230.0	7.0	19.0	44.0
232.0	8.0	18.0	42.0
233.0	8.0	19.0	43.0
235.0	8.0	18.0	42.0
237.0	8.0	19.0	42.0
239.0	8.0	18.0	42.0
242.0	6.0	17.0	44.0
244.0	7.0	19.0	45.0
246.0	7.0	19.0	46.0
249.0	6.0	20.0	48.0
251.0	7.0	20.0	46.0
254.0	5.0	19.0	51.0
257.0	5.0	20.0	52.0
259.0	5.0	21.0	49.0
261.16510009765625	5.622622966766357	21.127880096435547	49.29838180541992
260.98577880859375	5.592029094696045	21.20635986328125	49.481502532958984
291.0	18.0	21.0	46.0
289.0	18.0	21.0	46.0
289.0	18.0	20.0	46.0
289.0	17.0	19.0	48.0
289.0	19.0	18.0	46.0
287.0	20.0	20.0	47.0
287.0	19.0	20.0	48.0
289.0	19.0	18.0	47.0
290.0	21.0	19.0	46.0
291.0	21.0	20.0	45.0
292.0	21.0	21.0	45.0
293.0	21.0	22.0	46.0
294.0	22.0	22.0	45.0
296.0	22.0	22.0	46.0
298.0	23.0	22.0	46.0
301.0	22.0	21.0	48.0
302.0	22.0	22.0	47.0
302.0	22.0	24.0	47.0
303.0	22.0	24.0	46.0
303.0	22.0	25.0	46.0
303.0	21.0	25.0	46.0
303.0	21.0	25.0	45.0
303.0	21.0	25.0	45.0
303.0	21.0	24.0	45.0
303.0	20.0	23.0	46.0
303.0	20.0	22.0	46.0
302.0	20.0	21.0	46.0
300.0	21.0	23.0	44.0
300.0	21.0	22.0	45.0
295.0	20.0	26.0	46.0
295.0	21.0	25.0	45.0
293.0	19.0	29.0	47.0
293.0	19.0	28.0	46.0
294.0	20.0	25.0	45.0
296.0	20.0	23.0	45.0
297.0	21.0	22.0	46.0
298.0	22.0	23.0	45.0
300.0	22.0	21.0	46.0
301.0	22.0	22.0	47.0
302.0	22.0	21.0	47.0
302.0	23.0	23.0	47.0
303.0	24.0	24.0	46.0
304.0	23.0	24.0	46.0
304.0	23.0	25.0	47.0
305.0	24.0	26.0	47.0
305.0	25.0	26.0	47.0
306.0	27.0	26.0	46.0
306.0	28.0	28.0	47.0
306.0	29.0	28.0	48.0
306.0	30.0	27.0	47.0
306.0	31.0	26.0	47.0
304.0	32.0	27.0	46.0
302.0	31.0	27.0	47.0
300.0	31.0	27.0	47.0
298.0	32.0	26.0	46.0
295.0	33.0	27.0	46.0
294.0	33.0	25.0	46.0
293.0	33.0	21.0	47.0
285.0	31.0	25.0	48.0
281.0	28.0	27.0	52.0
283.0	27.0	21.0	51.0
282.0	25.0	20.0	52.0
279.0	27.0	22.0	50.0
278.0	28.0	23.0	50.0
274.0	28.0	32.0	53.0
280.19537353515625	26.594715118408203	31.948598861694336	52.91486740112305
293.0	32.0	21.0	45.0
299.0	35.0	21.0	43.0
303.0	34.0	21.0	46.0
308.0	36.0	21.0	46.0
312.0	36.0	21.0	46.0
317.0	35.0	20.0	48.0
321.0	36.0	21.0	47.0
325.0	34.0	19.0	49.0
327.0	37.0	23.0	45.0
331.0	38.0	23.0	44.0
335.0	38.0	23.0	44.0
340.0	39.0	22.0	43.0
343.0	38.0	20.0	47.0
346.0	39.0	20.0	47.0
349.0	39.0	20.0	48.0
350.0	41.0	23.0	47.0
351.0	41.0	24.0	47.0
351.0	41.0	25.0	47.0
351.0	41.0	25.0	46.0
351.0	40.0	24.0	46.0
350.0	40.0	23.0	46.0
349.0	39.0	20.0	45.0
347.0	38.0	17.0	45.0
343.0	36.0	20.0	45.0
340.0	35.0	22.0	45.0
337.0	35.0	23.0	44.0
336.0	33.0	21.0	46.0
335.0	31.0	19.0	46.0
331.0	28.0	23.0	46.0
326.0	26.0	25.0	46.0
322.0	24.0	26.0	45.0
318.0	21.0	26.0	45.0
313.0	20.0	25.0	45.0
307.0	19.0	26.0	45.0
301.0	18.0	23.0	45.0
294.7533264160156	14.589994430541992	22.67099380493164	44.35628890991211
289.0	35.0	18.0	48.0
295.0	39.0	19.0	46.0
300.0	39.0	21.0	44.0
306.0	39.0	21.0	44.0
309.0	38.0	24.0	47.0
315.0	38.0	23.0	47.0
319.0	39.0	24.0	46.0
323.0	38.0	24.0	46.0
325.0	39.0	24.0	45.0
326.0	39.0	24.0	45.0
325.0	39.0	25.0	45.0
324.0	37.0	24.0	46.0
320.0	37.0	26.0	45.0
317.0	35.0	25.0	47.0
310.0	35.0	27.0	46.0
305.0	35.0	26.0	45.0
299.0	35.0	26.0	45.0
295.0	35.0	23.0	45.0
287.09405517578125	34.25586700439453	23.213912963867188	45.41852569580078
286.88482666015625	24.269290924072266	23.378841400146484	45.7412109375
295.469482421875	21.304866790771484	23.344661712646484	45.674339294433594
303.0	22.0	20.0	44.0
308.0	22.0	22.0	44.0
312.0	23.0	24.0	44.0
314.0	22.0	26.0	45.0
317.0	23.0	26.0	44.0
318.0	22.0	26.0	45.0
318.0	21.0	26.0	46.0
317.0	20.0	25.0	46.0
316.0	19.0	22.0	47.0
314.0	19.0	22.0	46.0
311.0	18.0	21.0	46.0
307.0	16.0	22.0	47.0
304.0	15.0	20.0	46.0
301.0	14.0	19.0	45.0
296.0	11.0	18.0	46.0
294.0604248046875	8.82080078125	18.27603530883789	46.70542526245117
289.09100341796875	17.507335662841797	24.989187240600586	44.925209045410156
288.44512939453125	30.442554473876953	25.044618606567383	45.024864196777344
296.0	29.0	22.0	50.0
301.0	33.0	24.0	45.0
306.0	32.0	25.0	46.0
311.0	33.0	25.0	45.0
314.0	32.0	27.0	46.0
319.0	32.0	27.0	46.0
322.0	32.0	28.0	46.0
323.0	31.0	28.0	47.0
323.0	31.0	29.0	48.0
323.0	32.0	28.0	47.0
322.0	32.0	28.0	47.0
319.0	33.0	28.0	46.0
315.0	33.0	27.0	46.0
311.0	33.0	25.0	46.0
307.0	31.0	24.0	46.0
301.0	32.0	24.0	46.0
297.0	30.0	21.0	47.0
294.06854248046875	28.76593017578125	21.316356658935547	47.70803451538086
287.0	28.0	21.0	44.0
280.8270568847656	26.80270004272461	21.359180450439453	44.75257110595703
277.0	27.0	20.0	43.0
249.0	0.0	27.0	34.0
254.0	0.0	27.0	34.0
261.0	0.0	27.0	34.0
274.0	0.0	19.0	34.0
281.0	0.0	24.0	32.0
291.3264465332031	7.206931114196777	24.278270721435547	32.37102508544922
303.0	1.0	22.0	42.0
311.0	0.0	24.0	44.0
316.0	0.0	28.0	44.0
321.0	0.0	28.0	45.0
324.0	1.0	29.0	45.0
326.0	1.0	27.0	45.0
323.0	1.0	28.0	46.0
318.0	2.0	28.0	45.0
314.0	1.0	25.0	47.0
308.27362060546875	1.252516508102417	25.05916404724121	47.111228942871094
303.0	1.0	20.0	45.0
296.0	0.0	21.0	49.0
293.0	0.0	19.0	28.0
288.3318176269531	-0.07055950164794922	19.007286071777344	28.0107364654541
280.8492431640625	-1.278691291809082	19.257678985595703	28.37973403930664
278.4692077636719	1.2115871906280518	19.422321319580078	28.622365951538086
273.0394592285156	1.5886789560317993	19.413700103759766	28.60965919494629
270.9360046386719	1.829315423965454	19.476388931274414	28.702037811279297
268.12921142578125	2.049103021621704	19.69629669189453	29.026111602783203
264.80755615234375	10.662887573242188	17.11098861694336	31.084697723388672
263.0	0.0	18.0	45.0
260.0	0.0	18.0	44.0
258.0	0.0	20.0	43.0
255.0	0.0	23.0	42.0
254.0	0.0	24.0	42.0
254.0	0.0	24.0	41.0
256.0	0.0	25.0	43.0
261.0	0.0	23.0	44.0
267.0	0.0	23.0	45.0
272.0	0.0	25.0	50.0
280.5297546386719	-0.48584938049316406	25.257675170898438	50.515350341796875
306.0	24.0	25.0	47.0
300.0	23.0	23.0	49.0
306.88214111328125	5.508971214294434	22.91827964782715	48.825904846191406
309.0	7.0	26.0	45.0
314.0	6.0	27.0	46.0
317.0	7.0	27.0	44.0
319.0	5.0	27.0	46.0
320.0	5.0	26.0	46.0
319.0	5.0	25.0	46.0
317.0	5.0	23.0	46.0
314.0	5.0	20.0	46.0
309.0	4.0	21.0	47.0
305.0	4.0	21.0	45.0
300.0	2.0	20.0	47.0
295.0	2.0	20.0	50.0
288.0	0.0	21.0	47.0
281.82598876953125	0.1832904815673828	20.723691940307617	46.38159942626953
279.0	0.0	16.0	35.0
272.0	0.0	17.0	35.0
264.0	0.0	20.0	45.0
259.0	0.0	18.0	42.0
252.0	1.0	21.0	42.0
246.0	0.0	22.0	42.0
241.0	0.0	25.0	42.0
238.0	1.0	25.0	42.0
237.0	3.0	25.0	40.0
237.0	3.0	26.0	42.0
239.0	6.0	25.0	42.0
242.0	8.0	23.0	44.0
248.0	8.0	19.0	46.0
252.0	8.0	19.0	47.0
254.0	9.0	21.0	48.0
255.5936737060547	8.930684089660645	21.345905303955078	48.7906379699707
257.8665466308594	4.391891002655029	21.548477172851562	49.253658294677734
261.0	5.0	22.0	59.0
266.0	6.0	20.0	39.0
270.4490661621094	2.0820698738098145	20.291522979736328	39.5684700012207
274.4590759277344	2.465787887573242	20.388813018798828	39.7581901550293
280.26629638671875	-0.1897151917219162	20.39565086364746	39.771522521972656
286.46575927734375	6.9922285079956055	20.177711486816406	39.34653854370117
292.73809814453125	8.94576644897461	20.13872718811035	39.2705192565918
299.0293884277344	8.929158210754395	20.836559295654297	40.63129425048828
305.0	2.0	21.0	43.0
308.0	1.0	26.0	43.0
311.0	1.0	25.0	43.0
312.0	0.0	25.0	45.0
311.0	1.0	27.0	45.0
310.0	1.0	26.0	47.0
308.0	1.0	22.0	47.0
303.06036376953125	1.0096641778945923	22.03390884399414	47.07244110107422
299.0	1.0	21.0	50.0
295.0	0.0	22.0	45.0
291.0	0.0	24.0	45.0
286.0	0.0	26.0	49.0
284.0	0.0	25.0	48.0
287.0	0.0	18.0	48.0
285.0	0.0	21.0	45.0
283.0	0.0	22.0	47.0
293.0	38.0	22.0	48.0
297.0	40.0	25.0	47.0
302.0	41.0	26.0	47.0
308.0	42.0	25.0	44.0
311.0	43.0	26.0	47.0
316.0	44.0	24.0	46.0
318.0	43.0	25.0	48.0
321.0	43.0	23.0	48.0
321.77728271484375	43.96208572387695	22.608224868774414	47.18238067626953
322.0	42.0	21.0	48.0
319.6978454589844	42.53108215332031	21.39047622680664	48.89251708984375
317.0	40.0	22.0	51.0
313.0	40.0	22.0	50.0
308.8219299316406	40.10634994506836	22.000720977783203	50.00164031982422
302.0	40.0	23.0	48.0
297.0	38.0	22.0	51.0
276.0	8.0	21.0	38.0
282.0	8.0	20.0	32.0
287.7977294921875	11.499473571777344	19.99519920349121	31.992319107055664
292.62481689453125	12.509744644165039	20.205509185791016	32.32881546020508
297.0	11.0	19.0	49.0
301.0	11.0	19.0	46.0
304.0	11.0	19.0	45.0
307.0	10.0	19.0	45.0
310.0	10.0	18.0	45.0
309.0	8.0	24.0	44.0
309.0	7.0	26.0	45.0
306.0	5.0	28.0	45.0
305.0	4.0	27.0	45.0
301.0	3.0	27.0	46.0
297.0	2.0	26.0	47.0
294.0	0.0	24.0	49.0
286.22137451171875	0.1967422515153885	23.825374603271484	48.64347839355469
282.0	0.0	19.0	41.0
277.0	0.0	18.0	42.0
269.0	0.0	20.0	41.0
260.0	0.0	25.0	44.0
257.0	0.0	24.0	44.0
254.0	0.0	23.0	45.0
252.0	2.0	24.0	44.0
251.0	4.0	23.0	43.0
252.0	5.0	20.0	44.0
254.0	7.0	19.0	45.0
255.0	7.0	18.0	46.0
255.0	7.0	20.0	46.0
255.0	7.0	20.0	45.0
255.0	6.0	20.0	46.0
254.0	5.0	21.0	47.0
253.0	6.0	21.0	45.0
252.0	6.0	21.0	47.0
251.0	9.0	21.0	47.0
250.0	10.0	22.0	49.0
250.0	14.0	21.0	47.0
249.0	14.0	22.0	48.0
247.9185028076172	15.356738090515137	22.069366455078125	48.151344299316406
247.75082397460938	13.847112655639648	22.477245330810547	49.041259765625
246.0	13.0	25.0	49.0
242.0	12.0	28.0	48.0
240.0	9.0	26.0	46.0
237.0	8.0	27.0	46.0
237.0	7.0	21.0	46.0
232.0	7.0	25.0	44.0
228.0	4.0	27.0	44.0
229.0	3.0	24.0	40.0
230.0	0.0	24.0	40.0
236.0	0.0	20.0	37.0
240.0	0.0	22.0	37.0
249.0	0.0	21.0	37.0
255.8853302001953	1.030643105506897	21.186214447021484	37.328094482421875
264.1671142578125	1.0634040832519531	21.81328773498535	38.43294143676758
276.0	0.0	16.0	34.0
282.0	0.0	18.0	30.0
287.0	0.0	20.0	32.0
295.0	0.0	20.0	48.0
301.0	1.0	19.0	50.0
305.0	3.0	21.0	44.0
310.0	2.0	21.0	45.0
313.0	2.0	21.0	45.0
313.0	2.0	24.0	45.0
313.0	2.0	25.0	45.0
312.0	3.0	27.0	45.0
310.0	2.0	27.0	45.0
309.0	3.0	25.0	44.0
304.0	2.0	24.0	43.0
298.0	0.0	23.0	42.0
290.9818420410156	0.4149593412876129	23.110013961791992	42.200889587402344
285.0	0.0	19.0	37.0
279.0461730957031	-2.3053174018859863	18.63437271118164	36.28799057006836
272.0	0.0	18.0	24.0
262.0	0.0	24.0	31.0
257.0	0.0	26.0	32.0
253.0	0.0	26.0	35.0
255.0	0.0	21.0	40.0
255.0	2.0	21.0	44.0
256.0	5.0	23.0	47.0
259.0	8.0	24.0	48.0
261.6440734863281	5.806802272796631	24.03921890258789	48.07843780517578
263.91998291015625	7.4580512046813965	24.249706268310547	48.499412536621094
265.16558837890625	6.57855749130249	24.125938415527344	48.25187683105469
267.7495422363281	6.8902130126953125	23.783557891845703	47.567115783691406
268.47271728515625	6.46669864654541	23.494152069091797	46.988304138183594
267.68804931640625	4.755005359649658	23.585681915283203	47.171363830566406
264.45831298828125	3.9419682025909424	23.162303924560547	46.324607849121094
263.0	9.0	24.0	42.0
259.0	10.0	25.0	44.0
257.0	8.0	20.0	48.0
251.0	7.0	23.0	46.0
246.0	7.0	25.0	43.0
245.0	5.0	23.0	43.0
245.0	5.0	24.0	41.0
248.0	6.0	24.0	40.0
255.0	6.0	21.0	42.0
261.0	6.0	23.0	44.0
270.0	6.0	20.0	42.0
279.0	7.0	19.0	43.0
287.0	7.0	21.0	45.0
295.0	9.0	22.0	56.0
304.0	12.0	23.0	44.0
311.0	12.0	24.0	44.0
315.0	13.0	27.0	44.0
319.0	12.0	27.0	45.0
321.0	12.0	27.0	45.0
322.0	12.0	26.0	44.0
322.0	11.0	24.0	44.0
320.0	10.0	22.0	45.0
317.0	8.0	21.0	45.0
313.0	7.0	21.0	45.0
307.0	4.0	23.0	47.0
302.515869140625	1.5471969842910767	22.775867462158203	46.5419921875
296.8064270019531	0.848767101764679	22.955568313598633	46.909202575683594
291.0	0.0	23.0	46.0
288.0	0.0	18.0	32.0
287.1090087890625	-1.4297443628311157	17.957040786743164	31.923625946044922
286.7871398925781	-0.27421778440475464	18.16179847717285	32.28764343261719
284.42352294921875	-0.19432716071605682	18.583744049072266	33.03776931762695
291.0	13.0	25.0	52.0
273.0	0.0	25.0	24.0
269.0	0.0	23.0	25.0
263.0	1.0	21.0	28.0
256.0	0.0	21.0	32.0
250.0	0.0	24.0	32.0
246.0	0.0	26.0	32.0
245.0	0.0	25.0	31.0
245.0	0.0	27.0	31.0
251.0	0.0	28.0	32.0
258.0	0.0	28.0	34.0
266.0	0.0	26.0	36.0
277.371826171875	11.501847267150879	25.726430892944336	35.62120819091797
288.15155029296875	0.07905387878417969	25.852386474609375	35.79560470581055
299.0	1.0	23.0	39.0
306.0	0.0	27.0	36.0
311.0	0.0	28.0	34.0
315.0	0.0	29.0	34.0
317.0	0.0	28.0	36.0
314.0	1.0	29.0	39.0
309.0	1.0	29.0	42.0
304.0	3.0	26.0	42.0
299.0	1.0	19.0	46.0
291.0	1.0	23.0	44.0
280.0	0.0	28.0	42.0
276.0	0.0	26.0	41.0
272.0	0.0	24.0	40.0
248.0	24.0	26.0	47.0
250.67935180664062	25.682300567626953	25.8300838470459	46.69284439086914
259.7373962402344	26.48504638671875	26.452245712280273	47.81752395629883
261.0	0.0	24.0	28.0
258.0	0.0	24.0	24.0
256.0	0.0	22.0	22.0
253.0	0.0	19.0	22.0
249.0	0.0	18.0	21.0
243.0	0.0	20.0	21.0
239.0	0.0	21.0	21.0
237.0	0.0	23.0	20.0
237.0	0.0	23.0	20.0
240.0	0.0	22.0	20.0
245.0	0.0	22.0	21.0
251.0	0.0	22.0	22.0
259.0	0.0	21.0	23.0
267.0	0.0	18.0	23.0
272.0	0.0	20.0	23.0
278.0	0.0	20.0	24.0
282.0	0.0	21.0	21.0
286.3338928222656	-0.37139493227005005	20.744464874267578	20.744464874267578
287.5799255371094	-0.3586803376674652	20.8155460357666	20.8155460357666
289.63671875	-0.35898151993751526	21.0111026763916	21.0111026763916
290.1553039550781	0.7226837277412415	20.92689323425293	20.92689323425293
290.8500061035156	0.3293760418891907	21.090641021728516	21.090641021728516
291.9151916503906	0.125279039144516	21.386951446533203	21.386951446533203
291.83148193359375	0.2592056393623352	21.590356826782227	21.590356826782227
291.45001220703125	0.18699435889720917	22.093320846557617	22.093320846557617
290.0750732421875	0.43290597200393677	22.155065536499023	22.155065536499023
289.27825927734375	0.7465608716011047	22.488094329833984	22.488094329833984
291.2422790527344	0.3703292906284332	22.50558090209961	22.50558090209961
293.1621398925781	0.9509771466255188	22.782140731811523	22.782140731811523
295.01068115234375	1.5815337896347046	22.880338668823242	22.880338668823242
295.32708740234375	5.997455596923828	23.35576820373535	23.35576820373535
287.0124816894531	18.320383071899414	20.67292022705078	27.671010971069336
286.7831726074219	23.07280731201172	17.043582916259766	30.06780433654785
285.8599548339844	26.500579833984375	15.181982040405273	30.37982749938965
285.2514343261719	29.38142967224121	14.765462875366211	31.176347732543945
284.8815002441406	31.82802391052246	13.951099395751953	30.898056030273438
284.1750793457031	34.03728485107422	13.69382095336914	30.682947158813477
283.2203063964844	36.079933166503906	13.513559341430664	30.424043655395508
282.0712585449219	38.02640151977539	13.335975646972656	30.178586959838867
280.5733337402344	39.8463020324707	13.205911636352539	30.10382652282715
278.8616027832031	41.569007873535156	12.996358871459961	30.322851181030273
277.1332092285156	43.27284622192383	12.680830001831055	31.026159286499023
275.6371154785156	44.99895095825195	12.212631225585938	32.15315628051758
274.2255859375	46.634334564208984	11.75798225402832	33.18355178833008
272.67608642578125	48.099735260009766	11.572105407714844	33.83427047729492
270.9785461425781	49.35883712768555	11.666040420532227	34.17905044555664
269.2067565917969	50.394065856933594	11.922447204589844	34.29743194580078
264.0	0.0	22.0	45.0
260.0	0.0	24.0	41.0
258.0	0.0	24.0	41.0
259.0	0.0	23.0	41.0
262.0	0.0	22.0	40.0
265.0	0.0	23.0	39.0
269.5886535644531	1.0715293884277344	23.258310317993164	39.4379997253418
276.0	1.0	24.0	47.0
306.0	31.0	25.0	49.0
302.8299560546875	30.253625869750977	24.689729690551758	48.391868591308594
299.0	6.0	20.0	73.0
306.0	9.0	21.0	46.0
313.0	11.0	23.0	45.0
316.0	12.0	26.0	45.0
320.0	11.0	26.0	46.0
324.0	9.0	26.0	47.0
326.0	8.0	24.0	47.0
325.0	8.0	25.0	46.0
324.0	7.0	23.0	46.0
322.0	6.0	23.0	46.0
321.0	6.0	21.0	45.0
317.0	3.0	21.0	47.0
313.0	1.0	21.0	47.0
309.637451171875	0.3987525999546051	21.187969207763672	47.42069625854492
304.80975341796875	0.4549545347690582	21.338611602783203	47.757843017578125
302.0	1.0	17.0	47.0
295.0	0.0	19.0	51.0
288.0	1.0	20.0	28.0
284.1531677246094	-0.14401893317699432	19.97378921508789	27.963302612304688
278.0	0.0	20.0	35.0
274.0	0.0	20.0	35.0
270.0	0.0	23.0	37.0
267.0	0.0	24.0	35.0
266.0	0.0	24.0	34.0
265.0	0.0	26.0	34.0
267.0	0.0	25.0	35.0
271.0	0.0	24.0	35.0
276.0	0.0	23.0	39.0
284.0	0.0	20.0	39.0
289.28961181640625	0.5166953802108765	19.879810333251953	38.765628814697266
296.3040466308594	3.7902088165283203	19.9195499420166	38.84312057495117
323.0	29.0	24.0	48.0
316.0	31.0	24.0	47.0
309.92205810546875	34.36528778076172	23.90932846069336	46.82243728637695
324.0	4.0	22.0	45.0
328.0	4.0	24.0	45.0
333.0	4.0	25.0	44.0
335.0	3.0	26.0	44.0
336.0	2.0	27.0	44.0
336.0	2.0	27.0	43.0
334.0	1.0	27.0	43.0
330.0	1.0	26.0	44.0
326.0	1.0	24.0	45.0
323.0	1.0	21.0	45.0
316.98565673828125	0.9968757629394531	20.98196792602539	44.961360931396484
310.0	1.0	20.0	43.0
301.8979797363281	1.8250919580459595	20.224721908569336	43.483154296875
293.0	0.0	22.0	52.0
288.3610534667969	-2.805513381958008	21.77277183532715	51.462913513183594
282.0	0.0	22.0	39.0
276.2264099121094	-1.1738739013671875	22.19328498840332	39.34264373779297
273.3690490722656	-2.075106382369995	22.250865936279297	39.44472122192383
272.0	0.0	19.0	37.0
268.0	0.0	23.0	38.0
267.0	0.0	23.0	36.0
267.0	0.0	22.0	31.0
267.0	0.0	24.0	29.0
270.0	0.0	22.0	30.0
274.0	0.0	23.0	28.0
278.80389404296875	-0.08591385185718536	22.943166732788086	27.93081283569336
285.99713134765625	0.06663493812084198	23.120508193969727	28.146703720092773
292.32623291015625	-0.3822946548461914	23.0372314453125	28.04532241821289
278.843994140625	10.357982635498047	23.743497848510742	28.691471099853516
285.29888916015625	12.893272399902344	23.441791534423828	28.326889038085938
279.21319580078125	18.45777130126953	20.090715408325195	32.5285530090332
278.6243591308594	22.25925636291504	18.122522354125977	33.7064323425293
288.7071533203125	30.53557777404785	18.371620178222656	34.16973114013672
274.39605712890625	28.60701560974121	18.630504608154297	34.65123748779297
280.5406494140625	24.667783737182617	18.861251831054688	35.08041000366211
287.647216796875	18.32469367980957	19.047435760498047	35.426692962646484
288.0115661621094	21.279817581176758	18.994457244873047	35.32815933227539
261.0	20.0	18.0	47.0
260.0	21.0	18.0	45.0
257.0	19.0	19.0	46.0
256.0	18.0	19.0	46.0
258.0	19.0	19.0	44.0
258.00811767578125	21.40115737915039	19.186710357666016	44.43238067626953
261.0	20.0	24.0	46.0
265.5391540527344	20.134347915649414	23.980289459228516	45.962223052978516
269.95025634765625	20.421010971069336	24.121173858642578	46.23225402832031
274.7827453613281	20.047027587890625	24.292362213134766	46.56036376953125
280.903076171875	22.543827056884766	24.694747924804688	47.331607818603516
289.0	0.0	19.0	28.0
283.5740966796875	0.24269142746925354	19.387752532958984	28.571422576904297
279.70794677734375	0.5325410962104797	19.248878479003906	28.36676597595215
274.0	0.0	18.0	34.0
266.0	0.0	21.0	33.0
262.0	0.0	21.0	32.0
259.0	0.0	23.0	33.0
256.0	0.0	23.0	36.0
255.0	0.0	23.0	39.0
254.0	1.0	25.0	43.0
255.0	3.0	25.0	45.0
258.0	5.0	23.0	45.0
262.0	7.0	21.0	46.0
265.5474548339844	9.364747047424316	20.674457550048828	45.28690719604492
268.0	11.0	22.0	45.0
269.610595703125	4.655928134918213	22.37546157836914	45.76799392700195
271.93609619140625	7.5439910888671875	22.37127685546875	45.75943374633789
276.51934814453125	12.192558288574219	22.143829345703125	45.2942008972168
278.4090270996094	11.88685417175293	22.127113342285156	45.260009765625
281.4691467285156	10.153624534606934	22.153623580932617	45.31423568725586
296.0	38.0	22.0	48.0
