257.0	133.0	35.0	35.0
258.0	133.0	34.0	34.0
259.0	132.0	35.0	34.0
259.0	132.0	35.0	34.0
261.0	131.0	35.0	35.0
261.0	132.0	35.0	34.0
262.0	131.0	35.0	34.0
263.0	129.0	36.0	35.0
266.0	128.0	36.0	35.0
268.0	128.0	37.0	35.0
272.0	127.0	36.0	36.0
273.0	127.0	35.0	35.0
276.0	127.0	35.0	33.0
276.0	125.0	36.0	35.0
277.0	124.0	36.0	35.0
278.0	122.0	36.0	35.0
279.0	121.0	35.0	35.0
279.0	120.0	36.0	34.0
280.0	120.0	35.0	35.0
280.0	119.0	36.0	35.0
281.0	121.0	35.0	35.0
281.0	122.0	35.0	35.0
281.0	125.0	36.0	34.0
282.0	125.0	37.0	35.0
283.0	126.0	36.0	35.0
284.0	127.0	36.0	35.0
285.0	129.0	35.0	35.0
285.0	130.0	37.0	35.0
284.0	130.0	35.0	35.0
282.0	129.0	35.0	34.0
280.0	128.0	35.0	33.0
276.0	126.0	35.0	33.0
274.0	124.0	35.0	33.0
268.0	123.0	36.0	34.0
264.0	123.0	35.0	33.0
258.0	125.0	33.0	32.0
250.0	127.0	33.0	32.0
245.0	125.0	33.0	33.0
238.0	126.0	32.0	32.0
233.0	126.0	32.0	31.0
231.0	126.0	33.0	31.0
228.0	127.0	32.0	31.0
225.0	128.0	32.0	32.0
225.0	130.0	32.0	31.0
224.0	132.0	32.0	31.0
225.0	133.0	31.0	31.0
224.0	134.0	34.0	33.0
225.0	135.0	31.0	30.0
225.0	135.0	32.0	31.0
227.0	138.0	30.0	30.0
227.0	139.0	30.0	30.0
228.0	140.0	29.0	30.0
230.0	140.0	30.0	30.0
232.0	140.0	31.0	31.0
234.0	140.0	31.0	29.0
235.0	139.0	30.0	30.0
235.0	138.0	31.0	30.0
236.0	137.0	31.0	30.0
235.0	136.0	31.0	31.0
233.0	136.0	31.0	30.0
231.0	136.0	31.0	30.0
231.0	136.0	30.0	30.0
230.0	137.0	31.0	31.0
229.0	138.0	32.0	32.0
230.0	137.0	31.0	32.0
229.0	138.0	33.0	33.0
228.0	139.0	32.0	33.0
231.0	139.0	29.0	31.0
226.0	140.0	31.0	32.0
228.0	141.0	30.0	31.0
227.0	142.0	30.0	31.0
226.0	142.0	31.0	31.0
228.0	142.0	30.0	31.0
226.0	142.0	31.0	31.0
227.0	144.0	29.0	30.0
227.0	145.0	31.0	31.0
227.0	147.0	30.0	29.0
227.0	150.0	30.0	31.0
225.0	153.0	30.0	29.0
226.0	155.0	30.0	31.0
226.0	160.0	31.0	29.0
226.0	163.0	29.0	29.0
229.0	166.0	28.0	30.0
226.0	167.0	31.0	30.0
226.0	169.0	32.0	32.0
227.0	169.0	31.0	31.0
227.0	168.0	30.0	30.0
229.0	166.0	28.0	29.0
225.0	163.0	30.0	31.0
226.0	160.0	29.0	31.0
226.0	159.0	29.0	29.0
224.0	155.0	31.0	31.0
224.0	153.0	31.0	31.0
225.0	151.0	30.0	31.0
225.0	150.0	31.0	30.0
225.0	147.0	32.0	31.0
227.0	146.0	31.0	32.0
227.0	144.0	32.0	32.0
228.0	143.0	31.0	31.0
228.0	141.0	33.0	34.0
228.0	140.0	33.0	33.0
228.0	139.0	33.0	32.0
227.0	139.0	32.0	32.0
226.0	139.0	31.0	32.0
227.0	141.0	33.0	31.0
227.0	141.0	31.0	31.0
226.0	141.0	33.0	32.0
228.0	142.0	33.0	32.0
229.0	143.0	33.0	33.0
231.0	144.0	33.0	33.0
233.0	145.0	32.0	31.0
233.0	146.0	34.0	31.0
234.0	147.0	33.0	31.0
236.0	148.0	33.0	30.0
235.0	150.0	33.0	31.0
236.0	151.0	33.0	31.0
236.0	151.0	33.0	31.0
236.0	151.0	33.0	31.0
236.0	151.0	34.0	31.0
237.0	151.0	33.0	32.0
237.0	152.0	33.0	31.0
238.0	151.0	33.0	33.0
237.0	152.0	32.0	31.0
237.0	150.0	32.0	32.0
237.0	148.0	31.0	32.0
237.0	148.0	32.0	32.0
236.0	148.0	33.0	32.0
237.0	148.0	32.0	31.0
236.0	148.0	33.0	32.0
238.0	148.0	31.0	32.0
237.0	150.0	32.0	30.0
236.0	150.0	33.0	32.0
236.0	151.0	33.0	34.0
237.0	154.0	30.0	31.0
236.0	153.0	32.0	33.0
237.0	154.0	30.0	32.0
236.0	154.0	33.0	32.0
237.0	154.0	32.0	32.0
238.0	153.0	31.0	32.0
238.0	151.0	33.0	32.0
238.0	151.0	33.0	31.0
240.0	149.0	31.0	30.0
244.0	148.0	30.0	31.0
243.0	148.0	31.0	30.0
243.0	148.0	31.0	30.0
247.0	147.0	28.0	30.0
246.0	146.0	29.0	31.0
245.0	146.0	31.0	32.0
250.0	146.0	27.0	30.0
247.0	146.0	29.0	31.0
251.0	145.0	27.0	31.0
248.0	144.0	29.0	32.0
249.0	144.0	28.0	32.0
245.0	142.0	32.0	33.0
243.0	142.0	34.0	34.0
242.0	142.0	36.0	34.0
242.0	142.0	34.0	32.0
241.0	140.0	31.0	32.0
243.0	139.0	32.0	32.0
243.0	136.0	32.0	33.0
245.0	134.0	30.0	33.0
245.0	131.0	31.0	33.0
243.0	130.0	33.0	31.0
240.0	129.0	35.0	32.0
239.0	128.0	35.0	33.0
240.0	127.0	36.0	33.0
239.0	127.0	34.0	32.0
239.0	126.0	34.0	32.0
238.0	125.0	34.0	32.0
241.0	121.0	33.0	34.0
242.0	121.0	32.0	32.0
243.0	120.0	31.0	33.0
241.0	120.0	33.0	34.0
242.0	121.0	32.0	35.0
243.0	121.0	31.0	35.0
242.0	120.0	32.0	37.0
243.0	120.0	31.0	36.0
242.0	120.0	32.0	37.0
244.0	120.0	31.0	35.0
242.0	118.0	34.0	36.0
244.0	119.0	32.0	34.0
246.0	119.0	30.0	34.0
250.0	121.0	26.0	32.0
247.0	122.0	29.0	30.0
242.0	123.0	35.0	33.0
241.0	125.0	35.0	33.0
240.0	126.0	36.0	33.0
239.0	127.0	36.0	34.0
237.0	128.0	36.0	34.0
237.0	129.0	35.0	33.0
239.0	128.0	33.0	33.0
240.0	127.0	33.0	34.0
242.0	128.0	33.0	32.0
243.0	129.0	32.0	31.0
243.0	130.0	32.0	31.0
243.0	131.0	32.0	31.0
244.0	131.0	32.0	32.0
244.0	132.0	32.0	31.0
243.0	132.0	33.0	32.0
243.0	131.0	33.0	33.0
243.0	131.0	33.0	34.0
242.0	129.0	34.0	36.0
242.0	128.0	33.0	37.0
243.0	127.0	32.0	36.0
242.0	125.0	34.0	38.0
242.0	126.0	34.0	35.0
243.0	126.0	34.0	35.0
244.0	125.0	34.0	35.0
245.0	125.0	35.0	35.0
244.0	124.0	35.0	35.0
245.0	124.0	36.0	34.0
247.0	123.0	35.0	34.0
249.0	124.0	34.0	31.0
251.0	123.0	32.0	31.0
251.0	123.0	34.0	32.0
251.0	123.0	34.0	31.0
252.0	123.0	33.0	31.0
252.0	122.0	33.0	32.0
251.0	122.0	34.0	31.0
251.0	121.0	33.0	31.0
249.0	119.0	34.0	33.0
248.0	118.0	34.0	34.0
248.0	120.0	34.0	33.0
248.0	120.0	34.0	34.0
249.0	123.0	32.0	31.0
248.0	123.0	32.0	32.0
248.0	123.0	32.0	32.0
247.0	123.0	33.0	32.0
246.0	124.0	33.0	31.0
246.0	123.0	33.0	32.0
246.0	123.0	33.0	32.0
247.0	123.0	33.0	31.0
246.0	122.0	33.0	31.0
246.0	121.0	34.0	32.0
247.0	121.0	34.0	33.0
246.0	119.0	35.0	33.0
246.0	119.0	34.0	33.0
245.0	120.0	36.0	33.0
246.0	120.0	36.0	33.0
248.0	121.0	33.0	31.0
246.0	121.0	36.0	33.0
245.0	123.0	35.0	33.0
245.0	125.0	35.0	33.0
244.0	126.0	35.0	33.0
243.0	127.0	35.0	32.0
244.0	129.0	33.0	32.0
244.0	129.0	32.0	32.0
244.0	129.0	34.0	33.0
244.0	129.0	36.0	34.0
245.0	129.0	36.0	34.0
244.0	129.0	37.0	34.0
244.0	128.0	37.0	34.0
245.0	128.0	36.0	33.0
245.0	128.0	36.0	33.0
244.0	127.0	35.0	33.0
243.0	127.0	35.0	33.0
243.0	126.0	35.0	33.0
242.0	125.0	36.0	34.0
241.0	125.0	35.0	33.0
241.0	125.0	36.0	34.0
241.0	123.0	35.0	34.0
241.0	122.0	34.0	33.0
241.0	119.0	35.0	34.0
241.0	120.0	34.0	33.0
241.0	120.0	34.0	33.0
242.0	119.0	33.0	34.0
242.0	119.0	34.0	34.0
241.0	119.0	35.0	33.0
242.0	119.0	35.0	33.0
242.0	118.0	35.0	34.0
241.0	118.0	36.0	34.0
241.0	117.0	37.0	35.0
241.0	117.0	36.0	35.0
241.0	117.0	36.0	35.0
242.0	118.0	36.0	35.0
243.0	118.0	35.0	35.0
242.0	118.0	36.0	35.0
242.0	117.0	35.0	37.0
242.0	116.0	35.0	37.0
243.0	118.0	35.0	36.0
242.0	118.0	35.0	35.0
241.0	115.0	36.0	37.0
242.0	116.0	35.0	35.0
241.0	114.0	35.0	37.0
242.0	114.0	34.0	35.0
242.0	111.0	33.0	37.0
242.0	111.0	32.0	36.0
242.0	110.0	33.0	38.0
242.0	110.0	33.0	38.0
242.0	109.0	33.0	40.0
239.510498046875	107.77104187011719	34.302066802978516	42.725032806396484
243.0	108.0	26.0	24.0
244.0	108.0	27.0	25.0
246.0	108.0	29.0	27.0
246.0	108.0	32.0	30.0
245.0	109.0	33.0	30.0
246.0	109.0	33.0	31.0
245.0	108.0	35.0	32.0
246.0	107.0	34.0	32.0
244.0	106.0	36.0	33.0
245.0	103.0	35.0	35.0
245.0	104.0	34.0	33.0
245.0	104.0	33.0	32.0
245.0	102.0	32.0	32.0
245.0	101.0	34.0	32.0
244.0	100.0	37.0	34.0
245.0	100.0	38.0	34.0
246.0	101.0	37.0	33.0
246.0	100.0	38.0	34.0
247.0	100.0	37.0	33.0
247.0	99.0	38.0	34.0
248.0	100.0	37.0	33.0
247.0	100.0	37.0	33.0
247.0	99.0	38.0	33.0
248.0	99.0	37.0	32.0
248.0	98.0	37.0	32.0
249.0	96.0	37.0	33.0
249.0	95.0	37.0	33.0
248.0	94.0	38.0	33.0
249.0	93.0	37.0	34.0
249.0	92.0	37.0	35.0
250.0	92.0	36.0	36.0
250.0	93.0	35.0	34.0
250.0	93.0	36.0	36.0
250.0	93.0	37.0	37.0
249.0	92.0	38.0	38.0
250.0	92.0	37.0	40.0
248.0	93.0	35.0	39.0
249.0	93.0	36.0	40.0
249.0	93.0	37.0	41.0
249.0	93.0	33.0	40.0
250.0	93.0	35.0	36.0
251.0	94.0	36.0	39.0
251.0	95.0	36.0	36.0
253.0	97.0	34.0	31.0
248.0	99.0	39.0	33.0
248.0	99.0	40.0	34.0
250.0	101.0	38.0	32.0
250.0	101.0	38.0	33.0
251.0	100.0	38.0	34.0
250.0	100.0	38.0	33.0
252.0	99.0	36.0	34.0
252.0	100.0	35.0	33.0
252.0	101.0	35.0	32.0
251.0	101.0	37.0	33.0
250.0	101.0	38.0	34.0
251.0	101.0	37.0	35.0
250.0	101.0	39.0	36.0
250.0	102.0	38.0	34.0
250.0	102.0	37.0	34.0
250.0	102.0	37.0	34.0
249.0	101.0	37.0	35.0
249.0	101.0	37.0	34.0
250.0	100.0	36.0	33.0
251.0	100.0	35.0	32.0
251.0	99.0	35.0	33.0
253.0	98.0	34.0	35.0
253.0	98.0	35.0	34.0
253.0	98.0	34.0	34.0
253.0	97.0	35.0	34.0
253.0	96.0	35.0	35.0
253.0	94.0	36.0	37.0
253.0	94.0	36.0	36.0
253.0	93.0	36.0	37.0
254.0	92.0	33.0	39.0
254.0	91.0	33.0	38.0
254.0	90.0	37.0	39.0
253.0	90.0	37.0	40.0
253.0	89.0	39.0	41.0
254.0	89.0	37.0	40.0
254.0	88.0	37.0	38.0
256.0	88.0	35.0	35.0
255.0	89.0	37.0	35.0
257.0	88.0	35.0	36.0
258.0	88.0	33.0	32.0
258.0	88.0	35.0	34.0
255.0	89.0	38.0	36.0
256.0	91.0	37.0	33.0
258.0	91.0	36.0	34.0
258.0	92.0	36.0	34.0
256.0	93.0	38.0	35.0
256.0	94.0	38.0	36.0
256.0	93.0	39.0	35.0
256.0	93.0	39.0	34.0
257.0	92.0	39.0	35.0
258.0	91.0	38.0	34.0
257.0	90.0	37.0	35.0
257.0	90.0	36.0	34.0
257.0	90.0	34.0	34.0
257.0	91.0	35.0	35.0
255.0	93.0	37.0	34.0
254.0	94.0	37.0	34.0
254.0	96.0	34.0	34.0
251.0	97.0	36.0	33.0
250.0	100.0	35.0	32.0
249.0	102.0	36.0	33.0
249.0	106.0	34.0	34.0
249.0	109.0	34.0	34.0
246.0	112.0	36.0	36.0
245.0	114.0	35.0	36.0
244.0	117.0	36.0	38.0
241.0	119.0	38.0	38.0
241.0	121.0	35.0	40.0
240.0	123.0	35.0	39.0
239.0	124.0	35.0	40.0
238.0	124.0	36.0	41.0
240.0	123.0	36.0	41.0
239.0	123.0	35.0	34.0
238.0	122.0	38.0	34.0
238.0	124.0	38.0	35.0
238.0	123.0	37.0	34.0
237.0	122.0	38.0	35.0
237.0	123.0	38.0	35.0
239.0	125.0	36.0	33.0
239.0	126.0	36.0	33.0
238.0	124.0	38.0	36.0
239.0	126.0	35.0	33.0
238.0	126.0	36.0	34.0
239.0	126.0	35.0	33.0
239.0	128.0	33.0	30.0
239.0	127.0	34.0	31.0
241.0	126.0	33.0	31.0
239.0	124.0	36.0	33.0
241.0	123.0	34.0	33.0
240.0	122.0	35.0	33.0
240.0	123.0	35.0	32.0
240.0	123.0	34.0	32.0
239.0	123.0	34.0	32.0
240.0	123.0	35.0	33.0
241.0	124.0	34.0	33.0
240.0	124.0	36.0	33.0
240.0	124.0	37.0	33.0
240.0	123.0	37.0	32.0
241.0	122.0	36.0	32.0
241.0	121.0	37.0	32.0
241.0	120.0	37.0	32.0
240.0	120.0	37.0	32.0
241.0	120.0	36.0	32.0
241.0	120.0	35.0	32.0
240.0	119.0	32.0	31.0
240.0	119.0	35.0	31.0
239.0	118.0	32.0	31.0
240.0	118.0	31.0	31.0
240.0	119.0	31.0	30.0
240.0	118.0	31.0	31.0
240.0	121.0	30.0	30.0
240.0	122.0	30.0	29.0
240.0	123.0	28.0	29.0
240.0	124.0	29.0	29.0
239.0	124.0	29.0	29.0
239.0	126.0	32.0	31.0
240.0	128.0	33.0	32.0
241.0	126.0	33.0	33.0
240.0	130.0	32.0	31.0
240.0	129.0	31.0	32.0
239.0	130.0	32.0	32.0
238.0	132.0	33.0	32.0
239.0	132.0	32.0	32.0
239.0	133.0	33.0	32.0
239.0	134.0	32.0	31.0
239.0	134.0	33.0	31.0
239.0	134.0	33.0	32.0
240.0	136.0	35.0	32.0
239.0	136.0	36.0	33.0
239.0	137.0	36.0	33.0
240.0	139.0	36.0	33.0
239.0	140.0	35.0	33.0
240.0	143.0	35.0	33.0
239.0	145.0	35.0	32.0
240.0	146.0	34.0	32.0
239.0	147.0	36.0	33.0
239.0	150.0	37.0	32.0
239.0	152.0	36.0	33.0
239.0	154.0	34.0	31.0
239.0	156.0	33.0	31.0
238.0	158.0	32.0	31.0
237.0	159.0	32.0	31.0
237.0	159.0	34.0	32.0
238.0	160.0	33.0	31.0
239.0	160.0	37.0	32.0
240.0	161.0	37.0	33.0
240.0	162.0	38.0	33.0
240.0	162.0	36.0	34.0
242.0	164.0	34.0	32.0
241.0	165.0	37.0	35.0
241.0	166.0	33.0	32.0
241.0	167.0	37.0	32.0
242.0	166.0	41.0	34.0
243.0	167.0	40.0	33.0
244.0	166.0	39.0	34.0
245.0	166.0	39.0	33.0
245.0	166.0	37.0	33.0
246.0	166.0	37.0	34.0
248.0	165.0	35.0	34.0
248.0	165.0	34.0	34.0
249.0	166.0	33.0	33.0
249.0	166.0	33.0	33.0
249.0	166.0	34.0	34.0
250.0	167.0	33.0	33.0
250.0	167.0	33.0	33.0
251.0	167.0	34.0	34.0
252.0	167.0	34.0	33.0
252.0	167.0	36.0	35.0
252.0	168.0	34.0	32.0
251.0	168.0	36.0	33.0
253.0	169.0	34.0	33.0
253.0	169.0	34.0	33.0
254.0	171.0	34.0	32.0
256.0	171.0	34.0	32.0
256.0	170.0	36.0	33.0
257.0	169.0	37.0	32.0
257.0	168.0	36.0	32.0
257.0	168.0	35.0	31.0
257.0	167.0	36.0	32.0
257.0	165.0	36.0	33.0
258.0	165.0	34.0	32.0
259.0	163.0	36.0	32.0
258.0	163.0	36.0	32.0
260.0	161.0	34.0	31.0
261.0	160.0	36.0	32.0
264.0	161.0	33.0	32.0
265.0	160.0	32.0	31.0
266.0	158.0	35.0	32.0
266.0	158.0	33.0	32.0
268.0	158.0	33.0	32.0
267.0	158.0	38.0	34.0
269.0	158.0	37.0	33.0
270.0	160.0	37.0	32.0
271.0	161.0	37.0	33.0
271.0	163.0	37.0	33.0
272.0	165.0	36.0	33.0
271.0	166.0	37.0	34.0
272.0	167.0	37.0	33.0
272.0	167.0	37.0	34.0
272.0	169.0	36.0	32.0
272.0	169.0	35.0	32.0
273.0	169.0	33.0	31.0
275.0	169.0	33.0	31.0
274.0	169.0	34.0	31.0
275.0	167.0	34.0	32.0
274.0	166.0	35.0	33.0
274.0	166.0	35.0	35.0
273.0	167.0	36.0	33.0
273.0	166.0	36.0	34.0
272.0	166.0	36.0	33.0
272.0	167.0	36.0	32.0
272.0	167.0	36.0	32.0
273.0	168.0	35.0	32.0
272.0	168.0	35.0	32.0
272.0	170.0	36.0	31.0
273.0	169.0	35.0	32.0
271.0	170.0	37.0	33.0
271.0	171.0	37.0	32.0
269.0	171.0	39.0	34.0
270.0	172.0	38.0	33.0
269.0	172.0	39.0	34.0
270.0	171.0	38.0	32.0
270.0	170.0	34.0	31.0
269.0	169.0	39.0	33.0
270.0	168.0	38.0	33.0
270.0	168.0	39.0	34.0
271.0	168.0	38.0	34.0
271.0	167.0	38.0	34.0
272.0	167.0	37.0	33.0
272.0	167.0	37.0	33.0
273.0	167.0	35.0	32.0
274.0	166.0	32.0	32.0
274.0	165.0	32.0	32.0
276.0	166.0	31.0	31.0
275.0	166.0	33.0	31.0
275.0	166.0	34.0	31.0
275.0	165.0	36.0	33.0
276.0	166.0	33.0	33.0
275.0	165.0	35.0	32.0
275.0	165.0	34.0	31.0
275.0	165.0	35.0	31.0
276.0	165.0	33.0	30.0
274.0	164.0	35.0	32.0
275.0	163.0	35.0	32.0
276.0	162.0	37.0	34.0
276.0	163.0	34.0	32.0
276.0	163.0	35.0	33.0
276.0	163.0	36.0	34.0
276.0	162.0	35.0	34.0
278.0	164.0	34.0	31.0
278.0	163.0	36.0	34.0
279.0	163.0	36.0	35.0
278.0	165.0	33.0	32.0
278.0	166.0	33.0	32.0
280.0	166.0	32.0	32.0
278.0	165.0	37.0	34.0
280.0	167.0	31.0	31.0
278.0	165.0	37.0	34.0
278.0	165.0	36.0	34.0
279.0	165.0	35.0	33.0
278.0	165.0	34.0	33.0
278.0	166.0	34.0	32.0
279.0	165.0	34.0	33.0
279.0	166.0	33.0	32.0
279.0	167.0	33.0	31.0
278.0	166.0	34.0	33.0
277.0	167.0	35.0	32.0
278.0	167.0	33.0	32.0
277.0	167.0	34.0	32.0
278.0	166.0	33.0	32.0
277.0	167.0	33.0	32.0
276.0	166.0	34.0	34.0
277.0	169.0	33.0	34.0
275.0	167.0	35.0	34.0
275.0	168.0	36.0	34.0
276.0	169.0	32.0	32.0
276.0	170.0	32.0	31.0
276.0	171.0	32.0	30.0
276.0	170.0	33.0	32.0
277.0	171.0	32.0	32.0
276.0	170.0	33.0	31.0
276.0	169.0	32.0	32.0
275.0	169.0	33.0	32.0
275.0	170.0	33.0	32.0
275.0	170.0	34.0	33.0
275.0	170.0	32.0	32.0
275.0	170.0	32.0	31.0
274.0	170.0	32.0	31.0
274.0	170.0	32.0	30.0
274.0	169.0	33.0	31.0
273.0	169.0	34.0	31.0
273.0	168.0	35.0	32.0
272.0	167.0	34.0	32.0
273.0	165.0	33.0	33.0
273.0	165.0	32.0	31.0
273.0	164.0	33.0	31.0
273.0	163.0	35.0	31.0
274.0	163.0	34.0	31.0
274.0	163.0	34.0	31.0
274.0	163.0	34.0	32.0
274.0	163.0	35.0	31.0
274.0	164.0	35.0	32.0
275.0	165.0	32.0	30.0
275.0	162.0	35.0	33.0
277.0	163.0	32.0	31.0
277.0	161.0	34.0	32.0
276.0	161.0	36.0	32.0
277.0	162.0	33.0	31.0
276.0	162.0	37.0	33.0
276.0	161.0	36.0	33.0
276.0	162.0	37.0	33.0
277.0	162.0	37.0	33.0
277.0	162.0	36.0	33.0
278.0	162.0	35.0	32.0
279.0	160.0	34.0	32.0
280.0	160.0	33.0	32.0
280.0	160.0	32.0	32.0
280.0	159.0	34.0	34.0
280.0	162.0	35.0	32.0
281.0	163.0	34.0	32.0
282.0	164.0	33.0	32.0
282.0	164.0	34.0	33.0
282.0	165.0	34.0	32.0
283.0	166.0	33.0	32.0
283.0	166.0	34.0	31.0
284.0	166.0	33.0	31.0
283.0	166.0	36.0	33.0
284.0	166.0	33.0	31.0
283.0	166.0	34.0	33.0
282.0	167.0	35.0	32.0
282.0	167.0	36.0	33.0
283.0	169.0	34.0	31.0
282.0	169.0	35.0	32.0
281.0	170.0	36.0	32.0
281.0	169.0	36.0	32.0
281.0	170.0	36.0	32.0
281.0	170.0	37.0	33.0
282.0	171.0	37.0	33.0
279.0	172.0	40.0	33.0
282.0	172.0	38.0	34.0
281.0	173.0	38.0	33.0
282.0	175.0	37.0	32.0
281.0	176.0	38.0	33.0
282.0	177.0	38.0	32.0
282.0	177.0	38.0	32.0
283.0	176.0	38.0	32.0
283.0	176.0	38.0	32.0
283.0	176.0	39.0	33.0
283.0	176.0	40.0	33.0
284.0	176.0	40.0	32.0
282.0	175.0	41.0	33.0
285.0	174.0	39.0	33.0
285.0	173.0	39.0	33.0
285.0	173.0	39.0	33.0
286.0	172.0	38.0	34.0
285.0	173.0	39.0	33.0
285.0	173.0	39.0	33.0
285.0	173.0	39.0	34.0
285.0	173.0	39.0	33.0
289.0	172.0	35.0	32.0
295.0	172.0	30.0	30.0
288.0	172.0	36.0	31.0
288.0	171.0	36.0	32.0
290.0	170.0	35.0	31.0
286.0	169.0	38.0	33.0
287.0	168.0	37.0	33.0
288.0	167.0	36.0	33.0
289.0	166.0	36.0	33.0
286.0	166.0	38.0	33.0
289.0	165.0	35.0	32.0
287.0	164.0	37.0	33.0
287.0	164.0	37.0	32.0
286.0	164.0	38.0	32.0
288.0	164.0	36.0	32.0
288.0	163.0	36.0	33.0
288.0	163.0	36.0	32.0
289.0	164.0	35.0	32.0
288.0	164.0	37.0	32.0
288.0	164.0	37.0	33.0
292.0	164.0	33.0	31.0
290.0	165.0	35.0	31.0
293.0	164.0	33.0	31.0
294.0	165.0	31.0	30.0
293.0	164.0	33.0	31.0
292.0	164.0	34.0	30.0
292.0	164.0	34.0	30.0
293.0	163.0	33.0	30.0
291.0	162.0	35.0	30.0
295.0	161.0	32.0	31.0
295.0	160.0	33.0	31.0
295.0	159.0	34.0	31.0
294.0	159.0	35.0	32.0
294.0	158.0	34.0	32.0
292.0	159.0	36.0	32.0
290.0	159.0	38.0	32.0
290.0	159.0	37.0	32.0
289.0	159.0	37.0	33.0
290.0	159.0	36.0	33.0
290.0	159.0	38.0	33.0
290.0	158.0	39.0	34.0
290.0	158.0	38.0	34.0
290.0	159.0	38.0	33.0
286.0	160.0	40.0	33.0
286.0	159.0	40.0	34.0
290.0	158.0	38.0	33.0
288.0	158.0	38.0	33.0
289.0	158.0	38.0	32.0
290.0	158.0	37.0	32.0
289.0	158.0	39.0	33.0
290.0	158.0	37.0	33.0
291.0	160.0	36.0	32.0
292.0	160.0	35.0	32.0
293.0	160.0	34.0	32.0
293.0	160.0	34.0	32.0
291.0	160.0	36.0	33.0
293.0	160.0	34.0	32.0
292.0	160.0	35.0	32.0
292.0	160.0	35.0	32.0
293.0	160.0	34.0	31.0
293.0	159.0	34.0	32.0
293.0	160.0	35.0	31.0
293.0	160.0	34.0	31.0
293.0	160.0	35.0	32.0
294.0	161.0	35.0	31.0
295.0	163.0	32.0	31.0
292.0	164.0	36.0	32.0
292.0	164.0	36.0	32.0
296.0	163.0	33.0	31.0
298.0	163.0	31.0	31.0
297.0	165.0	30.0	30.0
300.0	166.0	27.0	27.0
299.0	166.0	28.0	29.0
294.0	167.0	33.0	32.0
297.0	168.0	30.0	29.0
298.0	168.0	29.0	28.0
298.0	168.0	30.0	30.0
294.0	168.0	33.0	32.0
295.0	169.0	33.0	31.0
296.0	171.0	31.0	29.0
294.0	172.0	34.0	29.0
293.0	172.0	36.0	32.0
291.0	175.0	37.0	33.0
291.0	176.0	37.0	32.0
291.0	177.0	39.0	33.0
291.0	177.0	38.0	32.0
293.0	176.0	38.0	35.0
294.0	177.0	37.0	36.0
293.0	177.0	37.0	38.0
293.0	178.0	37.0	36.0
293.0	178.0	37.0	36.0
294.0	178.0	34.0	33.0
291.0	179.0	35.0	33.0
291.0	178.0	35.0	33.0
290.0	179.0	35.0	33.0
291.0	180.0	34.0	34.0
291.0	178.0	35.0	34.0
292.0	178.0	34.0	34.0
299.0	177.0	30.0	31.0
295.0	178.0	34.0	33.0
296.0	176.0	33.0	33.0
294.0	175.0	35.0	34.0
300.0	176.0	29.0	31.0
295.0	177.0	34.0	33.0
298.0	178.0	32.0	32.0
297.0	179.0	33.0	32.0
297.0	179.0	33.0	32.0
298.0	180.0	32.0	33.0
297.0	181.0	33.0	31.0
293.0	180.0	37.0	32.0
293.0	181.0	37.0	31.0
293.0	181.0	37.0	32.0
292.0	181.0	38.0	33.0
292.0	181.0	38.0	33.0
291.0	181.0	39.0	34.0
291.0	181.0	39.0	34.0
292.0	182.0	39.0	34.0
293.0	182.0	38.0	36.0
294.0	185.0	37.0	36.0
294.0	185.0	37.0	36.0
294.0	185.0	36.0	37.0
293.0	186.0	37.0	37.0
293.0	186.0	36.0	37.0
292.0	187.0	36.0	35.0
292.0	187.0	35.0	36.0
291.0	186.0	34.0	35.0
291.0	184.0	35.0	34.0
290.0	184.0	35.0	34.0
291.0	184.0	34.0	33.0
291.0	184.0	33.0	33.0
291.0	184.0	34.0	34.0
291.0	182.0	35.0	34.0
295.0	182.0	32.0	31.0
290.0	182.0	36.0	32.0
290.0	181.0	36.0	33.0
289.0	181.0	37.0	33.0
